ECG
0.082
0.111
0.135
0.153
0.171
0.183
0.191
0.198
0.204
0.211
0.218
0.225
0.233
0.244
0.255
0.265
0.274
0.277
0.279
0.28
0.282
0.284
0.286
0.286
0.287
0.288
0.289
0.29
0.291
0.292
0.292
0.293
0.294
0.295
0.295
0.295
0.296
0.298
0.299
0.3
0.301
0.302
0.302
0.303
0.304
0.305
0.306
0.305
0.303
0.301
0.299
0.297
0.295
0.292
0.29
0.287
0.284
0.279
0.268
0.256
0.247
0.237
0.225
0.212
0.197
0.182
0.168
0.157
0.147
0.136
0.126
0.118
0.112
0.107
0.102
0.098
0.093
0.089
0.084
0.079
0.074
0.068
0.062
0.056
0.05
0.044
0.037
0.031
0.025
0.02
0.016
0.012
0.009
0.008
0.01
0.015
0.022
0.031
0.039
0.049
0.061
0.073
0.08
0.085
0.089
0.093
0.097
0.101
0.104
0.104
0.103
0.098
0.093
0.087
0.082
0.078
0.075
0.07
0.066
0.063
0.06
0.058
0.056
0.054
0.052
0.05
0.049
0.05
0.051
0.052
0.054
0.055
0.055
0.055
0.054
0.053
0.051
0.049
0.047
0.045
0.042
0.039
0.037
0.035
0.034
0.033
0.033
0.033
0.031
0.029
0.027
0.024
0.021
0.019
0.017
0.016
0.015
0.014
0.014
0.013
0.012
0.01
0.004
0.007
0.029
0.092
0.178
0.277
0.38
0.475
0.555
0.618
0.639
0.63
0.603
0.514
0.401
0.284
0.179
0.097
0.037
0.005
-0.015
-0.031
-0.031
-0.013
0.001
0.014
0.022
0.022
0.015
0.007
0.003
0.0
-0.002
-0.005
-0.007
-0.009
-0.012
-0.014
-0.015
-0.016
-0.015
-0.012
-0.009
-0.006
-0.002
0.001
0.005
0.01
0.016
0.031
0.038
0.041
0.043
0.046
0.047
0.048
0.049
0.05
0.051
0.053
0.055
0.057
0.057
0.059
0.061
0.064
0.068
0.072
0.076
0.079
0.083
0.087
0.09
0.093
0.095
0.095
0.096
0.097
0.097
0.098
0.098
0.101
0.105
0.109
0.109
0.104
0.096
0.09
0.085
0.081
0.076
0.069
0.061
0.053
0.043
0.033
0.018
0.006
-0.003
-0.009
-0.012
-0.015
-0.017
-0.02
-0.024
-0.027
-0.031
-0.035
-0.038
-0.042
-0.046
-0.049
-0.053
-0.058
-0.064
-0.071
-0.079
-0.086
-0.091
-0.095
-0.099
-0.102
-0.105
-0.107
-0.109
-0.11
-0.111
-0.114
-0.116
-0.119
-0.122
-0.123
-0.124
-0.125
-0.126
-0.127
-0.129
-0.132
-0.138
-0.144
-0.145
-0.144
-0.142
-0.141
-0.139
-0.137
-0.135
-0.135
-0.137
-0.139
-0.142
-0.144
-0.148
-0.151
-0.155
-0.157
-0.158
-0.158
-0.158
-0.157
-0.156
-0.154
-0.151
-0.148
-0.147
-0.149
-0.154
-0.159
-0.163
-0.166
-0.17
-0.173
-0.176
-0.178
-0.179
-0.176
-0.172
-0.167
-0.16
-0.153
-0.145
-0.134
-0.124
-0.115
-0.107
-0.102
-0.098
-0.094
-0.091
-0.09
-0.089
-0.089
-0.091
-0.093
-0.097
-0.101
-0.106
-0.111
-0.115
-0.119
-0.123
-0.127
-0.131
-0.134
-0.137
-0.14
-0.141
-0.141
-0.14
-0.138
-0.136
-0.135
-0.134
-0.134
-0.133
-0.133
-0.132
-0.132
-0.132
-0.131
-0.13
-0.129
-0.128
-0.129
-0.131
-0.134
-0.137
-0.14
-0.143
-0.146
-0.149
-0.152
-0.153
-0.153
-0.153
-0.152
-0.151
-0.15
-0.15
-0.149
-0.148
-0.146
-0.146
-0.145
-0.145
-0.146
-0.148
-0.149
-0.151
-0.152
-0.155
-0.158
-0.16
-0.162
-0.163
-0.161
-0.155
-0.148
-0.14
-0.132
-0.124
-0.114
-0.105
-0.097
-0.089
-0.081
-0.071
-0.058
-0.049
-0.043
-0.04
-0.037
-0.033
-0.029
-0.027
-0.03
-0.038
-0.048
-0.062
-0.081
-0.089
-0.095
-0.101
-0.104
-0.1
-0.087
-0.053
0.007
0.089
0.191
0.308
0.421
0.515
0.585
0.611
0.619
0.593
0.516
0.409
0.297
0.189
0.087
0.0
-0.067
-0.091
-0.098
-0.103
-0.108
-0.111
-0.113
-0.114
-0.115
-0.115
-0.114
-0.113
-0.11
-0.107
-0.104
-0.101
-0.1
-0.099
-0.098
-0.097
-0.096
-0.096
-0.096
-0.095
-0.092
-0.09
-0.088
-0.086
-0.084
-0.083
-0.082
-0.081
-0.08
-0.078
-0.077
-0.074
-0.071
-0.063
-0.047
-0.029
-0.01
0.007
0.018
0.024
0.028
0.032
0.035
0.038
0.041
0.045
0.051
0.057
0.063
0.07
0.076
0.082
0.088
0.092
0.093
0.094
0.095
0.096
0.097
0.098
0.099
0.1
0.101
0.104
0.109
0.114
0.118
0.122
0.126
0.128
0.129
0.126
0.121
0.114
0.108
0.103
0.098
0.093
0.089
0.084
0.079
0.074
0.071
0.067
0.064
0.06
0.056
0.047
0.032
0.027
0.024
0.023
0.021
0.02
0.018
0.016
0.015
0.013
0.01
0.007
0.004
0.001
0.0
-0.004
-0.007
-0.011
-0.015
-0.019
-0.023
-0.027
-0.031
-0.034
-0.037
-0.04
-0.042
-0.045
-0.051
-0.061
-0.067
-0.058
-0.042
-0.03
-0.018
-0.008
0.0
0.006
0.012
0.018
0.023
0.027
0.03
0.032
0.032
0.032
0.028
0.024
0.018
0.013
0.008
0.003
-0.002
-0.007
-0.012
-0.018
-0.023
-0.029
-0.034
-0.038
-0.043
-0.047
-0.051
-0.056
-0.064
-0.072
-0.075
-0.072
-0.063
-0.048
-0.002
0.064
0.149
0.25
0.366
0.489
0.608
0.708
0.758
0.754
0.681
0.52
0.316
0.112
-0.051
-0.136
-0.163
-0.143
-0.127
-0.117
-0.11
-0.106
-0.105
-0.105
-0.105
-0.106
-0.105
-0.104
-0.103
-0.102
-0.102
-0.103
-0.105
-0.108
-0.11
-0.113
-0.119
-0.118
-0.105
-0.094
-0.085
-0.076
-0.064
-0.051
-0.042
-0.033
-0.025
-0.018
-0.011
-0.005
0.0
0.005
0.009
0.013
0.016
0.018
0.019
0.021
0.023
0.027
0.031
0.035
0.039
0.042
0.046
0.049
0.052
0.055
0.058
0.062
0.065
0.069
0.073
0.077
0.08
0.082
0.083
0.082
0.08
0.076
0.072
0.067
0.062
0.057
0.052
0.046
0.039
0.032
0.026
0.021
0.017
0.015
0.012
0.007
0.002
-0.002
-0.009
-0.016
-0.025
-0.033
-0.043
-0.052
-0.059
-0.066
-0.071
-0.075
-0.079
-0.082
-0.085
-0.087
-0.09
-0.093
-0.097
-0.1
-0.102
-0.103
-0.105
-0.109
-0.113
-0.116
-0.116
-0.109
-0.098
-0.087
-0.078
-0.067
-0.057
-0.049
-0.044
-0.04
-0.036
-0.032
-0.028
-0.024
-0.02
-0.015
-0.01
-0.005
-0.001
0.002
0.006
0.012
0.016
0.017
0.015
0.011
0.006
0.002
-0.001
-0.002
-0.004
-0.006
-0.008
-0.009
-0.01
-0.01
-0.01
-0.011
-0.013
-0.014
-0.015
-0.015
-0.015
-0.015
-0.015
-0.015
-0.014
-0.013
-0.011
-0.01
-0.009
-0.01
-0.011
-0.012
-0.013
-0.015
-0.017
-0.02
-0.023
-0.026
-0.028
-0.03
-0.032
-0.036
-0.044
-0.053
-0.058
-0.056
-0.05
-0.041
-0.011
0.049
0.133
0.238
0.356
0.479
0.593
0.678
0.707
0.694
0.654
0.54
0.38
0.201
0.034
-0.096
-0.167
-0.19
-0.174
-0.148
-0.117
-0.084
-0.051
-0.026
-0.009
-0.007
-0.008
-0.008
-0.009
-0.008
-0.008
-0.008
-0.009
-0.01
-0.011
-0.012
-0.013
-0.014
-0.016
-0.017
-0.019
-0.021
-0.022
-0.023
-0.023
-0.024
-0.025
-0.026
-0.027
-0.024
-0.018
-0.01
-0.003
0.0
0.003
0.007
0.011
0.016
0.022
0.026
0.03
0.032
0.035
0.038
0.042
0.046
0.049
0.051
0.055
0.059
0.064
0.068
0.072
0.074
0.075
0.075
0.077
0.078
0.079
0.079
0.079
0.079
0.079
0.079
0.079
0.079
0.077
0.073
0.068
0.062
0.056
0.048
0.035
0.022
0.011
0.005
0.001
-0.001
-0.004
-0.005
-0.007
-0.007
-0.008
-0.007
-0.007
-0.007
-0.006
-0.005
-0.003
-0.001
0.0
0.002
0.004
0.007
0.009
0.003
-0.01
-0.023
-0.038
-0.046
-0.051
-0.057
-0.063
-0.065
-0.06
-0.048
-0.038
-0.028
-0.023
-0.028
-0.038
-0.044
-0.049
-0.054
-0.059
-0.061
-0.06
-0.057
-0.053
-0.048
-0.038
-0.026
-0.02
-0.016
-0.024
-0.027
-0.029
-0.031
-0.033
-0.034
-0.034
-0.035
-0.036
-0.038
-0.039
-0.04
-0.04
-0.039
-0.038
-0.037
-0.037
-0.038
-0.038
-0.039
-0.039
-0.04
-0.041
-0.043
-0.044
-0.045
-0.045
-0.044
-0.043
-0.043
-0.042
-0.041
-0.041
-0.04
-0.04
-0.041
-0.041
-0.041
-0.04
-0.037
-0.032
-0.026
-0.02
-0.013
-0.005
0.003
0.013
0.02
0.026
0.032
0.035
0.037
0.038
0.038
0.038
0.038
0.038
0.04
0.041
0.035
0.022
0.01
-0.003
-0.011
-0.016
-0.02
-0.024
-0.026
-0.026
-0.019
-0.009
0.0
0.009
0.018
0.025
0.031
0.036
0.041
0.046
0.048
0.046
0.041
0.034
0.026
0.015
0.005
-0.002
-0.011
-0.021
-0.021
-0.007
0.003
0.011
0.018
0.025
0.03
0.035
0.038
0.041
0.044
0.046
0.049
0.05
0.049
0.046
0.041
0.035
0.029
0.022
0.012
0.004
0.002
0.002
0.003
0.005
0.007
0.008
0.01
0.013
0.017
0.02
0.024
0.028
0.033
0.039
0.046
0.059
0.077
0.085
0.091
0.094
0.096
0.097
0.096
0.094
0.091
0.088
0.083
0.076
0.064
0.051
0.038
0.025
0.014
0.003
-0.005
-0.006
0.003
0.031
0.068
0.12
0.195
0.29
0.394
0.504
0.616
0.722
0.809
0.855
0.85
0.779
0.621
0.422
0.223
0.053
-0.058
-0.091
-0.09
-0.049
-0.007
0.018
0.027
0.03
0.025
0.015
0.009
0.006
0.004
0.003
0.002
0.001
0.0
-0.001
-0.003
-0.005
-0.007
-0.008
-0.01
-0.011
-0.012
-0.013
-0.014
-0.016
-0.017
-0.02
-0.023
-0.026
-0.035
-0.039
-0.032
-0.02
-0.01
0.0
0.008
0.014
0.018
0.025
0.034
0.045
0.056
0.067
0.081
0.091
0.099
0.104
0.103
0.098
0.09
0.083
0.074
0.069
0.073
0.082
0.092
0.105
0.119
0.126
0.13
0.133
0.136
0.138
0.139
0.14
0.138
0.134
0.13
0.125
0.12
0.117
0.113
0.108
0.104
0.099
0.095
0.092
0.09
0.087
0.084
0.08
0.074
0.066
0.051
0.039
0.031
0.026
0.021
0.014
0.006
-0.003
-0.013
-0.024
-0.035
-0.046
-0.055
-0.062
-0.068
-0.074
-0.079
-0.085
-0.091
-0.096
-0.1
-0.104
-0.108
-0.111
-0.114
-0.117
-0.119
-0.121
-0.122
-0.124
-0.124
-0.124
-0.122
-0.12
-0.118
-0.115
-0.112
-0.108
-0.104
-0.099
-0.094
-0.087
-0.081
-0.075
-0.069
-0.064
-0.059
-0.055
-0.052
-0.049
-0.047
-0.044
-0.041
-0.038
-0.036
-0.036
-0.036
-0.036
-0.036
-0.038
-0.04
-0.044
-0.048
-0.053
-0.057
-0.062
-0.071
-0.089
-0.101
-0.112
-0.121
-0.12
-0.111
-0.086
-0.028
0.056
0.165
0.291
0.429
0.568
0.686
0.753
0.757
0.707
0.564
0.371
0.171
0.005
-0.098
-0.123
-0.131
-0.135
-0.137
-0.136
-0.129
-0.117
-0.105
-0.097
-0.087
-0.077
-0.069
-0.063
-0.063
-0.064
-0.067
-0.071
-0.074
-0.076
-0.079
-0.083
-0.087
-0.09
-0.092
-0.091
-0.088
-0.082
-0.074
-0.066
-0.057
-0.041
-0.028
-0.017
0.0
0.026
0.04
0.045
0.049
0.053
0.057
0.061
0.064
0.067
0.069
0.072
0.076
0.079
0.082
0.084
0.086
0.088
0.091
0.094
0.098
0.101
0.102
0.104
0.106
0.108
0.109
0.11
0.109
0.107
0.104
0.102
0.1
0.098
0.095
0.092
0.088
0.085
0.081
0.075
0.069
0.062
0.056
0.051
0.046
0.04
0.032
0.021
0.011
0.003
-0.004
-0.012
-0.02
-0.029
-0.044
-0.057
-0.059
-0.061
-0.063
-0.064
-0.065
-0.066
-0.068
-0.069
-0.071
-0.074
-0.076
-0.078
-0.081
-0.084
-0.089
-0.092
-0.093
-0.093
-0.091
-0.089
-0.086
-0.084
-0.08
-0.077
-0.072
-0.066
-0.058
-0.048
-0.035
-0.025
-0.014
0.0
0.008
0.011
0.014
0.017
0.019
0.021
0.021
0.021
0.021
0.02
0.019
0.018
0.016
0.013
0.011
0.009
0.008
0.005
0.001
-0.002
-0.005
-0.005
-0.002
0.001
0.005
0.008
0.013
0.017
0.02
0.02
0.017
0.011
0.004
-0.003
-0.015
-0.016
-0.009
-0.003
0.003
0.003
-0.001
-0.006
-0.009
-0.013
-0.019
-0.026
-0.032
-0.04
-0.044
-0.043
-0.037
-0.02
0.011
0.071
0.164
0.284
0.421
0.563
0.695
0.799
0.846
0.81
0.684
0.486
0.259
0.047
-0.099
-0.149
-0.165
-0.149
-0.132
-0.119
-0.109
-0.101
-0.075
-0.033
0.011
0.031
0.038
0.038
0.027
0.018
0.008
0.005
0.005
0.005
0.004
0.004
0.005
0.005
0.004
0.004
0.004
0.005
0.005
0.005
0.006
0.007
0.008
0.009
0.01
0.011
0.012
0.014
0.016
0.017
0.019
0.02
0.023
0.026
0.029
0.038
0.056
0.064
0.067
0.069
0.071
0.073
0.075
0.077
0.08
0.084
0.086
0.089
0.092
0.094
0.096
0.098
0.101
0.103
0.106
0.109
0.112
0.115
0.117
0.118
0.118
0.117
0.116
0.114
0.111
0.107
0.102
0.097
0.089
0.073
0.063
0.055
0.045
0.034
0.019
0.007
0.002
0.0
-0.003
-0.007
-0.011
-0.015
-0.018
-0.021
-0.025
-0.028
-0.029
-0.029
-0.029
-0.028
-0.027
-0.027
-0.027
-0.026
-0.026
-0.031
-0.034
-0.035
-0.037
-0.038
-0.038
-0.039
-0.04
-0.042
-0.044
-0.046
-0.048
-0.05
-0.052
-0.054
-0.057
-0.061
-0.065
-0.067
-0.067
-0.067
-0.068
-0.069
-0.071
-0.07
-0.062
-0.048
-0.037
-0.032
-0.029
-0.027
-0.027
-0.03
-0.037
-0.048
-0.064
-0.074
-0.08
-0.083
-0.08
-0.075
-0.072
-0.069
-0.065
-0.063
-0.062
-0.064
-0.067
-0.071
-0.074
-0.076
-0.078
-0.08
-0.083
-0.085
-0.087
-0.088
-0.088
-0.088
-0.088
-0.087
-0.085
-0.083
-0.08
-0.078
-0.076
-0.073
-0.069
-0.066
-0.062
-0.058
-0.054
-0.05
-0.046
-0.041
-0.034
-0.024
-0.009
0.011
0.045
0.096
0.172
0.27
0.383
0.501
0.611
0.7
0.737
0.73
0.652
0.499
0.314
0.123
-0.041
-0.149
-0.173
-0.172
-0.138
-0.1
-0.072
-0.06
-0.056
-0.053
-0.052
-0.05
-0.048
-0.046
-0.045
-0.043
-0.041
-0.039
-0.038
-0.036
-0.035
-0.034
-0.033
-0.031
-0.028
-0.025
-0.021
-0.012
-0.004
-0.001
-0.005
-0.013
-0.017
-0.02
-0.022
-0.023
-0.022
-0.019
-0.015
-0.01
-0.006
-0.003
0.001
0.007
0.012
0.017
0.02
0.024
0.027
0.03
0.034
0.039
0.043
0.046
0.051
0.058
0.064
0.07
0.078
0.091
0.118
0.145
0.154
0.159
0.163
0.167
0.17
0.172
0.172
0.167
0.16
0.154
0.148
0.142
0.137
0.133
0.128
0.122
0.115
0.106
0.097
0.086
0.078
0.073
0.068
0.062
0.056
0.048
0.04
0.034
0.025
0.015
-0.002
-0.033
-0.064
-0.072
-0.074
-0.076
-0.075
-0.068
-0.06
-0.052
-0.043
-0.022
0.001
0.009
0.009
0.0
-0.013
-0.03
-0.042
-0.049
-0.057
-0.066
-0.075
-0.084
-0.085
-0.079
-0.064
-0.046
-0.042
-0.039
-0.036
-0.036
-0.036
-0.037
-0.039
-0.041
-0.042
-0.044
-0.045
-0.047
-0.05
-0.051
-0.052
-0.051
-0.05
-0.049
-0.047
-0.045
-0.042
-0.037
-0.028
-0.019
-0.015
-0.012
-0.01
-0.008
-0.006
-0.004
-0.003
-0.002
-0.002
-0.003
-0.003
-0.004
-0.005
-0.006
-0.008
-0.01
-0.013
-0.016
-0.024
-0.035
-0.039
-0.041
-0.043
-0.044
-0.044
-0.042
-0.038
-0.033
-0.025
-0.016
-0.013
-0.012
-0.011
-0.01
-0.009
-0.009
-0.009
-0.01
-0.01
-0.011
-0.012
-0.015
-0.018
-0.021
-0.025
-0.027
-0.031
-0.035
-0.038
-0.04
-0.041
-0.04
-0.037
-0.033
-0.028
-0.017
-0.005
0.0
0.003
-0.005
-0.014
-0.019
-0.023
-0.028
-0.031
-0.036
-0.044
-0.056
-0.063
-0.069
-0.069
-0.067
-0.065
-0.063
-0.06
-0.057
-0.051
-0.034
-0.006
0.008
0.013
0.017
0.021
0.026
0.032
0.039
0.032
0.027
0.024
0.022
0.019
0.015
0.011
0.008
0.003
-0.002
-0.008
-0.014
-0.022
-0.038
-0.052
-0.062
-0.063
-0.059
-0.049
-0.009
0.06
0.16
0.284
0.421
0.557
0.677
0.756
0.776
0.732
0.629
0.48
0.304
0.126
-0.03
-0.139
-0.169
-0.166
-0.121
-0.067
-0.046
-0.039
-0.053
-0.067
-0.078
-0.084
-0.085
-0.082
-0.077
-0.07
-0.06
-0.055
-0.054
-0.052
-0.051
-0.05
-0.049
-0.049
-0.049
-0.05
-0.051
-0.052
-0.053
-0.054
-0.056
-0.057
-0.057
-0.056
-0.053
-0.05
-0.044
-0.032
-0.022
-0.016
-0.011
-0.006
-0.001
0.004
0.01
0.017
0.022
0.029
0.037
0.044
0.054
0.067
0.082
0.092
0.095
0.096
0.098
0.099
0.099
0.099
0.098
0.097
0.095
0.094
0.092
0.088
0.091
0.094
0.098
0.099
0.096
0.094
0.092
0.09
0.089
0.089
0.09
0.091
0.092
0.093
0.094
0.098
0.096
0.085
0.075
0.068
0.059
0.049
0.04
0.032
0.026
0.019
0.014
0.01
0.008
0.004
-0.004
-0.015
-0.019
-0.021
-0.022
-0.023
-0.025
-0.027
-0.031
-0.034
-0.038
-0.041
-0.044
-0.047
-0.05
-0.052
-0.055
-0.057
-0.059
-0.061
-0.063
-0.065
-0.067
-0.068
-0.07
-0.074
-0.079
-0.081
-0.08
-0.075
-0.069
-0.058
-0.041
-0.03
-0.025
-0.021
-0.017
-0.013
-0.01
-0.008
-0.007
-0.005
-0.002
0.0
0.001
0.001
0.0
-0.002
-0.004
-0.007
-0.009
-0.01
-0.012
-0.015
-0.017
-0.02
-0.022
-0.025
-0.028
-0.032
-0.037
-0.047
-0.066
-0.076
-0.082
-0.086
-0.088
-0.085
-0.079
-0.069
-0.038
0.014
0.088
0.187
0.308
0.45
0.594
0.714
0.767
0.761
0.678
0.516
0.331
0.16
0.029
-0.052
-0.089
-0.102
-0.107
-0.11
-0.111
-0.106
-0.097
-0.092
-0.089
-0.087
-0.085
-0.083
-0.082
-0.08
-0.078
-0.076
-0.075
-0.074
-0.073
-0.073
-0.072
-0.072
-0.07
-0.067
-0.062
-0.048
-0.034
-0.025
-0.013
0.0
0.011
0.024
0.031
0.036
0.04
0.043
0.046
0.05
0.053
0.057
0.061
0.064
0.067
0.07
0.072
0.075
0.078
0.082
0.085
0.087
0.088
0.09
0.091
0.093
0.095
0.096
0.096
0.096
0.097
0.098
0.099
0.1
0.101
0.101
0.102
0.103
0.103
0.103
0.102
0.1
0.098
0.094
0.09
0.081
0.065
0.053
0.044
0.034
0.021
0.005
-0.008
-0.019
-0.03
-0.037
-0.042
-0.046
-0.049
-0.05
-0.049
-0.047
-0.044
-0.04
-0.036
-0.046
-0.064
-0.081
-0.088
-0.091
-0.094
-0.096
-0.097
-0.098
-0.099
-0.099
-0.099
-0.098
-0.098
-0.096
-0.094
-0.091
-0.087
-0.073
-0.044
-0.028
-0.019
-0.015
-0.012
-0.011
-0.01
-0.009
-0.008
-0.006
-0.005
-0.004
-0.003
-0.001
0.001
0.003
0.002
0.0
0.0
-0.001
-0.002
-0.002
-0.002
-0.002
-0.002
-0.003
-0.004
-0.004
-0.003
-0.002
-0.001
-0.001
0.0
0.0
0.0
0.0
0.002
0.003
0.003
0.003
0.005
0.006
0.003
-0.001
-0.005
-0.009
-0.013
-0.015
-0.016
-0.014
-0.011
-0.007
-0.002
0.005
0.005
-0.002
-0.014
-0.033
-0.05
-0.061
-0.065
-0.06
-0.046
-0.009
0.061
0.156
0.269
0.393
0.515
0.622
0.706
0.752
0.753
0.716
0.6
0.42
0.215
0.027
-0.098
-0.134
-0.137
-0.115
-0.08
-0.042
-0.005
0.019
0.029
0.032
0.029
0.023
0.015
0.006
0.002
0.0
-0.004
-0.006
-0.003
0.002
0.006
0.01
0.014
0.015
0.014
0.012
0.009
0.008
0.005
0.002
0.0
0.001
0.004
0.009
0.014
0.019
0.025
0.03
0.034
0.038
0.042
0.044
0.046
0.047
0.049
0.051
0.052
0.053
0.054
0.055
0.057
0.059
0.061
0.064
0.066
0.069
0.072
0.077
0.083
0.09
0.098
0.115
0.128
0.133
0.128
0.117
0.112
0.107
0.101
0.095
0.088
0.073
0.061
0.057
0.054
0.055
0.057
0.06
0.059
0.058
0.058
0.057
0.055
0.051
0.047
0.044
0.041
0.038
0.035
0.031
0.028
0.026
0.024
0.023
0.021
0.02
0.019
0.017
0.016
0.014
0.012
0.011
0.009
0.008
0.007
0.004
0.001
-0.007
-0.018
-0.021
-0.022
-0.023
-0.024
-0.026
-0.027
-0.029
-0.031
-0.032
-0.034
-0.034
-0.035
-0.036
-0.036
-0.037
-0.038
-0.039
-0.041
-0.043
-0.045
-0.05
-0.059
-0.065
-0.07
-0.07
-0.063
-0.058
-0.054
-0.05
-0.048
-0.047
-0.049
-0.054
-0.059
-0.064
-0.069
-0.075
-0.081
-0.085
-0.087
-0.088
-0.089
-0.09
-0.091
-0.093
-0.095
-0.097
-0.098
-0.098
-0.098
-0.098
-0.098
-0.098
-0.097
-0.096
-0.094
-0.092
-0.09
-0.088
-0.085
-0.082
-0.074
-0.067
-0.06
-0.052
-0.042
-0.03
-0.023
-0.016
-0.011
-0.008
-0.008
-0.01
-0.014
-0.019
-0.027
-0.044
-0.055
-0.061
-0.066
-0.069
-0.07
-0.068
-0.064
-0.061
-0.057
-0.055
-0.051
-0.047
-0.043
-0.042
-0.042
-0.045
-0.048
-0.05
-0.053
-0.057
-0.061
-0.061
-0.059
-0.054
-0.049
-0.04
-0.032
-0.027
-0.023
-0.02
-0.018
-0.017
-0.018
-0.021
-0.024
-0.031
-0.042
-0.048
-0.051
-0.054
-0.055
-0.054
-0.049
-0.044
-0.039
-0.033
-0.028
-0.028
-0.032
-0.038
-0.048
-0.061
-0.07
-0.076
-0.079
-0.076
-0.07
-0.061
-0.046
-0.03
-0.016
-0.008
-0.004
-0.001
0.003
0.011
0.019
0.028
0.039
0.045
0.048
0.049
0.05
0.052
0.052
0.047
0.036
0.02
0.0
-0.012
-0.022
-0.034
-0.045
-0.054
-0.058
-0.054
-0.043
-0.012
0.048
0.136
0.252
0.388
0.535
0.68
0.802
0.858
0.854
0.772
0.605
0.396
0.181
-0.002
-0.121
-0.144
-0.14
-0.096
-0.053
-0.025
-0.015
-0.014
-0.021
-0.03
-0.045
-0.063
-0.075
-0.081
-0.086
-0.084
-0.073
-0.065
-0.058
-0.053
-0.049
-0.05
-0.052
-0.054
-0.057
-0.058
-0.06
-0.062
-0.063
-0.064
-0.066
-0.066
-0.066
-0.066
-0.065
-0.064
-0.061
-0.058
-0.054
-0.045
-0.029
-0.003
0.02
0.034
0.044
0.051
0.057
0.063
0.067
0.07
0.072
0.075
0.079
0.083
0.088
0.092
0.096
0.1
0.103
0.107
0.11
0.112
0.116
0.123
0.123
0.117
0.11
0.103
0.111
0.12
0.128
0.128
0.122
0.116
0.11
0.109
0.111
0.114
0.117
0.106
0.097
0.091
0.087
0.083
0.079
0.077
0.074
0.072
0.069
0.066
0.062
0.058
0.054
0.05
0.045
0.036
0.021
0.006
-0.001
-0.006
-0.01
-0.013
-0.017
-0.021
-0.025
-0.028
-0.032
-0.041
-0.058
-0.071
-0.078
-0.082
-0.084
-0.085
-0.086
-0.088
-0.09
-0.086
-0.077
-0.072
-0.067
-0.063
-0.059
-0.055
-0.05
-0.045
-0.04
-0.037
-0.034
-0.03
-0.027
-0.023
-0.019
-0.015
-0.01
-0.003
0.0
0.0
-0.002
-0.004
-0.005
-0.007
-0.009
-0.011
-0.014
-0.016
-0.019
-0.021
-0.023
-0.026
-0.028
-0.03
-0.033
-0.036
-0.04
-0.043
-0.047
-0.051
-0.056
-0.059
-0.059
-0.058
-0.055
-0.049
-0.031
0.016
0.09
0.187
0.302
0.428
0.556
0.669
0.742
0.752
0.729
0.62
0.456
0.258
0.068
-0.072
-0.133
-0.14
-0.113
-0.066
-0.043
-0.044
-0.072
-0.1
-0.11
-0.11
-0.098
-0.091
-0.086
-0.082
-0.079
-0.076
-0.073
-0.07
-0.067
-0.063
-0.057
-0.046
-0.036
-0.023
-0.005
0.008
0.017
0.025
0.032
0.038
0.045
0.054
0.065
0.074
0.084
0.091
0.094
0.097
0.1
0.104
0.105
0.103
0.098
0.095
0.09
0.088
0.092
0.1
0.106
0.112
0.118
0.122
0.126
0.129
0.132
0.135
0.138
0.14
0.142
0.141
0.139
0.135
0.131
0.126
0.123
0.119
0.115
0.112
0.108
0.105
0.103
0.101
0.099
0.096
0.092
0.086
0.075
0.062
0.049
0.036
0.022
0.01
0.0
-0.008
-0.017
-0.023
-0.026
-0.029
-0.032
-0.034
-0.037
-0.04
-0.043
-0.047
-0.05
-0.053
-0.057
-0.063
-0.072
-0.079
-0.082
-0.084
-0.087
-0.09
-0.092
-0.086
-0.074
-0.064
-0.055
-0.046
-0.038
-0.031
-0.025
-0.02
-0.016
-0.012
-0.008
-0.005
-0.003
-0.001
0.001
0.003
0.007
0.009
0.01
0.009
0.006
0.002
0.0
0.0
-0.001
-0.002
-0.004
-0.005
-0.006
-0.007
-0.007
-0.008
-0.009
-0.01
-0.01
-0.01
-0.009
-0.009
-0.009
-0.01
-0.01
-0.01
-0.011
-0.012
-0.014
-0.016
-0.018
-0.019
-0.02
-0.021
-0.023
-0.025
-0.027
-0.029
-0.033
-0.037
-0.042
-0.046
-0.05
-0.053
-0.056
-0.059
-0.062
-0.066
-0.072
-0.076
-0.076
-0.071
-0.062
-0.037
0.009
0.071
0.15
0.248
0.357
0.468
0.575
0.67
0.711
0.706
0.631
0.475
0.268
0.055
-0.115
-0.196
-0.205
-0.171
-0.112
-0.062
-0.044
-0.036
-0.029
-0.031
-0.042
-0.048
-0.051
-0.053
-0.055
-0.057
-0.058
-0.059
-0.061
-0.063
-0.064
-0.064
-0.064
-0.063
-0.063
-0.062
-0.06
-0.059
-0.057
-0.054
-0.052
-0.049
-0.047
-0.044
-0.039
-0.034
-0.028
-0.024
-0.019
-0.016
-0.013
-0.01
-0.008
-0.006
-0.004
-0.002
0.0
0.001
0.003
0.005
0.007
0.009
0.012
0.015
0.021
0.03
0.039
0.049
0.056
0.061
0.066
0.07
0.073
0.074
0.075
0.077
0.08
0.084
0.083
0.07
0.059
0.049
0.042
0.039
0.037
0.034
0.032
0.031
0.03
0.029
0.027
0.023
0.019
0.015
0.01
0.006
0.003
0.0
-0.002
-0.005
-0.006
-0.008
-0.009
-0.01
-0.012
-0.013
-0.014
-0.015
-0.016
-0.017
-0.019
-0.021
-0.023
-0.026
-0.028
-0.031
-0.036
-0.046
-0.055
-0.064
-0.071
-0.07
-0.059
-0.051
-0.046
-0.041
-0.037
-0.034
-0.032
-0.027
-0.02
-0.021
-0.033
-0.042
-0.049
-0.055
-0.058
-0.058
-0.057
-0.057
-0.057
-0.057
-0.055
-0.042
-0.035
-0.029
-0.024
-0.02
-0.017
-0.016
-0.016
-0.017
-0.019
-0.022
-0.025
-0.028
-0.031
-0.034
-0.038
-0.041
-0.045
-0.049
-0.053
-0.057
-0.062
-0.068
-0.073
-0.075
-0.073
-0.069
-0.062
-0.051
-0.037
-0.033
-0.031
-0.029
-0.027
-0.026
-0.025
-0.022
-0.019
-0.016
-0.013
-0.01
-0.008
-0.005
0.0
0.005
0.008
0.009
0.009
0.011
0.013
0.0
-0.007
-0.012
-0.016
-0.02
-0.023
-0.024
-0.023
-0.023
-0.022
-0.021
-0.021
-0.02
-0.019
-0.016
-0.014
-0.012
-0.012
-0.012
-0.013
-0.014
-0.015
-0.017
-0.019
-0.022
-0.022
-0.021
-0.017
-0.015
-0.011
-0.009
-0.009
-0.011
-0.015
-0.018
-0.02
-0.023
-0.025
-0.025
-0.024
-0.023
-0.022
-0.021
-0.019
-0.017
-0.015
-0.012
-0.01
-0.012
-0.015
-0.02
-0.025
-0.028
-0.032
-0.036
-0.039
-0.043
-0.044
-0.044
-0.043
-0.041
-0.038
-0.035
-0.032
-0.027
-0.021
-0.013
-0.008
-0.003
0.016
0.042
0.051
0.05
0.034
0.017
-0.001
-0.015
-0.022
-0.027
-0.03
-0.033
-0.036
-0.038
-0.04
-0.041
-0.043
-0.046
-0.05
-0.048
-0.035
0.0
0.057
0.144
0.25
0.369
0.495
0.619
0.726
0.786
0.789
0.739
0.6
0.415
0.222
0.05
-0.073
-0.119
-0.12
-0.095
-0.083
-0.08
-0.08
-0.079
-0.079
-0.078
-0.077
-0.076
-0.075
-0.073
-0.072
-0.071
-0.071
-0.07
-0.07
-0.069
-0.068
-0.067
-0.066
-0.065
-0.063
-0.062
-0.06
-0.06
-0.06
-0.06
-0.061
-0.062
-0.063
-0.065
-0.069
-0.068
-0.056
-0.043
-0.029
-0.017
-0.003
0.016
0.035
0.049
0.058
0.063
0.066
0.067
0.069
0.071
0.075
0.081
0.086
0.092
0.097
0.102
0.108
0.113
0.116
0.118
0.119
0.12
0.121
0.122
0.123
0.125
0.126
0.127
0.127
0.128
0.129
0.129
0.129
0.128
0.125
0.122
0.12
0.118
0.116
0.113
0.109
0.105
0.101
0.096
0.091
0.086
0.081
0.075
0.069
0.063
0.057
0.051
0.045
0.039
0.033
0.028
0.022
0.018
0.014
0.009
0.004
0.0
-0.004
-0.009
-0.014
-0.018
-0.023
-0.028
-0.033
-0.038
-0.044
-0.049
-0.054
-0.059
-0.064
-0.068
-0.072
-0.076
-0.078
-0.078
-0.077
-0.075
-0.072
-0.068
-0.064
-0.06
-0.055
-0.047
-0.039
-0.032
-0.026
-0.022
-0.017
-0.013
-0.008
-0.005
-0.005
-0.007
-0.009
-0.012
-0.014
-0.018
-0.02
-0.017
-0.011
-0.007
-0.004
0.0
0.001
0.001
-0.002
-0.008
-0.015
-0.022
-0.03
-0.039
-0.046
-0.054
-0.062
-0.071
-0.075
-0.071
-0.062
-0.036
0.021
0.098
0.191
0.301
0.43
0.575
0.715
0.808
0.819
0.779
0.642
0.46
0.267
0.097
-0.019
-0.087
-0.104
-0.108
-0.111
-0.097
-0.079
-0.065
-0.06
-0.058
-0.057
-0.057
-0.057
-0.056
-0.055
-0.055
-0.054
-0.054
-0.053
-0.052
-0.052
-0.052
-0.051
-0.05
-0.049
-0.047
-0.044
-0.04
-0.036
-0.026
-0.002
0.015
0.026
0.035
0.042
0.054
0.076
0.09
0.096
0.1
0.103
0.105
0.106
0.106
0.105
0.103
0.1
0.097
0.094
0.092
0.087
0.082
0.078
0.078
0.08
0.085
0.091
0.1
0.113
0.12
0.126
0.133
0.133
0.121
0.114
0.11
0.106
0.103
0.1
0.097
0.093
0.09
0.087
0.082
0.076
0.063
0.04
0.028
0.022
0.016
0.009
0.003
-0.003
-0.009
-0.015
-0.02
-0.024
-0.028
-0.034
-0.043
-0.055
-0.067
-0.079
-0.09
-0.095
-0.097
-0.1
-0.103
-0.106
-0.107
-0.108
-0.109
-0.109
-0.109
-0.108
-0.107
-0.105
-0.103
-0.1
-0.097
-0.094
-0.089
-0.081
-0.072
-0.064
-0.058
-0.053
-0.049
-0.045
-0.04
-0.036
-0.032
-0.028
-0.024
-0.021
-0.018
-0.015
-0.013
-0.012
-0.011
-0.01
-0.008
-0.006
-0.005
-0.004
-0.004
-0.005
-0.007
-0.01
-0.014
-0.019
-0.027
-0.04
-0.046
-0.051
-0.056
-0.055
-0.046
-0.039
-0.034
-0.029
-0.025
-0.021
-0.018
-0.015
-0.011
-0.008
-0.005
-0.005
-0.007
-0.011
-0.016
-0.025
-0.043
-0.057
-0.065
-0.073
-0.08
-0.09
-0.106
-0.117
-0.125
-0.128
-0.125
-0.12
-0.105
-0.068
-0.005
0.083
0.189
0.307
0.427
0.543
0.641
0.692
0.69
0.624
0.476
0.281
0.072
-0.105
-0.203
-0.217
-0.19
-0.131
-0.105
-0.099
-0.095
-0.09
-0.085
-0.078
-0.063
-0.051
-0.048
-0.045
-0.046
-0.052
-0.056
-0.059
-0.061
-0.062
-0.063
-0.062
-0.061
-0.06
-0.059
-0.057
-0.054
-0.051
-0.047
-0.04
-0.033
-0.028
-0.025
-0.023
-0.021
-0.019
-0.018
-0.017
-0.015
-0.014
-0.013
-0.012
-0.01
-0.009
-0.008
-0.007
-0.004
-0.001
0.004
0.012
0.02
0.03
0.041
0.05
0.054
0.056
0.058
0.06
0.062
0.063
0.063
0.063
0.063
0.062
0.062
0.061
0.06
0.058
0.056
0.054
0.051
0.05
0.047
0.045
0.042
0.038
0.035
0.033
0.03
0.028
0.024
0.02
0.013
0.009
0.008
0.008
0.008
0.008
0.008
0.007
0.006
0.006
0.005
0.004
0.002
0.0
-0.002
-0.005
-0.008
-0.011
-0.014
-0.017
-0.02
-0.025
-0.03
-0.034
-0.037
-0.039
-0.04
-0.042
-0.043
-0.045
-0.045
-0.045
-0.045
-0.046
-0.046
-0.047
-0.048
-0.049
-0.049
-0.049
-0.049
-0.05
-0.05
-0.051
-0.051
-0.051
-0.052
-0.055
-0.057
-0.057
-0.054
-0.049
-0.045
-0.04
-0.036
-0.036
-0.041
-0.046
-0.049
-0.052
-0.055
-0.057
-0.059
-0.062
-0.064
-0.066
-0.068
-0.069
-0.069
-0.069
-0.07
-0.071
-0.072
-0.072
-0.072
-0.072
-0.073
-0.073
-0.073
-0.073
-0.073
-0.071
-0.068
-0.065
-0.061
-0.055
-0.037
-0.019
-0.006
0.002
0.009
0.014
0.019
0.022
0.025
0.029
0.031
0.026
0.016
0.01
0.005
0.001
-0.001
-0.003
-0.005
-0.006
-0.008
-0.01
-0.01
-0.011
-0.013
-0.014
-0.011
-0.005
-0.001
0.003
0.008
0.015
0.021
0.025
0.027
0.03
0.032
0.034
0.036
0.037
0.039
0.042
0.045
0.047
0.049
0.051
0.052
0.053
0.055
0.058
0.062
0.065
0.069
0.072
0.074
0.074
0.073
0.071
0.067
0.062
0.052
0.037
0.031
0.028
0.025
0.023
0.021
0.02
0.02
0.02
0.021
0.022
0.024
0.026
0.03
0.033
0.037
0.043
0.056
0.065
0.07
0.074
0.077
0.079
0.081
0.082
0.083
0.082
0.079
0.076
0.072
0.067
0.062
0.054
0.046
0.04
0.033
0.019
0.003
-0.006
-0.013
-0.013
-0.006
0.012
0.048
0.106
0.19
0.303
0.439
0.581
0.717
0.834
0.894
0.892
0.82
0.648
0.425
0.202
0.029
-0.069
-0.089
-0.084
-0.067
-0.058
-0.053
-0.051
-0.05
-0.049
-0.048
-0.048
-0.047
-0.046
-0.046
-0.045
-0.045
-0.046
-0.046
-0.047
-0.047
-0.047
-0.048
-0.05
-0.051
-0.053
-0.054
-0.055
-0.056
-0.057
-0.057
-0.057
-0.057
-0.056
-0.055
-0.053
-0.051
-0.049
-0.045
-0.041
-0.035
-0.022
-0.01
0.007
0.026
0.039
0.047
0.057
0.069
0.079
0.087
0.093
0.099
0.102
0.104
0.106
0.109
0.114
0.115
0.114
0.111
0.109
0.113
0.116
0.118
0.121
0.125
0.128
0.131
0.134
0.14
0.14
0.136
0.132
0.13
0.127
0.123
0.119
0.115
0.112
0.108
0.104
0.1
0.094
0.089
0.084
0.079
0.073
0.067
0.06
0.054
0.049
0.046
0.042
0.037
0.032
0.026
0.021
0.016
0.011
0.006
0.0
-0.009
-0.017
-0.023
-0.028
-0.031
-0.035
-0.039
-0.042
-0.044
-0.046
-0.048
-0.049
-0.051
-0.052
-0.054
-0.056
-0.058
-0.063
-0.068
-0.069
-0.064
-0.057
-0.053
-0.049
-0.047
-0.045
-0.043
-0.04
-0.035
-0.03
-0.026
-0.022
-0.019
-0.015
-0.011
-0.004
0.003
0.008
0.008
0.005
0.001
0.0
-0.001
-0.001
-0.002
-0.002
-0.003
-0.004
-0.006
-0.009
-0.011
-0.014
-0.018
-0.021
-0.023
-0.025
-0.028
-0.031
-0.035
-0.04
-0.05
-0.059
-0.063
-0.061
-0.054
-0.042
-0.005
0.057
0.144
0.25
0.366
0.487
0.606
0.708
0.758
0.752
0.671
0.507
0.312
0.126
-0.023
-0.117
-0.146
-0.156
-0.161
-0.155
-0.142
-0.122
-0.095
-0.077
-0.064
-0.064
-0.078
-0.088
-0.096
-0.102
-0.105
-0.101
-0.095
-0.087
-0.082
-0.078
-0.075
-0.072
-0.068
-0.064
-0.06
-0.055
-0.051
-0.046
-0.039
-0.03
-0.021
-0.014
-0.007
0.0
0.005
0.011
0.018
0.025
0.031
0.035
0.038
0.041
0.043
0.045
0.047
0.048
0.051
0.053
0.056
0.058
0.06
0.061
0.062
0.063
0.065
0.067
0.069
0.071
0.073
0.077
0.081
0.084
0.085
0.084
0.081
0.077
0.073
0.068
0.064
0.059
0.053
0.048
0.042
0.037
0.032
0.026
0.019
0.01
0.001
-0.004
-0.01
-0.018
-0.03
-0.042
-0.049
-0.053
-0.056
-0.058
-0.06
-0.063
-0.066
-0.069
-0.072
-0.075
-0.079
-0.085
-0.094
-0.101
-0.107
-0.112
-0.116
-0.119
-0.12
-0.118
-0.114
-0.109
-0.104
-0.099
-0.092
-0.083
-0.072
-0.062
-0.05
-0.043
-0.043
-0.044
-0.045
-0.047
-0.047
-0.041
-0.037
-0.033
-0.029
-0.023
-0.018
-0.012
-0.005
-0.001
-0.005
-0.014
-0.02
-0.025
-0.029
-0.032
-0.034
-0.034
-0.034
-0.035
-0.035
-0.036
-0.037
-0.038
-0.039
-0.038
-0.033
-0.026
-0.022
-0.02
-0.017
-0.015
-0.013
-0.012
-0.011
-0.012
-0.013
-0.015
-0.017
-0.02
-0.022
-0.025
-0.028
-0.03
-0.031
-0.031
-0.029
-0.026
-0.022
-0.017
-0.009
-0.005
0.001
-0.003
-0.021
-0.032
-0.035
-0.037
-0.039
-0.041
-0.041
-0.036
-0.027
-0.001
0.055
0.137
0.24
0.361
0.497
0.629
0.733
0.779
0.749
0.638
0.474
0.302
0.155
0.043
-0.026
-0.041
-0.047
-0.036
-0.031
-0.028
-0.026
-0.024
-0.023
-0.022
-0.021
-0.021
-0.021
-0.02
-0.02
-0.019
-0.019
-0.019
-0.019
-0.018
-0.018
-0.017
-0.016
-0.014
-0.013
-0.012
-0.011
-0.01
-0.009
-0.008
-0.007
-0.007
-0.006
-0.006
-0.004
-0.002
0.0
0.002
0.004
0.007
0.009
0.012
0.015
0.018
0.02
0.023
0.025
0.029
0.036
0.043
0.046
0.047
0.049
0.052
0.056
0.056
0.052
0.047
0.042
0.054
0.075
0.094
0.102
0.106
0.109
0.111
0.11
0.108
0.103
0.098
0.09
0.077
0.067
0.059
0.053
0.049
0.049
0.051
0.054
0.056
0.058
0.06
0.062
0.063
0.062
0.06
0.056
0.053
0.049
0.046
0.043
0.039
0.035
0.032
0.028
0.021
0.008
-0.01
-0.018
-0.022
-0.025
-0.028
-0.031
-0.034
-0.036
-0.039
-0.042
-0.045
-0.048
-0.051
-0.052
-0.053
-0.054
-0.057
-0.061
-0.054
-0.051
-0.05
-0.049
-0.048
-0.047
-0.046
-0.045
-0.044
-0.042
-0.041
-0.041
-0.041
-0.041
-0.041
-0.042
-0.042
-0.041
-0.041
-0.04
-0.04
-0.04
-0.041
-0.041
-0.042
-0.043
-0.044
-0.045
-0.047
-0.049
-0.052
-0.054
-0.057
-0.065
-0.082
-0.089
-0.094
-0.098
-0.1
-0.1
-0.097
-0.092
-0.085
-0.071
-0.054
-0.048
-0.045
-0.042
-0.038
-0.033
-0.029
-0.026
-0.023
-0.02
-0.018
-0.017
-0.017
-0.017
-0.018
-0.019
-0.021
-0.023
-0.027
-0.03
-0.033
-0.035
-0.039
-0.042
-0.046
-0.049
-0.051
-0.051
-0.05
-0.049
-0.047
-0.045
-0.044
-0.043
-0.041
-0.039
-0.037
-0.035
-0.034
-0.033
-0.032
-0.032
-0.032
-0.031
-0.031
-0.03
-0.03
-0.028
-0.026
-0.024
-0.025
-0.03
-0.033
-0.037
-0.041
-0.045
-0.048
-0.052
-0.057
-0.056
-0.047
-0.041
-0.036
-0.032
-0.029
-0.028
-0.031
-0.036
-0.042
-0.048
-0.052
-0.058
-0.065
-0.07
-0.073
-0.072
-0.069
-0.063
-0.056
-0.032
-0.006
0.001
0.007
0.015
0.022
0.028
0.036
0.04
0.038
0.032
0.026
0.019
0.019
0.023
0.025
0.028
0.03
0.032
0.031
0.03
0.027
0.022
0.006
-0.025
-0.048
-0.055
-0.045
-0.016
0.04
0.122
0.232
0.364
0.507
0.645
0.759
0.826
0.833
0.8
0.692
0.525
0.326
0.145
0.018
-0.049
-0.069
-0.076
-0.064
-0.043
-0.028
-0.02
-0.014
-0.023
-0.04
-0.05
-0.053
-0.054
-0.055
-0.055
-0.052
-0.046
-0.039
-0.034
-0.03
-0.025
-0.02
-0.017
-0.015
-0.014
-0.012
-0.007
-0.011
-0.022
-0.027
-0.031
-0.034
-0.036
-0.037
-0.035
-0.033
-0.029
-0.024
-0.017
-0.003
0.016
0.031
0.046
0.061
0.075
0.086
0.093
0.098
0.1
0.102
0.103
0.103
0.103
0.104
0.105
0.106
0.107
0.108
0.109
0.11
0.113
0.116
0.122
0.135
0.144
0.15
0.152
0.149
0.147
0.145
0.142
0.139
0.136
0.132
0.129
0.126
0.122
0.116
0.107
0.098
0.092
0.087
0.082
0.078
0.074
0.07
0.068
0.066
0.064
0.062
0.06
0.056
0.051
0.041
0.029
0.022
0.017
0.013
0.009
0.003
-0.002
-0.009
-0.015
-0.02
-0.026
-0.031
-0.035
-0.04
-0.045
-0.048
-0.051
-0.054
-0.057
-0.06
-0.062
-0.063
-0.062
-0.06
-0.056
-0.053
-0.05
-0.047
-0.043
-0.038
-0.032
-0.026
-0.019
-0.014
-0.01
-0.007
-0.003
0.0
0.002
0.004
0.006
0.007
0.009
0.01
0.012
0.013
0.013
0.012
0.011
0.01
0.009
0.008
0.005
0.002
0.0
-0.004
-0.007
-0.01
-0.017
-0.032
-0.047
-0.058
-0.067
-0.074
-0.074
-0.07
-0.063
-0.041
0.013
0.093
0.196
0.317
0.451
0.589
0.711
0.78
0.783
0.729
0.589
0.41
0.228
0.078
-0.024
-0.085
-0.103
-0.109
-0.113
-0.1
-0.083
-0.07
-0.067
-0.066
-0.066
-0.066
-0.066
-0.066
-0.066
-0.066
-0.066
-0.066
-0.064
-0.062
-0.062
-0.061
-0.06
-0.058
-0.056
-0.053
-0.05
-0.047
-0.044
-0.036
-0.027
-0.02
-0.015
-0.009
0.001
0.016
0.025
0.03
0.034
0.038
0.042
0.044
0.045
0.047
0.049
0.051
0.053
0.054
0.055
0.056
0.056
0.057
0.057
0.057
0.058
0.058
0.059
0.059
0.061
0.062
0.065
0.067
0.069
0.07
0.072
0.074
0.076
0.078
0.078
0.077
0.074
0.07
0.064
0.055
0.038
0.019
-0.002
-0.016
-0.022
-0.027
-0.03
-0.034
-0.038
-0.042
-0.047
-0.051
-0.055
-0.06
-0.065
-0.07
-0.075
-0.085
-0.101
-0.107
-0.109
-0.112
-0.115
-0.117
-0.119
-0.12
-0.121
-0.122
-0.123
-0.123
-0.122
-0.121
-0.12
-0.119
-0.118
-0.117
-0.115
-0.112
-0.109
-0.105
-0.096
-0.082
-0.075
-0.072
-0.067
-0.06
-0.051
-0.039
-0.024
-0.013
-0.007
-0.002
0.0
0.002
0.002
-0.001
-0.007
-0.014
-0.023
-0.036
-0.043
-0.047
-0.051
-0.055
-0.058
-0.058
-0.055
-0.05
-0.047
-0.044
-0.041
-0.039
-0.037
-0.035
-0.033
-0.032
-0.031
-0.03
-0.03
-0.03
-0.029
-0.028
-0.027
-0.026
-0.024
-0.023
-0.027
-0.034
-0.038
-0.042
-0.046
-0.049
-0.051
-0.053
-0.054
-0.056
-0.058
-0.061
-0.054
-0.034
-0.001
0.054
0.137
0.241
0.358
0.479
0.591
0.682
0.723
0.716
0.642
0.489
0.3
0.111
-0.051
-0.174
-0.228
-0.23
-0.187
-0.126
-0.078
-0.044
-0.026
-0.019
-0.016
-0.013
-0.012
-0.01
-0.009
-0.009
-0.01
-0.011
-0.013
-0.015
-0.017
-0.019
-0.022
-0.024
-0.026
-0.026
-0.023
-0.017
-0.012
-0.007
-0.002
0.002
0.006
0.01
0.014
0.017
0.02
0.023
0.025
0.027
0.029
0.031
0.034
0.037
0.04
0.043
0.046
0.05
0.055
0.064
0.074
0.084
0.09
0.095
0.099
0.102
0.105
0.106
0.108
0.109
0.109
0.11
0.11
0.112
0.113
0.113
0.113
0.113
0.113
0.113
0.113
0.113
0.112
0.11
0.107
0.105
0.102
0.099
0.095
0.086
0.077
0.068
0.059
0.05
0.041
0.032
0.026
0.02
0.016
0.013
0.011
0.009
0.007
0.006
0.005
0.004
0.002
0.001
0.0
-0.001
-0.002
-0.001
0.0
0.0
0.001
0.002
0.004
0.007
0.006
-0.001
-0.006
-0.009
-0.012
-0.014
-0.016
-0.017
-0.019
-0.021
-0.022
-0.024
-0.025
-0.027
-0.028
-0.029
-0.03
-0.031
-0.032
-0.033
-0.034
-0.035
-0.037
-0.039
-0.042
-0.044
-0.042
-0.039
-0.037
-0.035
-0.034
-0.032
-0.031
-0.03
-0.03
-0.03
-0.03
-0.03
-0.031
-0.033
-0.035
-0.037
-0.038
-0.04
-0.042
-0.045
-0.05
-0.052
-0.053
-0.052
-0.051
-0.051
-0.05
-0.05
-0.049
-0.049
-0.049
-0.052
-0.054
-0.056
-0.059
-0.061
-0.062
-0.061
-0.06
-0.056
-0.051
-0.044
-0.034
-0.024
-0.015
-0.007
-0.004
-0.002
0.0
0.002
-0.007
-0.022
-0.037
-0.045
-0.051
-0.051
-0.043
-0.022
0.016
0.073
0.148
0.241
0.346
0.46
0.573
0.666
0.71
0.676
0.553
0.368
0.169
-0.001
-0.109
-0.131
-0.125
-0.102
-0.088
-0.088
-0.098
-0.11
-0.12
-0.109
-0.076
-0.063
-0.058
-0.054
-0.054
-0.054
-0.055
-0.056
-0.056
-0.057
-0.057
-0.056
-0.053
-0.052
-0.052
-0.051
-0.051
-0.05
-0.048
-0.048
-0.047
-0.047
-0.047
-0.047
-0.048
-0.049
-0.05
-0.05
-0.051
-0.052
-0.053
-0.053
-0.055
-0.058
-0.046
-0.026
-0.006
0.006
0.017
0.03
0.047
0.06
0.064
0.067
0.069
0.072
0.076
0.081
0.086
0.093
0.102
0.11
0.119
0.124
0.128
0.132
0.136
0.137
0.136
0.133
0.129
0.124
0.119
0.112
0.105
0.099
0.093
0.084
0.075
0.07
0.066
0.063
0.057
0.047
0.032
0.019
0.014
0.011
0.009
0.006
0.003
0.001
0.0
-0.003
-0.005
-0.009
-0.014
-0.021
-0.036
-0.049
-0.053
-0.056
-0.059
-0.06
-0.06
-0.059
-0.057
-0.055
-0.053
-0.051
-0.049
-0.046
-0.045
-0.045
-0.046
-0.047
-0.048
-0.048
-0.049
-0.049
-0.051
-0.052
-0.055
-0.059
-0.064
-0.074
-0.084
-0.087
-0.089
-0.08
-0.065
-0.051
-0.041
-0.028
-0.012
0.001
0.014
0.022
0.011
0.001
-0.005
-0.011
-0.011
-0.009
-0.006
-0.003
0.0
0.004
0.007
0.01
0.013
0.017
0.016
0.009
0.002
-0.005
-0.007
-0.005
-0.004
-0.002
-0.001
0.0
0.0
0.0
0.001
0.002
0.004
0.006
0.007
0.008
0.009
0.01
0.012
0.014
0.016
0.017
0.018
0.018
0.019
0.019
0.02
0.02
0.02
0.019
0.017
0.016
0.014
0.014
0.013
0.012
0.012
0.01
0.008
0.005
0.003
0.002
0.004
0.006
0.009
0.013
0.02
0.02
0.01
0.003
-0.002
-0.008
-0.013
-0.016
-0.021
-0.026
-0.025
-0.013
0.003
0.021
0.028
0.033
0.036
0.041
0.046
0.052
0.057
0.063
0.068
0.071
0.071
0.068
0.064
0.058
0.051
0.04
0.029
0.02
0.012
0.006
0.004
0.003
0.0
-0.002
0.004
0.022
0.058
0.115
0.191
0.28
0.384
0.504
0.635
0.758
0.837
0.844
0.798
0.651
0.454
0.251
0.084
-0.024
-0.054
-0.064
-0.053
-0.045
-0.041
-0.038
-0.035
-0.033
-0.032
-0.031
-0.031
-0.031
-0.03
-0.03
-0.03
-0.03
-0.031
-0.032
-0.033
-0.034
-0.033
-0.032
-0.03
-0.028
-0.027
-0.025
-0.023
-0.022
-0.021
-0.02
-0.02
-0.019
-0.018
-0.018
-0.017
-0.016
-0.015
-0.014
-0.013
-0.01
-0.007
-0.002
0.003
0.013
0.028
0.046
0.07
0.094
0.107
0.114
0.119
0.123
0.125
0.125
0.122
0.119
0.115
0.111
0.104
0.104
0.11
0.114
0.117
0.119
0.122
0.125
0.127
0.13
0.132
0.134
0.138
0.141
0.143
0.143
0.14
0.136
0.131
0.121
0.106
0.099
0.097
0.094
0.093
0.091
0.089
0.087
0.084
0.081
0.076
0.071
0.06
0.036
0.015
0.001
-0.009
-0.015
-0.019
-0.022
-0.024
-0.026
-0.029
-0.032
-0.034
-0.037
-0.039
-0.04
-0.042
-0.046
-0.05
-0.055
-0.06
-0.063
-0.065
-0.067
-0.07
-0.073
-0.075
-0.076
-0.077
-0.078
-0.077
-0.077
-0.077
-0.076
-0.074
-0.071
-0.068
-0.064
-0.058
-0.039
-0.022
-0.012
-0.006
-0.002
0.0
0.001
0.002
0.005
0.006
0.006
0.001
-0.004
-0.009
-0.014
-0.019
-0.025
-0.031
-0.036
-0.042
-0.049
-0.054
-0.059
-0.064
-0.067
-0.073
-0.08
-0.08
-0.071
-0.047
-0.007
0.048
0.126
0.228
0.347
0.471
0.591
0.688
0.736
0.737
0.691
0.563
0.376
0.17
-0.004
-0.118
-0.148
-0.158
-0.147
-0.136
-0.129
-0.123
-0.119
-0.115
-0.098
-0.066
-0.048
-0.037
-0.029
-0.025
-0.03
-0.04
-0.051
-0.065
-0.074
-0.084
-0.093
-0.097
-0.099
-0.101
-0.103
-0.104
-0.103
-0.1
-0.095
-0.087
-0.07
-0.047
-0.025
-0.006
0.007
0.017
0.026
0.034
0.039
0.04
0.04
0.04
0.041
0.041
0.041
0.042
0.043
0.045
0.047
0.048
0.05
0.051
0.052
0.054
0.056
0.058
0.06
0.063
0.067
0.07
0.072
0.072
0.07
0.067
0.063
0.059
0.055
0.05
0.044
0.04
0.036
0.033
0.031
0.029
0.027
0.025
0.022
0.018
0.012
0.004
-0.012
-0.03
-0.04
-0.053
-0.066
-0.074
-0.075
-0.077
-0.078
-0.076
-0.073
-0.071
-0.069
-0.068
-0.071
-0.076
-0.082
-0.087
-0.092
-0.097
-0.1
-0.102
-0.104
-0.106
-0.109
-0.11
-0.11
-0.107
-0.102
-0.097
-0.092
-0.084
-0.075
-0.067
-0.059
-0.053
-0.046
-0.041
-0.036
-0.032
-0.028
-0.025
-0.023
-0.02
-0.017
-0.011
-0.001
0.005
0.01
0.01
0.003
-0.001
-0.004
-0.007
-0.01
-0.012
-0.014
-0.016
-0.019
-0.022
-0.025
-0.027
-0.025
-0.022
-0.018
-0.015
-0.012
-0.01
-0.008
-0.008
-0.009
-0.012
-0.015
-0.019
-0.023
-0.026
-0.029
-0.029
-0.029
-0.028
-0.027
-0.024
-0.028
-0.04
-0.047
-0.05
-0.051
-0.048
-0.042
-0.025
-0.004
0.034
0.094
0.174
0.273
0.384
0.503
0.622
0.716
0.755
0.749
0.679
0.53
0.34
0.143
-0.027
-0.146
-0.196
-0.212
-0.206
-0.189
-0.162
-0.129
-0.096
-0.069
-0.046
-0.022
-0.001
0.004
0.008
0.011
0.014
0.015
0.017
0.019
0.023
0.025
0.022
0.015
0.01
0.005
0.0
-0.002
-0.002
0.0
0.004
0.008
0.011
0.013
0.016
0.019
0.02
0.022
0.023
0.025
0.026
0.028
0.031
0.032
0.027
0.023
0.018
0.016
0.018
0.023
0.027
0.031
0.036
0.044
0.054
0.065
0.074
0.082
0.089
0.09
0.087
0.085
0.083
0.082
0.081
0.078
0.072
0.063
0.051
0.04
0.041
0.057
0.065
0.067
0.069
0.07
0.07
0.068
0.064
0.06
0.054
0.045
0.033
0.017
-0.002
-0.017
-0.026
-0.034
-0.041
-0.053
-0.062
-0.065
-0.067
-0.068
-0.069
-0.069
-0.068
-0.064
-0.059
-0.055
-0.051
-0.046
-0.042
-0.038
-0.035
-0.034
-0.034
-0.033
-0.033
-0.032
-0.041
-0.053
-0.063
-0.055
-0.046
-0.039
-0.039
-0.046
-0.051
-0.055
-0.059
-0.062
-0.063
-0.064
-0.063
-0.063
-0.062
-0.062
-0.061
-0.061
-0.06
-0.059
-0.059
-0.059
-0.058
-0.058
-0.057
-0.056
-0.055
-0.054
-0.053
-0.052
-0.051
-0.05
-0.051
-0.053
-0.056
-0.059
-0.064
-0.064
-0.057
-0.054
-0.053
-0.051
-0.049
-0.048
-0.046
-0.045
-0.045
-0.045
-0.045
-0.046
-0.047
-0.049
-0.052
-0.055
-0.059
-0.066
-0.081
-0.095
-0.108
-0.119
-0.125
-0.119
-0.1
-0.06
0.0
0.084
0.191
0.315
0.45
0.588
0.712
0.797
0.825
0.785
0.668
0.493
0.301
0.126
-0.004
-0.087
-0.123
-0.137
-0.137
-0.13
-0.118
-0.101
-0.085
-0.074
-0.067
-0.062
-0.059
-0.056
-0.053
-0.048
-0.042
-0.035
-0.03
-0.024
-0.018
-0.013
-0.012
-0.013
-0.014
-0.016
-0.018
-0.02
-0.025
-0.024
-0.015
-0.008
-0.002
0.003
0.009
0.014
0.017
0.02
0.023
0.027
0.029
0.031
0.032
0.033
0.034
0.036
0.04
0.038
0.035
0.033
0.043
0.052
0.057
0.06
0.064
0.068
0.071
0.074
0.077
0.08
0.083
0.086
0.087
0.089
0.09
0.091
0.092
0.093
0.094
0.094
0.095
0.096
0.097
0.098
0.098
0.097
0.095
0.093
0.091
0.089
0.086
0.083
0.079
0.075
0.07
0.065
0.059
0.052
0.044
0.036
0.027
0.018
0.006
-0.001
-0.006
-0.014
-0.026
-0.034
-0.04
-0.04
-0.035
-0.03
-0.025
-0.025
-0.032
-0.035
-0.038
-0.04
-0.042
-0.042
-0.042
-0.041
-0.038
-0.036
-0.033
-0.03
-0.026
-0.021
-0.018
-0.018
-0.019
-0.021
-0.023
-0.024
-0.024
-0.025
-0.027
-0.028
-0.03
-0.032
-0.034
-0.035
-0.037
-0.038
-0.039
-0.039
-0.04
-0.042
-0.043
-0.044
-0.044
-0.045
-0.046
-0.048
-0.049
-0.049
-0.049
-0.049
-0.048
-0.046
-0.045
-0.043
-0.041
-0.039
-0.037
-0.035
-0.032
-0.025
-0.018
-0.012
-0.008
-0.005
-0.003
-0.002
-0.001
-0.001
-0.001
-0.001
-0.001
-0.003
-0.006
-0.008
-0.011
-0.014
-0.016
-0.019
-0.022
-0.026
-0.029
-0.03
-0.029
-0.028
-0.026
-0.023
-0.02
-0.018
-0.015
-0.012
-0.009
-0.006
-0.002
0.0
0.004
0.007
0.01
0.013
0.016
0.017
0.017
0.017
0.016
0.015
0.014
0.012
0.009
0.005
0.0
0.0
0.001
0.006
0.011
0.015
0.018
0.022
0.025
0.027
0.027
0.026
0.022
0.018
0.013
0.006
-0.005
-0.01
-0.014
-0.017
-0.019
-0.02
-0.019
-0.016
-0.011
-0.002
0.016
0.029
0.034
0.039
0.042
0.045
0.047
0.049
0.052
0.054
0.057
0.059
0.063
0.069
0.071
0.065
0.055
0.046
0.038
0.031
0.023
0.015
0.005
-0.005
-0.013
-0.018
-0.023
-0.028
-0.027
-0.012
0.029
0.109
0.214
0.335
0.468
0.606
0.73
0.808
0.813
0.76
0.603
0.398
0.182
0.0
-0.091
-0.104
-0.079
-0.033
-0.016
-0.01
-0.011
-0.018
-0.021
-0.024
-0.026
-0.028
-0.029
-0.029
-0.03
-0.03
-0.031
-0.032
-0.033
-0.033
-0.034
-0.034
-0.037
-0.036
-0.029
-0.026
-0.023
-0.02
-0.017
-0.016
-0.016
-0.018
-0.02
-0.022
-0.024
-0.027
-0.033
-0.036
-0.033
-0.025
-0.011
0.007
0.021
0.032
0.044
0.052
0.058
0.063
0.067
0.07
0.073
0.075
0.077
0.081
0.084
0.089
0.093
0.098
0.102
0.106
0.109
0.112
0.113
0.114
0.114
0.115
0.117
0.121
0.113
0.108
0.106
0.105
0.105
0.105
0.105
0.104
0.103
0.101
0.099
0.098
0.096
0.094
0.092
0.09
0.088
0.085
0.082
0.077
0.066
0.054
0.038
0.026
0.015
0.005
0.0
-0.004
-0.007
-0.009
-0.011
-0.012
-0.014
-0.017
-0.023
-0.029
-0.036
-0.042
-0.049
-0.057
-0.064
-0.069
-0.073
-0.077
-0.082
-0.088
-0.093
-0.097
-0.1
-0.101
-0.102
-0.105
-0.108
-0.11
-0.105
-0.096
-0.089
-0.085
-0.081
-0.078
-0.074
-0.07
-0.065
-0.06
-0.056
-0.052
-0.049
-0.045
-0.042
-0.039
-0.036
-0.035
-0.034
-0.034
-0.035
-0.037
-0.04
-0.043
-0.048
-0.053
-0.057
-0.062
-0.067
-0.073
-0.079
-0.084
-0.087
-0.09
-0.091
-0.093
-0.095
-0.097
-0.1
-0.105
-0.104
-0.095
-0.071
-0.02
0.054
0.155
0.28
0.421
0.559
0.668
0.712
0.707
0.639
0.513
0.346
0.165
0.0
-0.117
-0.172
-0.191
-0.178
-0.157
-0.134
-0.114
-0.1
-0.097
-0.094
-0.092
-0.091
-0.092
-0.097
-0.103
-0.106
-0.109
-0.112
-0.115
-0.117
-0.119
-0.12
-0.119
-0.117
-0.113
-0.108
-0.102
-0.089
-0.065
-0.048
-0.035
-0.019
-0.008
-0.001
0.005
0.009
0.013
0.016
0.017
0.017
0.018
0.02
0.021
0.023
0.024
0.026
0.029
0.032
0.036
0.04
0.043
0.047
0.052
0.061
0.069
0.072
0.074
0.075
0.076
0.079
0.082
0.084
0.082
0.076
0.07
0.066
0.063
0.061
0.058
0.056
0.053
0.049
0.047
0.045
0.044
0.042
0.04
0.038
0.035
0.026
0.01
0.0
-0.004
-0.009
-0.015
-0.022
-0.034
-0.05
-0.059
-0.064
-0.068
-0.072
-0.076
-0.08
-0.082
-0.083
-0.085
-0.087
-0.089
-0.09
-0.092
-0.093
-0.094
-0.095
-0.096
-0.096
-0.095
-0.094
-0.093
-0.092
-0.091
-0.089
-0.086
-0.083
-0.079
-0.076
-0.069
-0.055
-0.046
-0.035
-0.017
-0.006
0.0
0.004
0.007
0.009
0.008
0.005
0.0
-0.004
-0.008
-0.013
-0.017
-0.02
-0.022
-0.024
-0.025
-0.026
-0.027
-0.028
-0.031
-0.03
-0.024
-0.02
-0.017
-0.014
-0.012
-0.01
-0.01
-0.012
-0.014
-0.017
-0.019
-0.021
-0.023
-0.026
-0.029
-0.031
-0.032
-0.031
-0.031
-0.031
-0.031
-0.031
-0.03
-0.028
-0.026
-0.029
-0.037
-0.047
-0.058
-0.063
-0.069
-0.073
-0.067
-0.047
-0.003
0.058
0.142
0.247
0.367
0.499
0.627
0.725
0.771
0.744
0.639
0.464
0.244
0.032
-0.124
-0.185
-0.188
-0.142
-0.088
-0.061
-0.052
-0.057
-0.063
-0.068
-0.06
-0.034
-0.008
0.004
0.011
0.015
0.017
0.017
0.014
0.009
0.004
0.0
-0.003
-0.007
-0.01
-0.012
-0.012
-0.01
-0.008
-0.004
-0.001
0.004
0.014
0.023
0.033
0.042
0.048
0.053
0.059
0.059
0.05
0.044
0.038
0.033
0.031
0.032
0.037
0.044
0.056
0.075
0.087
0.096
0.097
0.094
0.091
0.088
0.09
0.101
0.109
0.115
0.12
0.126
0.131
0.135
0.141
0.15
0.151
0.145
0.14
0.134
0.134
0.139
0.144
0.149
0.15
0.144
0.139
0.135
0.131
0.126
0.121
0.1
0.071
0.053
0.041
0.034
0.029
0.025
0.022
0.018
0.013
0.013
0.02
0.025
0.029
0.032
0.035
0.038
0.039
0.042
0.047
0.054
0.043
0.03
0.02
0.011
0.005
-0.005
-0.013
-0.016
-0.019
-0.02
-0.018
-0.015
-0.019
-0.03
-0.035
-0.039
-0.042
-0.042
-0.039
-0.035
-0.03
-0.022
-0.012
-0.007
-0.004
-0.01
-0.016
-0.019
-0.023
-0.027
-0.032
-0.036
-0.039
-0.043
-0.047
-0.05
-0.052
-0.051
-0.049
-0.046
-0.043
-0.041
-0.038
-0.035
-0.033
-0.035
-0.039
-0.045
-0.053
-0.064
-0.069
-0.072
-0.074
-0.077
-0.078
-0.078
-0.076
-0.074
-0.072
-0.071
-0.069
-0.067
-0.066
-0.066
-0.065
-0.066
-0.066
-0.068
-0.07
-0.062
-0.047
-0.032
-0.026
-0.023
-0.021
-0.018
-0.017
-0.015
-0.014
-0.014
-0.014
-0.014
-0.015
-0.016
-0.018
-0.021
-0.023
-0.026
-0.03
-0.038
-0.046
-0.052
-0.057
-0.059
-0.056
-0.049
-0.038
-0.027
-0.022
-0.02
-0.017
-0.016
-0.016
-0.018
-0.022
-0.027
-0.032
-0.039
-0.039
-0.031
-0.024
-0.018
-0.019
-0.031
-0.042
-0.055
-0.056
-0.048
-0.042
-0.038
-0.033
-0.029
-0.025
-0.021
-0.016
-0.009
-0.009
-0.016
-0.022
-0.026
-0.03
-0.034
-0.038
-0.042
-0.046
-0.052
-0.057
-0.06
-0.058
-0.055
-0.05
-0.041
-0.031
-0.029
-0.028
-0.026
-0.023
-0.019
-0.015
-0.01
-0.003
0.002
0.005
0.016
0.041
0.064
0.072
0.072
0.065
0.043
0.016
-0.007
-0.02
-0.032
-0.033
-0.015
0.043
0.136
0.254
0.385
0.517
0.648
0.767
0.83
0.828
0.752
0.584
0.386
0.207
0.065
-0.026
-0.055
-0.065
-0.058
-0.046
-0.037
-0.032
-0.029
-0.027
-0.031
-0.037
-0.042
-0.048
-0.05
-0.047
-0.041
-0.036
-0.031
-0.027
-0.023
-0.02
-0.016
-0.013
-0.01
-0.007
-0.004
0.0
0.002
0.006
0.012
0.02
0.01
-0.006
-0.02
-0.026
-0.029
-0.032
-0.033
-0.033
-0.032
-0.029
-0.026
-0.02
-0.01
0.005
0.018
0.03
0.042
0.054
0.064
0.072
0.08
0.091
0.106
0.117
0.123
0.127
0.132
0.136
0.141
0.147
0.157
0.164
0.171
0.177
0.181
0.185
0.188
0.191
0.194
0.194
0.191
0.185
0.175
0.157
0.144
0.136
0.132
0.132
0.135
0.141
0.145
0.15
0.154
0.156
0.154
0.149
0.142
0.131
0.111
0.09
0.068
0.052
0.041
0.033
0.026
0.021
0.017
0.014
0.011
0.008
0.004
0.001
-0.002
-0.006
-0.009
-0.012
-0.015
-0.019
-0.022
-0.025
-0.027
-0.03
-0.032
-0.033
-0.035
-0.039
-0.045
-0.052
-0.058
-0.062
-0.066
-0.068
-0.07
-0.071
-0.071
-0.072
-0.071
-0.071
-0.071
-0.071
-0.071
-0.07
-0.067
-0.062
-0.055
-0.04
-0.019
-0.009
-0.005
-0.002
-0.003
-0.013
-0.018
-0.021
-0.023
-0.026
-0.027
-0.029
-0.031
-0.033
-0.036
-0.038
-0.04
-0.042
-0.045
-0.048
-0.058
-0.076
-0.089
-0.098
-0.103
-0.111
-0.11
-0.089
-0.039
0.036
0.139
0.261
0.394
0.529
0.648
0.728
0.738
0.708
0.585
0.405
0.196
0.001
-0.129
-0.165
-0.177
-0.165
-0.149
-0.135
-0.125
-0.115
-0.106
-0.103
-0.102
-0.101
-0.1
-0.098
-0.097
-0.096
-0.096
-0.095
-0.093
-0.091
-0.089
-0.088
-0.087
-0.085
-0.083
-0.081
-0.08
-0.079
-0.08
-0.082
-0.085
-0.087
-0.091
-0.098
-0.097
-0.087
-0.072
-0.051
-0.03
-0.008
0.013
0.034
0.045
0.05
0.055
0.058
0.061
0.062
0.063
0.064
0.065
0.066
0.066
0.067
0.067
0.067
0.067
0.068
0.068
0.068
0.068
0.068
0.068
0.069
0.07
0.069
0.067
0.066
0.064
0.063
0.063
0.062
0.059
0.056
0.051
0.045
0.041
0.037
0.033
0.028
0.023
0.017
0.01
-0.003
-0.026
-0.04
-0.047
-0.052
-0.058
-0.063
-0.067
-0.07
-0.072
-0.074
-0.075
-0.077
-0.078
-0.079
-0.079
-0.079
-0.08
-0.08
-0.082
-0.083
-0.084
-0.084
-0.084
-0.085
-0.087
-0.088
-0.09
-0.091
-0.092
-0.094
-0.098
-0.102
-0.104
-0.102
-0.097
-0.09
-0.079
-0.058
-0.036
-0.021
-0.014
-0.009
-0.005
-0.002
-0.001
-0.001
-0.003
-0.007
-0.011
-0.014
-0.019
-0.023
-0.026
-0.026
-0.024
-0.019
-0.014
-0.01
-0.003
0.002
0.005
0.003
-0.002
-0.01
-0.015
-0.02
-0.024
-0.028
-0.032
-0.037
-0.042
-0.049
-0.064
-0.083
-0.093
-0.099
-0.097
-0.079
-0.03
0.06
0.181
0.313
0.442
0.567
0.684
0.772
0.785
0.759
0.637
0.456
0.248
0.064
-0.069
-0.114
-0.129
-0.121
-0.114
-0.111
-0.11
-0.107
-0.104
-0.098
-0.091
-0.086
-0.081
-0.077
-0.073
-0.069
-0.067
-0.065
-0.064
-0.064
-0.064
-0.064
-0.065
-0.065
-0.065
-0.067
-0.071
-0.061
-0.051
-0.043
-0.034
-0.024
-0.008
0.012
0.023
0.029
0.035
0.038
0.04
0.04
0.039
0.038
0.036
0.035
0.033
0.032
0.03
0.028
0.027
0.026
0.025
0.026
0.029
0.034
0.04
0.047
0.053
0.061
0.074
0.086
0.093
0.099
0.105
0.112
0.115
0.11
0.1
0.093
0.086
0.08
0.072
0.065
0.058
0.05
0.04
0.035
0.036
0.038
0.042
0.046
0.037
0.029
0.024
0.019
0.015
0.01
0.005
-0.002
-0.017
-0.038
-0.051
-0.059
-0.067
-0.074
-0.08
-0.087
-0.092
-0.093
-0.09
-0.085
-0.081
-0.076
-0.073
-0.071
-0.072
-0.073
-0.074
-0.075
-0.077
-0.078
-0.079
-0.078
-0.074
-0.067
-0.06
-0.054
-0.049
-0.043
-0.038
-0.033
-0.028
-0.025
-0.022
-0.019
-0.017
-0.014
-0.01
-0.007
-0.005
-0.003
-0.004
-0.006
-0.009
-0.013
-0.018
-0.022
-0.029
-0.034
-0.034
-0.029
-0.023
-0.02
-0.017
-0.014
-0.012
-0.01
-0.009
-0.009
-0.009
-0.01
-0.011
-0.013
-0.014
-0.016
-0.018
-0.02
-0.023
-0.025
-0.029
-0.032
-0.035
-0.039
-0.042
-0.045
-0.049
-0.052
-0.057
-0.065
-0.07
-0.07
-0.065
-0.054
-0.024
0.028
0.104
0.201
0.304
0.402
0.496
0.583
0.654
0.677
0.666
0.58
0.423
0.235
0.047
-0.104
-0.175
-0.183
-0.156
-0.116
-0.084
-0.077
-0.072
-0.067
-0.062
-0.057
-0.051
-0.035
-0.013
-0.005
-0.003
-0.001
0.0
0.0
0.0
0.001
0.002
0.003
0.004
0.004
0.005
0.005
0.005
0.004
0.005
0.005
0.006
0.007
0.008
0.008
0.009
0.011
0.012
0.013
0.015
0.016
0.017
0.02
0.022
0.031
0.054
0.066
0.072
0.077
0.081
0.082
0.082
0.082
0.08
0.078
0.076
0.072
0.069
0.069
0.074
0.082
0.091
0.102
0.107
0.11
0.112
0.115
0.116
0.112
0.104
0.09
0.07
0.06
0.056
0.052
0.049
0.047
0.044
0.041
0.04
0.039
0.037
0.034
0.022
-0.008
-0.021
-0.026
-0.028
-0.03
-0.032
-0.033
-0.033
-0.032
-0.03
-0.028
-0.026
-0.025
-0.023
-0.021
-0.018
-0.017
-0.016
-0.015
-0.015
-0.014
-0.014
-0.014
-0.016
-0.018
-0.021
-0.023
-0.025
-0.026
-0.028
-0.032
-0.036
-0.041
-0.046
-0.054
-0.063
-0.053
-0.036
-0.026
-0.021
-0.018
-0.019
-0.021
-0.023
-0.024
-0.026
-0.027
-0.028
-0.029
-0.032
-0.032
-0.029
-0.026
-0.022
-0.023
-0.031
-0.037
-0.041
-0.045
-0.048
-0.049
-0.049
-0.047
-0.044
-0.042
-0.04
-0.038
-0.034
-0.031
-0.028
-0.028
-0.03
-0.034
-0.038
-0.042
-0.045
-0.049
-0.054
-0.057
-0.059
-0.061
-0.062
-0.063
-0.065
-0.067
-0.068
-0.066
-0.063
-0.057
-0.049
-0.03
-0.01
0.001
0.006
0.01
0.013
0.017
0.019
0.018
0.012
0.004
-0.006
-0.019
-0.025
-0.032
-0.036
-0.029
-0.005
0.048
0.126
0.228
0.35
0.483
0.61
0.715
0.772
0.772
0.714
0.581
0.409
0.226
0.063
-0.05
-0.091
-0.105
-0.086
-0.065
-0.047
-0.045
-0.051
-0.056
-0.062
-0.064
-0.061
-0.054
-0.047
-0.04
-0.036
-0.034
-0.032
-0.031
-0.029
-0.027
-0.025
-0.025
-0.026
-0.028
-0.03
-0.032
-0.033
-0.034
-0.033
-0.032
-0.03
-0.029
-0.027
-0.025
-0.023
-0.019
-0.014
-0.008
-0.004
0.0
0.002
0.005
0.007
0.009
0.01
0.012
0.015
0.019
0.028
0.043
0.057
0.074
0.093
0.112
0.13
0.149
0.159
0.165
0.169
0.17
0.169
0.165
0.16
0.154
0.147
0.14
0.135
0.132
0.13
0.128
0.126
0.125
0.123
0.122
0.12
0.118
0.116
0.114
0.112
0.11
0.106
0.096
0.085
0.073
0.061
0.045
0.034
0.028
0.022
0.016
0.011
0.005
0.0
-0.004
-0.011
-0.02
-0.029
-0.036
-0.039
-0.041
-0.042
-0.043
-0.044
-0.044
-0.045
-0.046
-0.048
-0.049
-0.05
-0.052
-0.052
-0.053
-0.053
-0.054
-0.055
-0.056
-0.057
-0.059
-0.061
-0.064
-0.067
-0.069
-0.07
-0.069
-0.066
-0.063
-0.058
-0.054
-0.049
-0.042
-0.034
-0.028
-0.024
-0.02
-0.016
-0.013
-0.009
-0.005
0.0
0.003
0.007
0.01
0.014
0.017
0.02
0.021
0.019
0.015
0.01
0.004
-0.001
-0.01
-0.016
-0.017
-0.018
-0.019
-0.021
-0.01
-0.003
0.0
0.003
0.005
0.007
0.008
0.009
0.009
0.008
0.007
0.004
0.001
-0.001
-0.004
-0.006
-0.008
-0.012
-0.015
-0.018
-0.018
-0.016
-0.013
-0.009
-0.006
-0.004
-0.001
0.001
0.004
0.007
0.009
0.008
0.006
0.003
0.0
-0.003
-0.007
-0.011
-0.016
-0.02
-0.024
-0.027
-0.029
-0.031
-0.034
-0.037
-0.04
-0.042
-0.044
-0.044
-0.042
-0.039
-0.034
-0.028
-0.018
-0.004
0.006
0.014
0.019
0.023
0.027
0.031
0.034
0.037
0.04
0.043
0.045
0.047
0.047
0.046
0.042
0.036
0.028
0.014
-0.012
-0.037
-0.054
-0.058
-0.062
-0.064
-0.05
-0.006
0.07
0.174
0.298
0.432
0.569
0.697
0.802
0.852
0.847
0.768
0.596
0.381
0.168
-0.002
-0.11
-0.141
-0.138
-0.096
-0.07
-0.063
-0.059
-0.057
-0.055
-0.054
-0.053
-0.053
-0.053
-0.052
-0.051
-0.051
-0.051
-0.051
-0.051
-0.05
-0.049
-0.046
-0.044
-0.043
-0.046
-0.051
-0.056
-0.061
-0.066
-0.069
-0.065
-0.06
-0.056
-0.054
-0.05
-0.045
-0.041
-0.038
-0.033
-0.027
-0.017
-0.007
0.006
0.028
0.042
0.048
0.052
0.056
0.06
0.064
0.068
0.072
0.075
0.078
0.082
0.087
0.091
0.094
0.095
0.096
0.098
0.101
0.104
0.103
0.094
0.085
0.077
0.073
0.078
0.086
0.091
0.094
0.097
0.1
0.102
0.103
0.101
0.097
0.092
0.086
0.079
0.07
0.058
0.046
0.036
0.028
0.023
0.018
0.013
0.008
0.002
-0.001
-0.004
-0.006
-0.009
-0.014
-0.022
-0.034
-0.049
-0.057
-0.062
-0.067
-0.072
-0.077
-0.08
-0.082
-0.084
-0.084
-0.085
-0.086
-0.086
-0.086
-0.086
-0.086
-0.088
-0.09
-0.092
-0.092
-0.091
-0.088
-0.084
-0.079
-0.075
-0.07
-0.065
-0.058
-0.049
-0.042
-0.038
-0.035
-0.032
-0.03
-0.027
-0.024
-0.022
-0.021
-0.019
-0.017
-0.015
-0.015
-0.015
-0.016
-0.017
-0.018
-0.02
-0.022
-0.026
-0.029
-0.033
-0.036
-0.038
-0.042
-0.048
-0.062
-0.073
-0.082
-0.09
-0.098
-0.102
-0.096
-0.077
-0.024
0.067
0.184
0.318
0.463
0.611
0.738
0.808
0.81
0.749
0.597
0.398
0.193
0.017
-0.11
-0.151
-0.164
-0.138
-0.113
-0.094
-0.083
-0.082
-0.084
-0.088
-0.092
-0.097
-0.095
-0.083
-0.077
-0.075
-0.073
-0.072
-0.071
-0.071
-0.07
-0.068
-0.065
-0.063
-0.062
-0.06
-0.058
-0.057
-0.056
-0.055
-0.053
-0.05
-0.046
-0.034
-0.004
0.013
0.022
0.028
0.034
0.04
0.045
0.051
0.055
0.058
0.061
0.063
0.066
0.069
0.07
0.071
0.072
0.074
0.075
0.077
0.078
0.08
0.081
0.082
0.084
0.086
0.088
0.089
0.09
0.091
0.093
0.095
0.097
0.097
0.094
0.089
0.083
0.076
0.066
0.05
0.038
0.029
0.021
0.015
0.009
0.004
0.0
-0.004
-0.009
-0.015
-0.024
-0.033
-0.04
-0.047
-0.054
-0.059
-0.064
-0.067
-0.069
-0.071
-0.074
-0.08
-0.09
-0.098
-0.101
-0.103
-0.105
-0.107
-0.108
-0.109
-0.11
-0.11
-0.11
-0.11
-0.109
-0.107
-0.104
-0.101
-0.098
-0.093
-0.087
-0.074
-0.056
-0.042
-0.031
-0.023
-0.019
-0.016
-0.013
-0.01
-0.008
-0.005
-0.004
-0.003
-0.005
-0.008
-0.013
-0.017
-0.023
-0.033
-0.033
-0.026
-0.022
-0.019
-0.016
-0.014
-0.012
-0.012
-0.015
-0.018
-0.021
-0.024
-0.027
-0.031
-0.035
-0.039
-0.041
-0.043
-0.044
-0.047
-0.051
-0.05
-0.037
-0.027
-0.019
-0.012
-0.009
-0.009
-0.013
-0.019
-0.025
-0.031
-0.04
-0.05
-0.059
-0.066
-0.072
-0.078
-0.08
-0.079
-0.074
-0.066
-0.041
0.005
0.07
0.155
0.255
0.365
0.485
0.604
0.702
0.739
0.73
0.642
0.471
0.253
0.037
-0.123
-0.195
-0.203
-0.173
-0.118
-0.07
-0.052
-0.045
-0.041
-0.037
-0.031
-0.024
-0.022
-0.02
-0.018
-0.017
-0.016
-0.015
-0.015
-0.014
-0.013
-0.012
-0.011
-0.01
-0.01
-0.01
-0.01
-0.01
-0.009
-0.009
-0.008
-0.007
-0.007
-0.005
-0.004
-0.001
0.0
0.003
0.005
0.008
0.015
0.023
0.03
0.036
0.04
0.043
0.045
0.048
0.051
0.055
0.058
0.061
0.063
0.067
0.071
0.075
0.08
0.084
0.088
0.091
0.094
0.098
0.101
0.105
0.107
0.109
0.11
0.11
0.11
0.109
0.108
0.106
0.103
0.098
0.09
0.073
0.064
0.058
0.054
0.048
0.043
0.037
0.03
0.022
0.021
0.023
0.026
0.028
0.028
0.021
0.017
0.013
0.01
0.006
0.003
0.001
0.0
-0.004
-0.008
-0.008
-0.005
0.0
0.003
0.008
0.012
0.013
0.009
0.002
-0.003
-0.008
-0.014
-0.02
-0.024
-0.026
-0.028
-0.029
-0.03
-0.033
-0.034
-0.031
-0.028
-0.024
-0.03
-0.038
-0.044
-0.034
-0.027
-0.021
-0.017
-0.014
-0.014
-0.014
-0.014
-0.015
-0.014
-0.014
-0.013
-0.016
-0.023
-0.03
-0.037
-0.041
-0.042
-0.044
-0.047
-0.048
-0.046
-0.04
-0.035
-0.029
-0.027
-0.029
-0.034
-0.036
-0.038
-0.041
-0.042
-0.043
-0.043
-0.042
-0.04
-0.038
-0.037
-0.036
-0.036
-0.034
-0.032
-0.031
-0.029
-0.028
-0.026
-0.023
-0.021
-0.017
-0.015
-0.012
-0.009
-0.005
0.0
0.003
0.005
0.005
0.005
0.005
0.005
0.006
0.001
-0.003
-0.005
-0.007
-0.009
-0.01
-0.011
-0.011
-0.012
-0.012
-0.011
-0.009
-0.007
-0.005
-0.003
0.0
0.0
-0.003
-0.005
-0.007
-0.009
-0.01
-0.011
-0.011
-0.009
-0.007
-0.005
-0.003
-0.001
0.0
0.002
0.005
0.007
0.009
0.01
0.013
0.016
0.018
0.014
0.006
-0.001
-0.009
-0.016
-0.02
-0.028
-0.038
-0.046
-0.052
-0.047
-0.032
-0.016
-0.012
-0.009
-0.007
-0.006
-0.007
-0.009
-0.011
-0.014
-0.018
-0.024
-0.023
-0.014
-0.005
0.004
0.014
0.02
0.024
0.026
0.028
0.029
0.03
0.031
0.031
0.032
0.032
0.033
0.033
0.033
0.033
0.034
0.035
0.036
0.038
0.041
0.033
0.022
0.007
-0.01
-0.026
-0.039
-0.046
-0.034
0.003
0.077
0.18
0.302
0.435
0.572
0.701
0.801
0.85
0.827
0.722
0.55
0.346
0.157
0.018
-0.056
-0.071
-0.069
-0.058
-0.051
-0.049
-0.052
-0.059
-0.071
-0.082
-0.088
-0.092
-0.082
-0.065
-0.052
-0.048
-0.044
-0.044
-0.048
-0.056
-0.06
-0.064
-0.066
-0.069
-0.07
-0.072
-0.073
-0.074
-0.074
-0.073
-0.072
-0.071
-0.07
-0.067
-0.063
-0.057
-0.043
-0.029
-0.016
-0.01
-0.006
-0.002
0.001
0.004
0.008
0.012
0.018
0.025
0.033
0.046
0.062
0.07
0.075
0.078
0.082
0.085
0.087
0.089
0.091
0.093
0.096
0.098
0.099
0.098
0.096
0.093
0.09
0.085
0.078
0.077
0.084
0.095
0.105
0.108
0.109
0.11
0.11
0.11
0.11
0.109
0.108
0.106
0.102
0.098
0.092
0.082
0.075
0.069
0.063
0.056
0.048
0.041
0.037
0.033
0.028
0.022
0.016
0.009
0.0
-0.012
-0.022
-0.031
-0.036
-0.04
-0.043
-0.047
-0.05
-0.054
-0.059
-0.061
-0.063
-0.065
-0.067
-0.069
-0.071
-0.072
-0.073
-0.073
-0.074
-0.074
-0.075
-0.076
-0.076
-0.077
-0.079
-0.077
-0.066
-0.05
-0.029
-0.015
-0.007
-0.003
-0.002
-0.002
-0.001
-0.001
0.0
0.0
-0.007
-0.011
-0.012
-0.013
-0.014
-0.016
-0.017
-0.019
-0.021
-0.024
-0.026
-0.028
-0.03
-0.033
-0.036
-0.041
-0.053
-0.072
-0.081
-0.087
-0.087
-0.078
-0.056
-0.005
0.072
0.177
0.304
0.443
0.577
0.693
0.76
0.762
0.702
0.561
0.388
0.216
0.068
-0.041
-0.086
-0.099
-0.108
-0.112
-0.113
-0.113
-0.11
-0.106
-0.101
-0.095
-0.086
-0.081
-0.077
-0.074
-0.072
-0.07
-0.069
-0.069
-0.071
-0.075
-0.081
-0.092
-0.107
-0.116
-0.122
-0.112
-0.096
-0.076
-0.055
-0.038
-0.026
-0.01
0.009
0.025
0.032
0.035
0.037
0.039
0.04
0.043
0.046
0.049
0.051
0.054
0.056
0.059
0.062
0.067
0.072
0.077
0.081
0.085
0.089
0.093
0.095
0.095
0.094
0.091
0.088
0.084
0.081
0.078
0.074
0.069
0.064
0.061
0.058
0.056
0.054
0.052
0.048
0.044
0.041
0.038
0.035
0.033
0.03
0.027
0.023
0.017
0.009
0.0
-0.01
-0.024
-0.033
-0.039
-0.048
-0.065
-0.082
-0.093
-0.094
-0.095
-0.096
-0.096
-0.096
-0.093
-0.09
-0.088
-0.086
-0.084
-0.083
-0.082
-0.082
-0.082
-0.084
-0.086
-0.09
-0.093
-0.097
-0.102
-0.107
-0.109
-0.107
-0.102
-0.095
-0.082
-0.062
-0.046
-0.033
-0.017
-0.008
-0.002
0.001
0.005
0.008
0.01
0.01
0.008
0.005
0.001
-0.001
-0.004
-0.007
-0.012
-0.017
-0.023
-0.026
-0.027
-0.026
-0.025
-0.024
-0.023
-0.02
-0.016
-0.022
-0.025
-0.026
-0.026
-0.027
-0.027
-0.027
-0.027
-0.026
-0.026
-0.027
-0.027
-0.027
-0.028
-0.028
-0.028
-0.029
-0.03
-0.032
-0.033
-0.035
-0.037
-0.04
-0.043
-0.054
-0.073
-0.082
-0.088
-0.091
-0.088
-0.08
-0.056
-0.014
0.051
0.141
0.251
0.371
0.494
0.61
0.704
0.745
0.702
0.576
0.396
0.196
0.015
-0.114
-0.166
-0.169
-0.138
-0.106
-0.098
-0.093
-0.088
-0.081
-0.075
-0.067
-0.049
-0.025
-0.016
-0.011
-0.008
-0.006
-0.006
-0.006
-0.006
-0.006
-0.007
-0.009
-0.012
-0.016
-0.019
-0.024
-0.03
-0.037
-0.04
-0.037
-0.031
-0.023
-0.018
-0.013
-0.008
-0.004
-0.001
0.002
0.005
0.008
0.01
0.012
0.014
0.016
0.018
0.021
0.023
0.025
0.027
0.03
0.033
0.035
0.037
0.04
0.043
0.045
0.049
0.052
0.055
0.058
0.061
0.064
0.068
0.072
0.076
0.082
0.086
0.088
0.088
0.088
0.088
0.088
0.089
0.087
0.077
0.068
0.06
0.052
0.046
0.035
0.021
0.016
0.015
0.014
