0,1,2,3,4,5,6,7,8,9,10,11,12,13,14,15,16,17,18,19,20,21,22,23,24,25,26,27,28,29,30,31,32,33,34,35,36,37,38,39,40,41,42,43,44,45,46,47,48,49,50,51,52,53,54,55,56,57,58,59,60,61,62,63,64,65,66,67,68,69,70,71,72,73,74,75,76,77,78,79,80,81,82,83,84,85,86,87,88,89,90,91,92,93,94,95,96,97,98,99,100,101,102,103,104,105,106,107,108,109,110,111,112,113,114,115,116,117,118,119,120,121,122,123,124,125,126,127,128,129,130,131,132,133,134,135,136,137,138,139,140,141,142,143,144,145,146,147,148,149,150,151,152,153,154,155,156,157,158,159,160,161,162,163,164,165,166,167,168,169,170,171,172,173,174,175,176,177,178,179,180,181,182,183,184,185,186,187,188,189,190,191,192,193,194,195,196,197,198,199,200,201,202,203,204,205,206,207,208,209,210,211,212,213,214,215,216,217,218,219,220,221,222,223,224,225,226,227,228,229,230,231,232,233,234,235,236,237,238,239,240,241,242,243,244,245,246,247,248,249,250,251,252,253,254,255,256,257,258,259,260,261,262,263,264,265,266,267,268,269,270,271,272,273,274,275,276,277,278,279,280,281,282,283,284,285,286,287,288,289,290,291,292,293,294,295,296,297,298,299,300,301,302,303,304,305,306,307,308,309,310,311,312,313,314,315,316,317,318,319,320,321,322,323,324,325,326,327,328,329,330,331,332,333,334,335,336,337,338,339,340,341,342,343,344,345,346,347,348,349,350,351,352,353,354,355,356,357,358,359,360,361,362,363,364,365,366,367,368,369,370,371,372,373,374,375,376,377,378,379,380,381,382,383,384,385,386,387,388,389,390,391,392,393,394,395,396,397,398,399,400,401,402,403,404,405,406,407,408,409,410,411,412,413,414,415,416,417,418,419,420,421,422,423,424,425,426,427,428,429,430,431,432,433,434,435,436,437,438,439,440,441,442,443,444,445,446,447,448,449,450,451,452,453,454,455,456,457,458,459,460,461,462,463,464,465,466,467,468,469,470,471,472,473,474,475,476,477,478,479,480,481,482,483,484,485,486,487,488,489,490,491,492,493,494,495,496,497,498,499,500,501,502,503,504,505,506,507,508,509,510,511,512,513,514,515,516,517,518,519,520,521,522,523,524,525,526,527,528,529,530,531,532,533,534,535,536,537,538,539,540,541,542,543,544,545,546,547,548,549,550,551,552,553,554,555,556,557,558,559,560,561,562,563,564,565,566,567,568,569,570,571,572,573,574,575,576,577,578,579,580,581,582,583,584,585,586,587,588,589,590,591,592,593,594,595,596,597,598,599,600,601,602,603,604,605,606,607,608,609,610,611,612,613,614,615,616,617,618,619,620,621,622,623,624,625,626,627,628,629,630,631,632,633,634,635,636,637,638,639,640,641,642,643,644,645,646,647,648,649,650,651,652,653,654,655,656,657,658,659,660,661,662,663,664,665,666,667,668,669,670,671,672,673,674,675,676,677,678,679,680,681,682,683,684,685,686,687,688,689,690,691,692,693,694,695,696,697,698,699,700,701,702,703,704,705,706,707,708,709,710,711,712,713,714,715,716,717,718,719,720,721,722,723,724,725,726,727,728,729,730,731,732,733,734,735,736,737,738,739,740,741,742,743,744,745,746,747,748,749,750,751,752,753,754,755,756,757,758,759,760,761,762,763,764,765,766,767,768,769,770,771,772,773,774,775,776,777,778,779,780,781,782,783,784,785,786,787,788,789,790,791,792,793,794,795,796,797,798,799,800,801,802,803,804,805,806,807,808,809,810,811,812,813,814,815,816,817,818,819,820,821,822,823,824,825,826,827,828,829,830,831,832,833,834,835,836,837,838,839,840,841,842,843,844,845,846,847,848,849,850,851,852,853,854,855,856,857,858,859,860,861,862,863,864,865,866,867,868,869,870,871,872,873,874,875,876,877,878,879,880,881,882,883,884,885,886,887,888,889,890,891,892,893,894,895,896,897,898,899,900,901,902,903,904,905,906,907,908,909,910,911,912,913,914,915,916,917,918,919,920,921,922,923,924,925,926,927,928,929,930,931,932,933,934,935,936,937,938,939,940,941,942,943,944,945,946,947,948,949,950,951,952,953,954,955,956,957,958,959,960,961,962,963,964,965,966,967,968,969,970,971,972,973,974,975,976,977,978,979,980,981,982,983,984,985,986,987,988,989,990,991,992,993,994,995,996,997,998,999,1000,1001,1002,1003,1004,1005,1006,1007,1008,1009,1010,1011,1012,1013,1014,1015,1016,1017,1018,1019,1020,1021,1022,1023,1024,1025,1026,1027,1028,1029,1030,1031,1032,1033,1034,1035,1036,1037,1038,1039,1040,1041,1042,1043,1044,1045,1046,1047,1048,1049,1050,1051,1052,1053,1054,1055,1056,1057,1058,1059,1060,1061,1062,1063,1064,1065,1066,1067,1068,1069,1070,1071,1072,1073,1074,1075,1076,1077,1078,1079
-0.338,-0.4101307174108214,-0.4331396625081324,-0.5283450277490285,-0.5564544294813432,-0.6070014239677897,-0.6149999999999998,-0.6176043198845121,-0.6254166306930498,-0.6042585924809448,-0.6084175826658734,-0.5953961824105787,-0.594,-0.5921409541085106,-0.5823574950002699,-0.5876759865157315,-0.5772268840776396,-0.5779348852320553,-0.572,-0.5646748141330403,-0.5632262586453537,-0.5541500285940599,-0.5558105740504155,-0.5478691680580513,-0.5459999999999999,-0.5447808630770048,-0.5383564260414948,-0.5392487079148303,-0.5317457842204203,-0.5314722946215922,-0.528,-0.5245497557810141,-0.5245919123861966,-0.5187533487019131,-0.5192964185655633,-0.5134871732792465,-0.5120000000000001,-0.5111864637892605,-0.507194796725149,-0.5087130681905476,-0.5037084965390335,-0.5032631887970793,-0.4999999999999999,-0.4966969158417235,-0.49688094845284,-0.4925300068402814,-0.4937941939759904,-0.4910961361726143,-0.49,-0.4889697983590638,-0.4854991845625799,-0.4867014128218977,-0.4834009480034975,-0.4833089228635073,-0.482,-0.4798681068121657,-0.4795356196476706,-0.4757017566687614,-0.474695730794367,-0.4711570564713033,-0.4699999999999998,-0.4687933927714822,-0.4658885508272666,-0.4658787646741529,-0.4625899249923099,-0.4620841703190649,-0.4599999999999999,-0.4579666365357348,-0.4568380444872864,-0.45229293506831,-0.4502665789723977,-0.446016085627263,-0.4429999999999999,-0.4391057255839665,-0.4352481707251194,-0.4339742016684638,-0.4289016722084094,-0.4267483289727458,-0.4229999999999999,-0.4192961184945895,-0.4169093648381073,-0.4126617031178604,-0.4116660234317122,-0.4081448116804241,-0.4059999999999999,-0.4030692037624736,-0.3986757738273258,-0.3967282562546668,-0.3920591902389148,-0.3896704723609915,-0.3859999999999999,-0.3823681543413155,-0.379774188193009,-0.3758603532511106,-0.3743172999456311,-0.3700612181454483,-0.3679999999999999,-0.36585747594174,-0.362416163864215,-0.3611314045942997,-0.3575087828581945,-0.3556972251841087,-0.352,-0.34915581266319,-0.3471076442797305,-0.3418753816144124,-0.3388553179114709,-0.3339288530887226,-0.3309999999999999,-0.3280313034700664,-0.3236746297936832,-0.3220473876538545,-0.3185021574348506,-0.3167895105799881,-0.314,-0.3112154099107176,-0.3094850817006913,-0.3059514284440849,-0.3044620023223917,-0.3012439917974124,-0.299,-0.2966951897968327,-0.2941747760054945,-0.2934741794287127,-0.2911313915920361,-0.2910456952184876,-0.2889999999999999,-0.2870294565311173,-0.2861567324812922,-0.2834958033002415,-0.2825881317175046,-0.2792041473257375,-0.2770000000000001,-0.2740060684393021,-0.2698053382907467,-0.2673330647678069,-0.2614896883374492,-0.2573140225427068,-0.252,-0.2466356070543455,-0.243126719697754,-0.2379049615634464,-0.235008968000028,-0.2311229293099146,-0.228,-0.2240955965580026,-0.2196979344876577,-0.2177416594260758,-0.212868279168201,-0.209463811769995,-0.2049999999999999,-0.2004960135980883,-0.1973239092049317,-0.1913865736211024,-0.1876569522154045,-0.1814484874147883,-0.1749999999999999,-0.1702437387574875,-0.1639729634966839,-0.1591414308006997,-0.1513832102040111,-0.1406315727428288,-0.1259999999999999,-0.1112669252211759,-0.1014494888621012,-0.0933982552623235,-0.0880363011084007,-0.0814768179837921,-0.0739999999999999,-0.0658818468161841,-0.05725981819411,-0.0525513410092728,-0.048127019922892,-0.0443791602476692,-0.041,-0.0375575857274387,-0.0345072921661476,-0.0310708560444629,-0.0293668119382089,-0.0262691654764232,-0.0239999999999999,-0.0225590120127628,-0.0197063631199718,-0.0182282730932093,-0.0159170496523813,-0.0135940685446197,-0.0109999999999999,-0.0076661909421257,-0.0038671441062575,0.0006804085984657,0.004665104351755,0.0102046739652544,0.016,0.023306653063226,0.0308989577269919,0.0357872163132113,0.0412550566624899,0.0457858127048064,0.0499999999999999,0.0542422893090073,0.0582506374538195,0.0622604993915925,0.0652971294538908,0.0700229170736463,0.0739999999999999,0.0772475429012067,0.0808087159413317,0.0838734522301656,0.0873664825286294,0.0907967166831094,0.096,0.100285459680819,0.10470745347342,0.1099710999136492,0.1133190037277401,0.118050273427419,0.1229999999999999,0.1287969034727257,0.1336924696669928,0.1372699965798245,0.1414662325745976,0.1433743271903552,0.147,0.1497342700616925,0.1521230121384826,0.1565895322588265,0.1587198208287898,0.1616126717861341,0.163,0.1644351127588532,0.166713037597896,0.167601252285517,0.1698661023884304,0.1698333828169002,0.17,0.1694709763082772,0.1673447664133381,0.1663846972468343,0.1640053248633919,0.1628461249526495,0.161,0.1592432666696712,0.1568621803484181,0.152231786964586,0.148338509293534,0.1429677733772413,0.1389999999999999,0.127925224179695,0.1034391486327643,0.0642027929717782,0.0091629571898757,-0.0442473840786144,-0.096,-0.1384792706176965,-0.1574392057105442,-0.1637384929973662,-0.161066592003947,-0.1542456889197341,-0.1349999999999999,-0.0967695745493403,-0.050122415633384,0.0043203676788432,0.058370739583486,0.1160327188586012,0.167,0.1843413809160874,0.1871862557902798,0.1912096690718455,0.1923664659591222,0.1943898591019143,0.1929999999999999,0.1850764824491106,0.1745645222406635,0.1672288329735581,0.1637947283785435,0.1602384521543072,0.157,0.1545663226705549,0.1513399768651657,0.1483368450278861,0.1460726705663828,0.143528147562673,0.142,0.1404276612981499,0.1385050010623461,0.137196946060655,0.135135072411457,0.1338446232787548,0.1329999999999999,0.1321080347925015,0.1314479125694089,0.1303555419874497,0.1298029118926364,0.1287458795513698,0.1279999999999999,0.12731196998578,0.1255533202279647,0.124459069063891,0.1236646543203449,0.1228365023931545,0.1219999999999999,0.1212208522328454,0.1196924942725565,0.1183567676678031,0.1175514439239806,0.1156485328484134,0.1149999999999999,0.1135417211399349,0.1112872839266232,0.1107569035419843,0.1092599758409277,0.1077369718667575,0.106,0.1042717703284815,0.1023502007611252,0.0987781303564862,0.096060057544681,0.0933878278926076,0.09,0.0858995452797107,0.0815815792601318,0.077539343522353,0.0734949744406677,0.0703353559142552,0.066,0.0624482795660736,0.0601336065772691,0.0575903901347351,0.0568305470613884,0.0556761827795207,0.054,0.0515651332507238,0.0494082397178261,0.0480169344529591,0.0444065014760897,0.0415636218433253,0.039,0.0363744271325886,0.0342529541813513,0.0311361593470458,0.0295277128229168,0.0274383449587869,0.0249999999999999,0.0241680391634492,0.0228509739705991,0.020490829588419,0.0182155460107486,0.0166325525631453,0.014,0.0122189890587326,0.0103633993143185,0.0070814216411501,0.0055172987090127,0.0035254446840642,0.0019999999999999,0.0012591362299294,0.0001054440566031,7.532399239188218e-05,-0.0001021715496467,6.446540266778949e-05,6.315935428978669e-18,-2.9947859801617303e-05,-0.0004305913898937,-0.0017432637997693,-0.0021335795369947,-0.0032774421724014,-0.004,-0.00473987968722,-0.0057740514247369,-0.0067165042909957,-0.0087055887197167,-0.0090332833962361,-0.0109999999999999,-0.0129618111421974,-0.013701017626913,-0.0174064592464706,-0.0199057501961173,-0.0273447055874222,-0.0429999999999999,-0.0581975377251945,-0.0718922569084739,-0.0839245689944293,-0.0936588065641165,-0.1013693306019177,-0.1069999999999999,-0.1105088064237775,-0.1129096030883936,-0.1156465508835693,-0.1177355490464683,-0.1192549044920645,-0.1199999999999999,-0.1208141336879804,-0.1212123179491689,-0.120787067239256,-0.1211707911556034,-0.1209109041482617,-0.1209999999999999,-0.1203704889556117,-0.1185153667202549,-0.1171936691933559,-0.1151716035867281,-0.1137157839834232,-0.1109999999999999,-0.1075395470496708,-0.1052398942406298,-0.1070743255927212,-0.1182323481365882,-0.1283669858991784,-0.132,-0.1353108351586891,-0.1386196874844138,-0.1421516063749045,-0.1449990142607234,-0.1475534544286722,-0.15,-0.151645009577923,-0.1534206434572926,-0.1548508697753803,-0.1568511546254519,-0.1581460679396446,-0.159,-0.1599795082545545,-0.1598419953208898,-0.1605917857004962,-0.1609960748665325,-0.1611217943936947,-0.162,-0.1620271505254409,-0.162041038857453,-0.1616241381292457,-0.1606075826637615,-0.1598550358095076,-0.159,-0.1581525975652741,-0.1573620594068479,-0.1564492479124399,-0.155750268925931,-0.1547051174181264,-0.1529999999999999,-0.1521469417369749,-0.1508463425077291,-0.1488488891112064,-0.1474320528139075,-0.1456322855831164,-0.1439999999999999,-0.1415617694782949,-0.1393880126157278,-0.1383254212833363,-0.1358852517109781,-0.1336442233618466,-0.132,-0.1303253101834742,-0.1286306501487575,-0.1273824529000427,-0.1265655132490344,-0.1245789085328805,-0.123,-0.1206100640569682,-0.1182974220728372,-0.1174453679053208,-0.1147582219204085,-0.112743218710958,-0.1109999999999999,-0.1083854745968321,-0.1067402406604079,-0.1048081363525514,-0.1037122276835112,-0.1027104224351184,-0.1009999999999999,-0.0993582270380473,-0.0976031168151446,-0.0960900866176891,-0.0942433741159699,-0.0927252550877307,-0.091,-0.0892552434831393,-0.0878486415503434,-0.0854897357926367,-0.083029275627204,-0.0805263845647165,-0.079,-0.0775058553255314,-0.0748223304521197,-0.0730889168307278,-0.0710256004710947,-0.0685762929808674,-0.0670000000000001,-0.0660974053794728,-0.0655094084839442,-0.0639453356991999,-0.0625999806679089,-0.0617814233024518,-0.0599999999999999,-0.0582343072650756,-0.0573174869000418,-0.0564792500185833,-0.0557233374873665,-0.0547325551020737,-0.0529999999999999,-0.0513267017231693,-0.049644772438813,-0.0480884203824883,-0.0460701173583585,-0.0435072513940811,-0.041,-0.0377437280406875,-0.0327442710511175,-0.0207721905176079,-0.0051020168336398,0.0043358075695687,0.0089999999999999,0.0115949739348588,0.0139303403819291,0.0162344299273988,0.0175505135493957,0.0193124755331467,0.02,0.0208447862716141,0.0206175975016262,0.019541711218825,0.0203444784644131,0.0198030037763876,0.0199999999999999,0.0209601574935115,0.0213787725944201,0.02317178105935,0.0243313426171723,0.0251880326145289,0.0259999999999999,0.0275363321918976,0.0299622085012587,0.0328840117728896,0.0361912790990324,0.0385511838245284,0.043,0.0465522061904827,0.0508113766910845,0.0637066216185429,0.0785584094427289,0.0901098519167543,0.099,0.1049745160759204,0.1100143623155237,0.1149931943821669,0.1198944751033903,0.1236187943644654,0.126,0.1269954133376572,0.1265259107862105,0.1247496699103473,0.1216974089353221,0.1183039290604066,0.1149999999999999,0.1125578216053487,0.1088581487500454,0.1046606708534166,0.1018878962664607,0.0982540612317715,0.096,0.0965647028966289,0.0999802747057908,0.1050710446816842,0.1100236473302084,0.11479324941765,0.117,0.1193541710640526,0.1222017264116869,0.1243442581069358,0.1269272244389067,0.1282861538194351,0.131,0.1328974063631828,0.1339518648933115,0.1364730239991845,0.1370768359601169,0.1384008715608253,0.14,0.1415339002980771,0.1436154689917071,0.1443715643778167,0.1454727347619237,0.1460907863624058,0.1469999999999999,0.1471453873104019,0.1468044044364002,0.1469274415418206,0.1453181363062157,0.1450441257247789,0.144,0.1421768684760273,0.1410174561277766,0.1382418378461706,0.1364246091418659,0.1345801104864961,0.133,0.1314287527691493,0.1295435211007443,0.1278175670201858,0.1249040350070719,0.1238967723527914,0.1219999999999999,0.119381065970519,0.1167862112675665,0.1121947677306074,0.1086256785210091,0.1039954845597589,0.0999999999999999,0.0959358337902256,0.0924482441709028,0.0910816678017101,0.0875372731045424,0.085662783353609,0.081,0.0763420426422246,0.0733807278896997,0.0627924196883829,0.0461929023952203,0.0126148953268619,-0.0359999999999999,-0.0958518262935983,-0.1713347636065834,-0.2514365317975651,-0.331696031858516,-0.3779154113033921,-0.3799999999999999,-0.3529851413230387,-0.2650387802057801,-0.1359073696800218,-0.0076486712865847,0.1000583970648968,0.157,0.1797639285604517,0.1783687308772699,0.1459924285610861,0.1120159533818569,0.0920031722389207,0.0839999999999999,0.083811486515121,0.0846561115938264,0.0855356054640424,0.0863193106623968,0.0871101995253102,0.087,0.0869842536450287,0.0864977071101617,0.0856263070736616,0.086325653226045,0.085704669102995,0.084,0.0816874824583996,0.0777450254899148,0.0731957320409181,0.0677840332788671,0.0632549533881706,0.06,0.0565807930444749,0.0544523381960711,0.0532252190340577,0.0509803121580972,0.0485863645676185,0.0469999999999999,0.0454125794558623,0.0430219707477465,0.0407763755570792,0.0395292950784991,0.0374811881933922,0.035,0.0333639422649803,0.0311027403973431,0.0284032475971842,0.0262068642708235,0.0247415519528078,0.0229999999999999,0.0204508568546998,0.0186013677380755,0.0170204352173378,0.0153461281390848,0.0136422307610587,0.0119999999999999,0.0104331745073237,0.0079403948752699,0.0059556051077671,0.0041429132670657,0.0015037315110379,1.855306032262484e-17,-0.0007761955477079,-0.0022413313500205,-0.0041040461605199,-0.0055374501822347,-0.007491064860372,-0.01,-0.011639435054542,-0.0139530055460738,-0.0161703793383453,-0.0177235572199321,-0.0206333490820067,-0.0229999999999999,-0.0252657626852785,-0.0298464811699077,-0.0351169436150152,-0.0397933015595912,-0.0437160853954997,-0.0469999999999999,-0.0503118758231882,-0.0537344682936525,-0.0566359272310557,-0.0588977318747739,-0.0615719579379371,-0.0639999999999999,-0.0656191593535817,-0.0679364919494243,-0.070491829488226,-0.0731826681843332,-0.0767261996356757,-0.08,-0.0832552272078201,-0.0872706580225554,-0.0915685268835821,-0.0955717005426978,-0.0999712531760637,-0.1049999999999999,-0.1084796246555908,-0.1114070831747785,-0.1156205475889786,-0.1193592776715714,-0.1227356889265883,-0.1269999999999999,-0.1312578274024892,-0.1346859418864966,-0.1380450803302466,-0.1411214035905791,-0.1434607707842805,-0.1459999999999999,-0.1485068755326478,-0.1510432917022232,-0.153130833755717,-0.1546200932160326,-0.1562836007798185,-0.157,-0.1584747566490801,-0.1611430600243684,-0.1632554951068187,-0.1664311181567645,-0.1694584844920732,-0.1709999999999999,-0.1726658815155404,-0.1738865679252065,-0.1739446178382661,-0.1742396563518496,-0.1751506494736443,-0.1749999999999999,-0.1734308975820341,-0.1710289804833571,-0.1685272249732232,-0.1658029890335212,-0.1622917944293649,-0.159,-0.1549406713997734,-0.1504957254001334,-0.146558379199896,-0.1397927650254518,-0.1299383965327842,-0.12,-0.110832943016832,-0.101575005308602,-0.0931840993223671,-0.0863399025931256,-0.0797137298997982,-0.074,-0.0682357808242746,-0.0626033404431643,-0.0590713937530225,-0.0553752935019645,-0.0511974942024787,-0.0469999999999999,-0.0413309486783247,-0.0341640884527452,-0.0260757855380139,-0.0174780705054153,-0.0080869208665041,0.0009999999999999,0.0093193914884491,0.0177507257602402,0.0256116551808204,0.0328237277913125,0.039152202810084,0.044,0.0474759397752788,0.0495233028840612,0.0505231199555369,0.0513425761411497,0.0521424435521026,0.053,0.0546589157231866,0.0558525702580809,0.0562851586100263,0.0576711654753027,0.0592998669668293,0.0609999999999999,0.063462085069705,0.066060951055236,0.0683883328537671,0.0712807790240338,0.0746104328093494,0.077,0.0794470765358412,0.0820741352669478,0.0844442855417871,0.0869186773809373,0.0881403668852279,0.089,0.0906462992670029,0.0923540348115444,0.0939536218788814,0.0958542907491356,0.0985724282960575,0.1009999999999999,0.1026798918879563,0.1043239949522434,0.1060114768382583,0.1076466669014649,0.1093597384949944,0.111,0.1118684005933295,0.1126427103983732,0.1134886354060902,0.1143964923327823,0.1150431102989994,0.1149999999999999,0.115829891089605,0.1160989961369044,0.116268162164021,0.1173405260217483,0.1167851496240945,0.1159999999999999,0.1151917946159355,0.1147699013491838,0.1152492804081822,0.1147613703597493,0.1152076949133125,0.116,0.1159996467691432,0.1159907070393473,0.1162887210990276,0.1175000763580876,0.1180644298640791,0.119,0.1200236059212432,0.1193607140442296,0.118538735888577,0.1176016773297648,0.1168858353940957,0.1159999999999999,0.1150490661601686,0.1150707524387084,0.1145830152242467,0.1136402069856225,0.1128399777738577,0.112,0.1111325496335146,0.1108618580002041,0.111168917125612,0.110704946683807,0.1098303528709675,0.109,0.1081938362799437,0.1068377353053449,0.1045508221675567,0.1019414870251131,0.0996058547708017,0.098,0.0955845760731227,0.0928968717166633,0.0905624982058761,0.0881178813313877,0.0867560661440082,0.085,0.0839954853987015,0.0836737576185778,0.0817492561657327,0.0808024800346547,0.0795883780250524,0.077,0.0752639001864276,0.0737944890926538,0.071544173727135,0.0691356016002938,0.0677613440732421,0.066,0.0641753085130765,0.0638691865924964,0.0643850228660921,0.0654287370862524,0.0661017463312814,0.067,0.0686472157021636,0.0703946020844537,0.0716112904197782,0.0724106157292277,0.074469542292341,0.0759999999999999,0.0767338298369052,0.078369545020028,0.0796676414296124,0.0800502857370973,0.0800459521317386,0.081,0.0819034736985587,0.082583044124743,0.0833176952810186,0.0827143180620516,0.0832408249744133,0.0839999999999999,0.0839009999822031,0.0847238560482756,0.085116354250868,0.0848003530975574,0.0837610580728497,0.0829999999999999,0.0822595353559674,0.0811352002832459,0.0808133719585992,0.0791555892730968,0.0779432300026568,0.078,0.0771343014615869,0.0769402534518678,0.0769637469180483,0.0772241129215811,0.0781918650977757,0.079,0.07984192963801,0.0806253662047639,0.0815991553274458,0.0820778817571772,0.0819844537070626,0.082,0.0819949604002996,0.0820191035420718,0.0819667194905627,0.0820405972297942,0.0819645505212122,0.0819999999999999,0.0827680542432429,0.0842062416074106,0.0864007885687646,0.0891928956344694,0.092788894303692,0.097,0.1011904626014,0.1052516488874719,0.1098977915666444,0.1150464062145801,0.1199923662516846,0.125,0.1292630872981766,0.1327594989931959,0.1355873527018706,0.1379966320631173,0.1404139338337129,0.1419999999999999,0.1444495563669157,0.1465347202979893,0.1480962652608893,0.1513375509555771,0.1532384070022322,0.155,0.1576001700484812,0.1593160535768913,0.161057221872992,0.1626212179386104,0.1643073711022543,0.165,0.1657101935883514,0.1669282099202507,0.1668804089488696,0.167171199926967,0.1668255242599887,0.166,0.1652652803470191,0.163678162310924,0.1619804525173527,0.1605173413216941,0.1598396309004958,0.158,0.1562311644080985,0.1543866751528806,0.1510047999358863,0.149649990147054,0.1473500749977788,0.145,0.1432682577008318,0.1300611628408356,0.095728919970403,0.0440121962348319,-0.0155471937300643,-0.0849999999999999,-0.1549813104130258,-0.2059119314932235,-0.2339401678764436,-0.2351999600192924,-0.2111809149366073,-0.1559999999999998,-0.0654731410009111,0.0392549848731423,0.1443428570006132,0.2253275024367828,0.2642212328980761,0.2809999999999998,0.2827121086948636,0.2702367766958357,0.2546063714234926,0.2383879027851654,0.2217441647119729,0.2079999999999999,0.2008822841152103,0.1966343414687232,0.1931474682690473,0.1912003028568012,0.1884699767689241,0.187,0.184779911297948,0.1809655071642359,0.1790835459583745,0.1770096281177642,0.174591534832624,0.173,0.1713818643549743,0.1691232667923704,0.1663421024163173,0.1642893221129518,0.1626703536114404,0.1609999999999999,0.1593306034617604,0.1577073094608914,0.1556629319043597,0.1528777939425959,0.1505812881489699,0.1479999999999999,0.1446167832659299,0.1419273421563706,0.1395407980094599,0.1369823277436155,0.1345034383461428,0.132,0.1295132980767306,0.1269326681539559,0.1248783503774412,0.1234058948885416,0.1216308738371877,0.1199999999999999,0.1183688424091231,0.1165991112129775,0.1150907797661981,0.113235188658691,0.1117457066587644,0.1099999999999999,0.1074281118824117,0.1056841581715006,0.10362502710344,0.1009547555933026,0.0985028655825559,0.0959999999999999,0.093572968402594,0.0903298885704711,0.0873548778624688,0.0850586303434752,0.0824992111930553,0.08,0.0766707120802046,0.0738797232720347,0.0712997470445074,0.0674449819983508,0.064466762445563,0.061,0.056732570516415,0.0533552387960449,0.0499142606958859,0.0467946244086308,0.0431785076779565
0.0389999999999999,0.0356314934437857,0.0323833989169816,0.0287130457204411,0.0239930088360244,0.0190475595085672,0.014,0.0080988579708517,0.0034112556991658,1.1024644551085315e-05,-0.003339475258621,-0.0066716767415213,-0.01,-0.0132769409007462,-0.0172568031881793,-0.0215494354207361,-0.0256417891494021,-0.0298398321840544,-0.034,-0.0381802282258904,-0.0422622123489619,-0.0468873206432111,-0.052056410822818,-0.0570048068191056,-0.0629999999999999,-0.0712126117593275,-0.0798716220442122,-0.0874857783587549,-0.0949511267588901,-0.1010418821932597,-0.106,-0.1118616452971621,-0.1170456838227009,-0.1223046782722945,-0.1284511712201472,-0.1340773156337505,-0.1389999999999999,-0.1424552563513443,-0.145032312053313,-0.1474354267353339,-0.1501146368274203,-0.1523373853569734,-0.154,-0.1566196279973043,-0.1572710972820965,-0.1568833757385222,-0.1567338013105708,-0.1544992769418678,-0.1529999999999998,-0.1514675295617491,-0.1494278436199725,-0.1483334676671988,-0.1457509479641204,-0.1422778044171125,-0.1379999999999999,-0.1330449960123656,-0.1270194547771921,-0.1194964834313796,-0.1143734173845488,-0.1114652137055287,-0.109,-0.1065578500309962,-0.1038431364442181,-0.102000622376701,-0.1002692082997193,-0.0987723324141239,-0.098,-0.0972146290171879,-0.0957824971853801,-0.0938790400661104,-0.092446488836307,-0.0905857769490469,-0.0889999999999999,-0.0881909149356437,-0.0872431331133454,-0.0866794679561173,-0.0853013961783323,-0.0837931164998036,-0.083,-0.0813419064060455,-0.0801703358546419,-0.079645121607043,-0.0785469727889165,-0.0779147852264505,-0.077,-0.0752781865293528,-0.074283237794923,-0.0734738575747554,-0.0728701522895192,-0.0730411199311542,-0.073,-0.072996348824667,-0.072943057620731,-0.0734109412094281,-0.0742130072835591,-0.0739101139854057,-0.074,-0.0740732689873632,-0.0738735405666919,-0.0741532856943032,-0.0738514967909696,-0.0741063496898357,-0.074,-0.0730692292083483,-0.073065186802541,-0.0725468951101148,-0.0718265873696655,-0.0720782682331952,-0.0719999999999999,-0.0711404998457107,-0.0708957617901278,-0.0708486695188239,-0.069203560152933,-0.067840372557004,-0.067,-0.0652842852420326,-0.0643281040049237,-0.0631116827959321,-0.0614669262891944,-0.0608591537771906,-0.0589999999999999,-0.0571322366403912,-0.056568305974712,-0.0548003843054184,-0.0539157335604048,-0.0539049343169669,-0.053,-0.0529905936182592,-0.052472265492471,-0.0514246507930617,-0.05065983218582,-0.0499300637075857,-0.05,-0.0491946134224442,-0.0488509584222122,-0.0488203292818533,-0.0474405292153878,-0.0469554700011093,-0.046,-0.0450000737953288,-0.0451531979597411,-0.0444653511836313,-0.0438855527258616,-0.0440491793283839,-0.0439999999999999,-0.0431654893564738,-0.0428337991027932,-0.0431642480069071,-0.0428449795200007,-0.0431508376751254,-0.0439999999999999,-0.0441137238714662,-0.0432818375693094,-0.0429316811168477,-0.0428303887714023,-0.0418359231656649,-0.0419999999999999,-0.0420992247264468,-0.0418443809937209,-0.0421674984391242,-0.0418648128014972,-0.0420679833703623,-0.042,-0.0426733499669929,-0.0439852103702299,-0.0437871276014172,-0.0444051178990366,-0.0450295203015831,-0.0449999999999999,-0.0450368169662582,-0.0449164746979129,-0.0451136037531703,-0.0448880790395447,-0.0450730655733421,-0.0449999999999999,-0.0448990608139478,-0.0452390130345801,-0.0443753589930881,-0.0439748798885381,-0.0439836779729666,-0.044,-0.0433131345008578,-0.0420055655031918,-0.0422867368593863,-0.0413433185771641,-0.0398073551783771,-0.0389999999999999,-0.0372807648769973,-0.0363512789750859,-0.0350719422492911,-0.0334997463772881,-0.0328827236401317,-0.032,-0.0311649943813872,-0.0302769722643729,-0.0298791569532781,-0.0300626916823197,-0.0299733661690862,-0.0299999999999999,-0.0300475234118394,-0.0294591627175519,-0.0283236427267224,-0.0280080040811373,-0.027898873557989,-0.0269999999999999,-0.0269038257542174,-0.027185761157472,-0.0264681759664959,-0.0258751386712844,-0.0260475977352336,-0.026,-0.0259247656727833,-0.0266104528296146,-0.0275393503008313,-0.0283044074248063,-0.0291849293848964,-0.0299999999999999,-0.0307959740342332,-0.0317907032441192,-0.0320110936400229,-0.0321926939828952,-0.0332082932037458,-0.034,-0.0348612674903045,-0.0351124083563178,-0.034945089589126,-0.0348753154410102,-0.033738571862172,-0.033,-0.0322853535497784,-0.0306498945711336,-0.0290432164345214,-0.0272914267172542,-0.0256894080066387,-0.0239999999999999,-0.0223275271771005,-0.0206221090818564,-0.0193865670718102,-0.0185846737123213,-0.0165080163410062,-0.0139999999999999,-0.0107164747575954,-0.0077420959440933,-0.0057791477086783,-0.0027313577107827,-0.0007305754699116,0.001,0.003555107154175,0.0058151770570173,0.0090741096430493,0.0120612823899966,0.0145046078697616,0.0169999999999999,0.0194346923680365,0.0225929714079914,0.0260910960205936,0.0290996204742138,0.0314753847107297,0.034,0.0357534849211095,0.0372079184846504,0.0391302302127222,0.0405639349832179,0.0423851899772023,0.044,0.0456695530958975,0.0468021544789938,0.0476704567615512,0.0499137364549568,0.0511953773178098,0.053,0.0548363901802857,0.0555878658719875,0.0563379235887075,0.0557084066613826,0.0561863407046986,0.056,0.0550218153298464,0.0546685585233445,0.0527843470106393,0.0514885921972214,0.0480768145368706,0.044,0.0408485512990672,0.0364544470924624,0.0327224164401375,0.0253699831079031,0.0114710267422812,-0.0149999999999999,-0.0533705805970178,-0.1023348838018685,-0.1681005498828497,-0.240515432485884,-0.320025292720587,-0.3799999999999999,-0.3922964759543033,-0.3859430791825408,-0.3344031648040982,-0.2228305520089635,-0.1047538141539984,0.013,0.1053792892782561,0.1444433474606374,0.1543588210048545,0.1387546829413332,0.1140554051128147,0.1049999999999999,0.1032520821678819,0.1023027954218894,0.1014252682455888,0.1008647625473153,0.0995010823024078,0.096,0.0933965286224203,0.0915393696280742,0.0905112697533239,0.0894203817354718,0.087719765428962,0.0869999999999999,0.0861822832295852,0.0857574357189474,0.0865725514402696,0.0870965122417538,0.0869694932642551,0.0869999999999999,0.0870190536980263,0.0869746442913762,0.0870020511641658,0.0871404828246112,0.0882744281401598,0.0889999999999999,0.0889162334128344,0.0896935123916185,0.0901334766826881,0.0899117372327515,0.0901010941333078,0.091,0.0911783042483516,0.0901568639880269,0.0900950496419831,0.0896647189073136,0.0889565781083065,0.089,0.0881449430671992,0.0879609654552471,0.0876361877977162,0.0867921656494605,0.0870217223809258,0.086,0.0849969545641245,0.0851344181855458,0.0845302224618009,0.0836727669418073,0.082827164176652,0.082,0.0811348994742213,0.0808706203659984,0.0811246095497105,0.0808918517423235,0.0810745816490873,0.0809999999999999,0.080131652317888,0.0798808122798026,0.0801517816323281,0.0796891257751505,0.0789134035796538,0.079,0.0782834529039133,0.0771394518085181,0.0767692506823665,0.0752376037124232,0.0738249422371736,0.0729999999999999,0.0713335459888392,0.0697661456129324,0.0675043675857117,0.0652493793322261,0.0635593134767605,0.06,0.056555972036097,0.0527815494870429,0.0445652417219847,0.035865974359055,0.0299322739026886,0.0249999999999999,0.0215397229983529,0.0189446965896358,0.0168637368214105,0.0154110061534347,0.0136340529094726,0.012,0.0103445034074807,0.0086909945219953,0.0066798990709915,0.0038518753552634,0.0016281534802029,-0.0009999999999999,-0.0086617991152742,-0.0213831564447685,-0.0309674033219354,-0.0356403041380715,-0.0397998534880684,-0.0429999999999999,-0.0462621275974641,-0.0497361115046412,-0.0532225876027808,-0.0578809613384168,-0.0617019508143657,-0.0659999999999999,-0.0710775573454,-0.0757759666781226,-0.0816496211127549,-0.0868394176068698,-0.0908000701498411,-0.0949999999999999,-0.0984477854277022,-0.1010296837901943,-0.1032602854899463,-0.104153186713235,-0.1039232257214378,-0.1029999999999999,-0.1005489167588443,-0.0980244040050783,-0.0950872808512187,-0.0918456017867566,-0.0894339128042022,-0.085,-0.0806417480141386,-0.0770803878176068,-0.0713745528264,-0.0661153425256566,-0.0623397592130568,-0.0599999999999999,-0.058378058266607,-0.0565618504184574,-0.0551499831925703,-0.053163406625031,-0.0518355127768288,-0.051,-0.0500913631371245,-0.0495414753508691,-0.0478921524044906,-0.0466608810909495,-0.045734194655585,-0.044,-0.0423531392618454,-0.0405573051306218,-0.0394795993927184,-0.0384825331136553,-0.0366149415942436,-0.035,-0.0333704104065485,-0.0315918253118474,-0.0301335392564377,-0.028031292916111,-0.0255696427162461,-0.024,-0.0223683348737046,-0.0206327825371652,-0.0189880235571833,-0.0175161442301474,-0.0168826249680652,-0.016,-0.0158869905400054,-0.0161852166752899,-0.0157551908931745,-0.0163740292754188,-0.0171128252435323,-0.018,-0.0189532523588353,-0.0189341548167086,-0.019379240727004,-0.0205419616785803,-0.022403045127725,-0.024,-0.024883141280544,-0.0247618170795702,-0.0221555222133052,-0.0186114437309849,-0.0153586102413416,-0.0119999999999999,-0.0078763253517126,-0.0040122890653726,-0.0019093462021912,-0.0004980109224964,6.115039904357723e-05,0.001,0.0027546135423051,0.0036490142397702,0.0046233352011227,0.0050114069746765,0.0050983709082392,0.0059999999999999,0.0060847271876122,0.0058698286143385,0.0061872740557522,0.0056491767063873,0.0049416579626032,0.0049999999999999,0.0042346383830398,0.0032669794792279,0.0025058840640413,0.00186153135965,0.0019822430870219,0.0009999999999999,0.0008142888403835,0.0013532579122026,0.0002509879035242,0.0001034698633619,-0.0001571243062065,-0.0009999999999999,-0.001782678584308,-0.0023982205062897,-0.0008926098288012,0.0003035777552262,0.0013048253137794,0.003,0.0038452978306093,0.0047145232801316,0.0053547805063889,0.0066769885303849,0.0082169443450004,0.0089999999999999,0.010641357432467,0.0119017429438722,0.0119529029222389,0.0121996631531449,0.013233685485068,0.014,0.0140115728431153,0.0139978112877075,0.014012030471024,0.0138690832917053,0.0126680980596852,0.0109999999999999,0.0100800449316636,0.0099730247749983,0.0097348129539612,0.0084651017878871,0.0080105589440359,0.0079999999999999,0.0079297355153938,0.0081647234914498,0.0077217613893173,0.0084829405379963,0.0089047439025964,0.0079999999999999,0.0080267586866655,0.0073687881813931,0.0068351638059504,0.007054025445242,0.0070475585152298,0.0079999999999999,0.0088990014309097,0.0095517260823517,0.0106722819436927,0.0110031880395072,0.0110827877310832,0.0119999999999999,0.0128638129253874,0.0136252412785934,0.0145393957709306,0.0153059696047919,0.0161770553002694,0.0169999999999999,0.0178665117305644,0.0181236845098503,0.0178876961523999,0.0180873918293458,0.0179518457141686,0.0179999999999999,0.0180477185279479,0.0179158925088357,0.0180993686162853,0.0179127249575658,0.0180477817933549,0.018,0.0186477763041032,0.0205126827355781,0.0214352084965652,0.0225033258058573,0.0228885856174804,0.021,0.0177839836206307,0.013613653295798,0.0098953032625361,0.0066988909307124,0.0033696969071214,0.001,-0.0006073779322577,-0.0029665609338409,-0.0052342646283972,-0.0063623806464888,-0.0071467970149092,-0.0079999999999999,-0.0096539136007302,-0.0108505668899662,-0.0113221790999303,-0.0124909487439406,-0.0130279609074959,-0.013,-0.0122997528344655,-0.0102540708454473,-0.0066011954618704,-0.0025071647142952,0.0007572271256349,0.0069999999999999,0.0147625116909377,0.0196815610068211,0.0226088703223677,0.024962107129695,0.027451138553423,0.029,0.0306436331286193,0.0318578817532969,0.0323874608921373,0.0331021435606604,0.0316341284916789,0.031,0.029659939660658,0.0265449801243385,0.0254944904841931,0.0223187742887897,0.0184111976601011,0.0169999999999999,0.0190156099567133,0.024795039494334,0.0298524252273875,0.0355579090055348,0.0422293656823755,0.0469999999999999,0.0503327525975108,0.0541915970250916,0.0583693685127155,0.0609181092640231,0.0634727420751323,0.0639999999999999,0.0630568172826149,0.062589774716531,0.0611132700718249,0.0612245109191362,0.0607542140771083,0.0599999999999999,0.0601301251170389,0.059235874225901,0.0586815633482617,0.0574829299099491,0.05691153157307,0.055,0.0523275316830035,0.0503457653618007,0.047090139122135,0.0450632830917832,0.0381684757565416,0.0309999999999999,0.0260170504622576,0.0119689546479434,-0.0055406556722452,-0.0286067245620308,-0.0640676973585044,-0.1129999999999999,-0.1769403285880819,-0.249789538101527,-0.3235049576233229,-0.3783563170070601,-0.4025260065523687,-0.3979999999999999,-0.3588980516941734,-0.2761770139030188,-0.1605050094828537,-0.0453746664112405,0.0570046754388951,0.1269999999999999,0.150259985137643,0.1544733124699502,0.1378383852549878,0.1127044555476273,0.1067775887465737,0.1039999999999999,0.1020276139831082,0.100140753760903,0.0949860472437355,0.0915151842537566,0.0858726473106717,0.0829999999999999,0.0807301945905506,0.0776553630497338,0.0758041713161466,0.0729604944164408,0.0717705779947058,0.0689999999999999,0.067029704251871,0.0666456958283423,0.064905035508341,0.0632382923150886,0.0604596719307021,0.059,0.0574123956078916,0.0560879359384312,0.0554209944942987,0.0530425647268132,0.0517998157572884,0.05,0.0490047484942866,0.0485059611426393,0.0478831440414416,0.0499530179749897,0.0511536665250608,0.0529999999999999,0.0555887305503855,0.0578736295812448,0.0603501226581046,0.061396989393197,0.0634805432575393,0.065,0.0665481026326891,0.0681101992048973,0.0676813179830444,0.0683814841718722,0.0675863531213632,0.065,0.0625782806933628,0.0593794057096487,0.0559140303150638,0.0530456799495377,0.051787014588435,0.0499999999999999,0.0482401976197919,0.0468067902107386,0.044889042501144,0.04324578996145,0.0404404236803139,0.039,0.0375295359293841,0.0352697065581072,0.034815512601623,0.0331605179530081,0.0318727958856351,0.031,0.0299920379828934,0.0302076628358326,0.0293526613061369,0.0290481616302678,0.0288587904405002,0.0279999999999999,0.0273016686682191,0.0251079877028266,0.0224470184964726,0.0200349144644485,0.0174332997922802,0.0139999999999999,0.0105751674994717,0.0075523397683538,0.0033943250340312,-0.0003545539210408,-0.0037458040787001,-0.008,-0.0122368595528444,-0.0157295861662193,-0.0189888388105892,-0.022166426617795,-0.0244725499277999,-0.0279999999999999,-0.0322863286912911,-0.0355990063560938,-0.0393711535313035,-0.0439077493394948,-0.0489908899625233,-0.0529999999999999,-0.0562970304877975,-0.0597129923687543,-0.0632175033091827,-0.0679195347875356,-0.071621799374674,-0.075,-0.078455363245421,-0.0813608206506212,-0.0857688621753123,-0.0890238922127174,-0.0916340226318182,-0.095,-0.0967944957102883,-0.0977017642870874,-0.0984401383843902,-0.0994073051300832,-0.1001093076055167,-0.1009999999999999,-0.1019367682442412,-0.1023939779390834,-0.1042332814608623,-0.1050501961008167,-0.1051228907860366,-0.1059999999999999,-0.1052868992806388,-0.1037670806051997,-0.1015462454383207,-0.0990497722906023,-0.0963799569777598,-0.093,-0.089788206155953,-0.0850761163813639,-0.0803247893460232,-0.0762772084201769,-0.0708281400233884,-0.0649999999999999,-0.0591351511929424,-0.0538865793358067,-0.0490709802478568,-0.0440724857913391,-0.0403973962712792,-0.0379999999999999,-0.0362988089421409,-0.0347180151046966,-0.0329218911344242,-0.031539152718205,-0.0309047404661594,-0.0299999999999999,-0.0282872315296081,-0.0272747474475039,-0.0264690732033446,-0.0259034287500882,-0.0259560022978581,-0.025,-0.0248127471014973,-0.0258220811946975,-0.0259827517846843,-0.0261918190795362,-0.0272380129396414,-0.028,-0.0279533199341173,-0.0286419366905391,-0.0291446111049043,-0.0290990022893231,-0.0302152505665129,-0.0299999999999999,-0.0297695494888905,-0.0309645530676597,-0.0306912319821141,-0.0318324884671002,-0.0344355466907345,-0.036,-0.0377760653313747,-0.037702147851714,-0.0358898139025837,-0.0344068765987054,-0.0326739243738881,-0.032,-0.032088206868687,-0.0313341404463875,-0.0305831296107344,-0.0293980161765872,-0.0277170855533316,-0.0269999999999999,-0.0262389414148023,-0.0251748437538494,-0.0249804179466548,-0.0249808721598106,-0.0250230144650686,-0.025,-0.0249266989280612,-0.0256168734430127,-0.0265225470641748,-0.0273259598742686,-0.0281710816520459,-0.0289999999999999,-0.0291323149155666,-0.0282505166253186,-0.0279522217938154,-0.0278509922440797,-0.0267446173767825,-0.0259999999999999,-0.0260461063026101,-0.0253856978067094,-0.0247605821123142,-0.0251841456640527,-0.0248790445029867,-0.025,-0.0259524112952459,-0.0258738615692479,-0.0265861408466093,-0.0268539643693698,-0.0258533990476596,-0.0259999999999999,-0.0260619341894418,-0.0259113825974316,-0.0261111725549388,-0.0257716902881513,-0.0247724828709205,-0.0239999999999999,-0.0240392482477054,-0.0233889832286731,-0.0227440520524352,-0.0233368769400842,-0.0241136504065876,-0.0239999999999999,-0.0231023699107531,-0.0230031980518429,-0.0226224773507631,-0.0217483013732742,-0.0221708728938777,-0.023,-0.023118730660232,-0.0222614909144574,-0.0219663887302455,-0.0217911117924739,-0.0208644188951994,-0.0209999999999999,-0.0210508646846362,-0.0209783841229312,-0.0207010269205199,-0.019555907376906,-0.01883151079965,-0.017,-0.0151457133599438,-0.0149131062233042,-0.0153333863243476,-0.0164896317487454,-0.0170153277709697,-0.0169999999999999,-0.0170370428778711,-0.0168883989315065,-0.0174271521699396,-0.0183719226662814,-0.0191371436570009,-0.02,-0.0216500396116456,-0.0228994414236995,-0.0229714202902172,-0.0230434412837874,-0.0229723205837963,-0.023,-0.0230244197468566,-0.0229834151985177,-0.0227664512533646,-0.021295139097419,-0.0197238190432509,-0.018,-0.0154634835570275,-0.0135716346697448,-0.0120680756694644,-0.0102939247816066,-0.0086531859054863,-0.0059999999999999,-0.001825581102588,0.0018146273849308,0.0046577176354899,0.0065536066793822,0.0070917229839961,0.008,0.0088435240853,0.0101411122573851,0.012036424302331,0.0112084734680314,0.006904502109797,-1.2631870857957337e-17,-0.0082750477092701,-0.0168787964063628,-0.0236729358823752,-0.0270876508998426,-0.0294387176537843,-0.0309999999999999,-0.0325648849823907,-0.0345628834854488,-0.0354082664925891,-0.0365002916340722,-0.0369433271560682,-0.036,-0.0344330395067235,-0.0320297289377662,-0.0292523660480073,-0.0253014509982951,-0.0211564066953901,-0.0149999999999999,-0.0056710176957912,0.0006446419531548,0.0036313734902167,0.0055916610285163,0.0060674806496369,0.0069999999999999,0.0079079337527793,0.0085313498640557,0.0096990795753263,0.0099782313164294,0.0100975686586428,0.0109999999999999,0.0118542679174822,0.0126100132857637,0.0138349089250207,0.01582381630981,0.0171661473987606,0.018,0.0196878625392454,0.0207687281378344,0.0214534224143562,0.0223117065348036,0.0232662203259871,0.025,0.0258751590266653,0.027120105944419,0.0291703486296496,0.0306789203702527,0.0336785945008893,0.036,0.0374977096531714,0.0402348611129376,0.0415363129107609,0.0425688958869162,0.0442912466723578,0.045,0.0450374718976845,0.0448841959691434,0.0454697356077398,0.0461740226432728,0.0459174116863889,0.046,0.046845538061111,0.0475642040952286,0.0490109829958268,0.050144908349056,0.0468738913514824,0.038,0.0256363852812569,0.0114068756627311,-0.0107664543203326,-0.0444305568303282,-0.0830597381861341,-0.1289999999999999,-0.185003755773989,-0.247367007846956,-0.3141080701608647,-0.368905634927758,-0.3932870936843542,-0.3869999999999998,-0.3437081562823519,-0.2494266012074838,-0.1203519824870084,0.0115507387737602,0.1203217492050433,0.177,0.186582176087721,0.1671993054644981,0.1215541043473393,0.0827108100123483,0.0700020084356589,0.075,0.0957073373226503,0.1117581033508508,0.119793547707695,0.1268379514408439,0.1191529480424012,0.1019999999999999,0.0873601089631117,0.0780751358891171,0.0735618943350246,0.0693234599805876,0.0666271107927779,0.0649999999999999,0.0647279291688413,0.066424811040891,0.0678062838423463,0.0700119205725951,0.0724628637486226,0.0749999999999999,0.0775560461336092,0.0799056002056318,0.0824208251033426,0.0828736476316924,0.0817252729207934,0.08,0.0782396469680334,0.0773170480229507,0.0764857662088235,0.0756901976112293,0.0748173977289392,0.0739999999999999,0.0731783731354044,0.0723299208094864,0.0714519043431042,0.0708997382903759,0.0709625874597753
0.0699999999999999,0.0698377957742141,0.0702810488385023,0.0696117231762829,0.0705667341857471,0.0708598686395152,0.0699999999999999,0.0700717031436562,0.0692821271021649,0.0689664645670282,0.0687992624806322,0.0678054316977998,0.067,0.0661372075634808,0.0654650807666864,0.0639754286659052,0.0625952418935908,0.0617634902380169,0.0599999999999999,0.0590575257859965,0.058522910108261,0.0570067575869234,0.0553476450407638,0.0536551935796051,0.0519999999999999,0.0503732986681621,0.0481388844795988,0.04530494194227,0.0433643840836826,0.0415451056696499,0.0389999999999999,0.0372961707190341,0.0356360947634216,0.034399358663336,0.0335453938638402,0.0315825759377841,0.0299999999999999,0.0283894625671264,0.0265844000035678,0.0250753174137296,0.0232991083838255,0.0216228298967943,0.0189999999999999,0.0164217178958015,0.0141238670149281,0.0113829901131483,0.0089654419708845,0.0051558217309207,0.0019999999999998,-0.0002646319307501,-0.0049001350253113,-0.0099839885320363,-0.0150962087486434,-0.0198555469696657,-0.024,-0.028300418078926,-0.031098031966939,-0.0334900479933011,-0.0359321759738855,-0.0386312498404753,-0.042,-0.0445269360655756,-0.0470462949203837,-0.0491044722144206,-0.0506465350556579,-0.0523076262681541,-0.0539999999999999,-0.0565376385324581,-0.0583564580594774,-0.0603707161693504,-0.0628884385436946,-0.0642504843045892,-0.066,-0.0677024232700548,-0.0693340699485824,-0.070672914802471,-0.0712596636708175,-0.0721007095303828,-0.0709999999999999,-0.068459712209987,-0.0661343267259502,-0.0630385856921943,-0.0596680003851408,-0.0563227659768886,-0.053,-0.0503701269597441,-0.0487861081806647,-0.0462042746698737,-0.0427191422846178,-0.0406271151300876,-0.038,-0.035342150262282,-0.0337950127965663,-0.0315239695423297,-0.0290230618196335,-0.0264754418132403,-0.024,-0.021541168375336,-0.0188931177224209,-0.0168904468911171,-0.015549929428032,-0.0148867178643559,-0.0139999999999999,-0.0131083159107467,-0.0124553458353595,-0.0113014954576109,-0.0110354282760014,-0.0108808313748728,-0.0099999999999999,-0.0099248745013307,-0.0101436872029469,-0.0095385475224997,-0.0086898947459331,-0.007744354415277,-0.006,-0.0050499079953182,-0.0045305253566905,-0.0032243865672696,-0.0031022143928318,-0.0028385530566658,-0.002,-0.0019913390003226,-0.0019640809161927,-0.0020907696309743,-0.0018616820555761,-0.0021699080936903,-0.003,-0.0029518427250848,-0.0036623489522747,-0.004113265276286,-0.004113816506517,-0.0052634957753449,-0.006,-0.0060067291925346,-0.0059937090935548,-0.0060137677507644,-0.0059767985012036,-0.0060238885852619,-0.0059999999999999,-0.0059100451514464,-0.0066994888608019,-0.0070942887027514,-0.007106383962643,-0.0083169378322337,-0.0099999999999999,-0.0117066186123252,-0.0127955661785467,-0.0131572040167238,-0.0125806981846633,-0.0105182240384263,-0.008,-0.0054141077264811,-0.0041181233522388,-0.0036901103767778,-0.0025167307221895,-0.0019216177534569,-0.001,-2.2647668002820053e-05,-0.0001179811913071,0.000481154388879,0.0012851404673543,0.0022274725451392,0.003,0.0029379270922374,0.0036706935829008,0.0041367421976802,0.0039500900484269,0.0039969725134803,0.004,0.0048202259768059,0.0051814244456646,0.0048219477575882,0.0051695416538374,0.0048347414506328,0.004,0.0039595809418461,0.0040520795003478,0.0039330305884363,0.0040916953988066,0.0038705788246829,0.0029999999999999,0.0029692779670084,0.0025551773523531,0.001241831421109,0.0010483883502496,0.0009336204619262,0.001,0.0018856247995404,0.0020553165702708,0.0020131512579696,0.0018225875672404,0.0007573659142253,1.2631870857957337e-17,2.7502674496354804e-05,-0.0005458708478619,-0.0016072507507628,-0.002247021051402,-0.0032183650559214,-0.0039999999999999,-0.0047607708153424,-0.005851659810807,-0.0059524750752563,-0.0061381852327267,-0.0057816140959706,-0.004,-0.0023344086579031,-0.0005905301603065,0.0005808531375327,0.0013274050638541,0.0021355789661741,0.003,0.0047050315485686,0.0056922129483696,0.0068638131205906,0.0085643641813179,0.0090771973150141,0.0099999999999999,0.0108578303068584,0.0121069981230138,0.0142628324853625,0.0152917098625638,0.0162125836958059,0.017,0.0177730177178997,0.0187822919844653,0.0193490345098967,0.0204877137824468,0.0210522300955822,0.0219999999999999,0.0237847380081219,0.0245481005670203,0.0260479511961804,0.0273678294013196,0.028265737144984,0.0299999999999999,0.0308848945060566,0.031660708271809,0.032199606121632,0.0317496457117526,0.030728109634776,0.0289999999999999,0.0273635562323853,0.0251123493134047,0.0224171260642816,0.0200471118478263,0.0174859901414552,0.0149999999999999,0.0124518452065439,0.0106122981643377,0.0087389930465461,0.0058128956498298,0.0036601074583491,0.002,0.000278869023107,-0.0007965688162136,-0.0010731553169743,-0.0009796086567697,-0.0009550353973915,2.5263741715914668e-17,0.001637236626008,0.0038372162235093,0.0067176261904126,0.0086253619774041,0.0104525666327316,0.013,0.014741161214063,0.0162151417495279,0.0181788543128309,0.0193186592406743,0.0202767646435081,0.0219999999999999,0.0228663851200087,0.0241229240045208,0.026204937050386,0.0274909824023555,0.0294497336872567,0.031,0.0317334097456817,0.0333927480404578,0.0345849194112816,0.0353135790976182,0.0361630529919833,0.037,0.0378543738140472,0.0386176607826238,0.0395723268992331,0.0402538606936348,0.0412262735891987,0.0419999999999999,0.0426976331097183,0.0444618413529995,0.0454492495356903,0.0466326813563186,0.0482324284795914,0.0489999999999999,0.0506482410805733,0.0518340345262245,0.0523657807446922,0.0534314333361978,0.0540791668511893,0.054,0.0531253576854462,0.0529715569351325,0.0526407990849763,0.0517771973098302,0.0520361434558404,0.0509999999999999,0.0499656308059596,0.0502318029114513,0.0491240943046426,0.0472685126933091,0.0457578715472591,0.0449999999999999,0.0429131035944275,0.0355770120824645,0.0175411028950589,-0.0140389743681258,-0.0564562067409628,-0.1129999999999999,-0.179455518720408,-0.2480638525961028,-0.3151389070247376,-0.3578591916974316,-0.371152636292118,-0.3649999999999999,-0.3252108332030455,-0.2554573589374874,-0.1702685030283634,-0.0764817550276495,0.0088091576718128,0.0779999999999999,0.1249929823923934,0.1452285550855968,0.1489244262106591,0.1475747819630314,0.1496129472620235,0.149,0.1388528936560637,0.122255126797968,0.1012728204620017,0.0865401951581524,0.0812680336309092,0.0779999999999999,0.076281996239796,0.0741777608274986,0.0716174087421073,0.0707868946665763,0.069689721073973,0.068,0.0670652179254083,0.0669646693510336,0.0670488899636983,0.0668156515016911,0.0657610157439655,0.0649999999999999,0.0642633786312197,0.063090024272297,0.0631584134050411,0.0626067778091621,0.062000014901986,0.062,0.0603530618355496,0.0591937144557043,0.0585753137412091,0.0576543463491077,0.0568063932511627,0.0559999999999999,0.0560276836363295,0.055417219898462,0.0544858844402662,0.0536047870167146,0.0529647160084484,0.053,0.0521487724650561,0.051947523576619,0.0516767778739978,0.0506181443958841,0.0497632102600117,0.0479999999999999,0.0470842082619905,0.0463759019609619,0.045820017705823,0.0459438120825851,0.0447133888783952,0.0439999999999999,0.0432555099669861,0.0421995791421742,0.0416144314791901,0.0407206594409637,0.0411504162831441,0.041,0.0400831879676792,0.039551703944388,0.0379010468824641,0.0366131305989557,0.0358390186801717,0.035,0.0334349493204302,0.031473235409461,0.0303067551128507,0.0277347443555092,0.0243554384717101,0.0209999999999999,0.0175474461940529,0.0151018694530244,0.0119843863749161,0.0089249068677347,0.0064372435420672,0.0029999999999999,-0.0003228066339206,-0.0042054263862634,-0.0083840507148066,-0.0107271927900053,-0.0123387669247866,-0.0139999999999999,-0.0156318690857056,-0.0174252837843406,-0.0188212808251338,-0.0210388468707333,-0.0233554744935878,-0.025,-0.0282870200703359,-0.0311565875459357,-0.0336894281243836,-0.0375244386887951,-0.0406247550300007,-0.0449999999999999,-0.0493866032056658,-0.0524130722280544,-0.0566760539747508,-0.060276801161372,-0.0638025728351441,-0.068,-0.072108580922991,-0.0765083224251391,-0.0799596242424562,-0.0834515229993519,-0.086513007078873,-0.0889999999999999,-0.0916126236423408,-0.0932384252013486,-0.0955064557061768,-0.0977631146789782,-0.0993376323464269,-0.101,-0.101186569330774,-0.0997678236339193,-0.0979189548034129,-0.0962910130328745,-0.0932720791613656,-0.09,-0.086268089819307,-0.0783373124406585,-0.071293064554795,-0.0677123263794971,-0.0643622881754959,-0.062,-0.0602930282665456,-0.0592183215043971,-0.0586180261223065,-0.0574434342578673,-0.0555973722744887,-0.0539999999999999,-0.0532269756943607,-0.0516809308556934,-0.0501214364245445,-0.0478892766341454,-0.0441740732675195,-0.038,-0.0271332158342105,-0.0192530102837971,-0.0167118550321579,-0.0137464526198389,-0.0117131571714334,-0.0099999999999999,-0.0082063050407959,-0.0073778471692232,-0.006412721190127,-0.0057587070449893,-0.0047711163169785,-0.004,-0.0032836665003895,-0.0016101871071609,-0.0003662781525597,0.0001196194900002,-0.0001033064806027,-0.0009999999999999,-0.0026446690755807,-0.0039276575220141,-0.0038958961121276,-0.0042712843018988,-0.0051746933852041,-0.0059999999999999,-0.0068315926504645,-0.0077026121897569,-0.0081715650868138,-0.0078673250170516,-0.0080895459000062,-0.0079999999999999,-0.0070976190170967,-0.0069990155924968,-0.0066677230899957,-0.0055558070570246,-0.0049043602300638,-0.004,-0.0022910053364855,-0.0012632335857191,-0.0004877697979882,0.0001164799503759,3.181521482461057e-05,0.001,0.0011715580856653,0.0006694462400335,0.0017274335888443,0.0019064205153926,0.0021642337703957,0.003,0.0029960439831732,0.0030710299316807,0.0028316076590716,0.0033601733561781,0.0040465390210188,0.0039999999999999,0.0040896753445062,0.0032712048608124,0.0029817257609456,0.0027579853229279,0.0019005184863092,0.0019999999999999,0.0012298886987364,0.0007145832592274,0.0015612528817778,0.0022961660554154,0.003127115903639,0.003,0.0029084606057044,0.0031716337237201,0.0027468847570521,0.0034188138533422,0.0040128395100702,0.0039999999999999,0.0048495714155238,0.0051189844538296,0.0049097061247901,0.0050654371011954,0.004956969781127,0.0049999999999999,0.005798249426854,0.006704518450452,0.0074882841202175,0.0082015948938223,0.0078851469125828,0.0079999999999999,0.0089357791344384,0.0089163636180969,0.009495985678266,0.0101020258847767,0.0100039841897304,0.01,0.0091361820719022,0.0089735203214517,0.0086161447461551,0.0078241210846602,0.0079824184648446,0.007,0.0068889204976812,0.006665292205213,0.0053464991842525,0.0070033425976618,0.0094263799163966,0.012,0.0146726344495535,0.0161339562250021,0.0186500589099411,0.0205044158401805,0.0210943642532107,0.0209999999999999,0.0194132950674157,0.0171168263984657,0.0143113123513158,0.0123510091203006,0.0106045991305466,0.0089999999999999,0.0082429049317413,0.0066305821713584,0.0054080284173564,0.0046726911323143,0.0038608290445336,0.0029999999999999,0.0020185909473459,0.0025988725853649,0.003440777482084,0.0046183940437013,0.00624645387992,0.0069999999999999,0.0085963865240976,0.01039847727943,0.0119776064773651,0.0136258014806888,0.0154455837023823,0.0179999999999999,0.0196884422788421,0.0218420981857574,0.0243947438985955,0.0250830792343284,0.0249325092062281,0.0239999999999999,0.0223765604381479,0.0201322126851879,0.0173350225451887,0.0152943801216841,0.0136655189828581,0.0119999999999999,0.0103765367530566,0.0081235601076077,0.0053393585148661,0.0033036846412661,0.0016454732309643,0.0,-0.000866222291505,-0.0016221937944446,-0.0027708732498788,-0.0050334464502614,-0.007447824508772,-0.011,-0.0177764873760156,-0.0216757512182392,-0.0226044102917394,-0.025001966293629,-0.026083595617152,-0.027,-0.0280456498659573,-0.0269464473798455,-0.0239311972924354,-0.0188240043231927,-0.0141972741349477,-0.01,-0.0049134481537558,-0.0011196298656587,0.0015614436691976,0.0038144467016024,0.0052144853537611,0.0059999999999999,0.0068023034014851,0.0077553144203173,0.0081117784423501,0.0079074671681043,0.0081108276426392,0.009,0.0098360049978384,0.0107193318835119,0.0111056497140525,0.0110890708352942,0.0122941415910271,0.0129999999999999,0.0129101474257347,0.0136757340700397,0.0144010072525306,0.0156171408835648,0.0172753259339501,0.018,0.0187381426080244,0.02031400254498,0.0219652644289612,0.023856399099616,0.0265664996326716,0.029,0.0307191380329797,0.0317933199385181,0.0323253650269711,0.0336597357403117,0.0352833239947806,0.0369999999999999,0.0403672703791495,0.0414605315985634,0.0361985467882221,0.0296393692233982,0.025178444676067,0.0209999999999999,0.0168632224649367,0.0125203479866817,0.0090874834214487,0.0051765892064953,4.891444135814361e-05,-0.0039999999999999,-0.0089881539085929,-0.0135908246347985,-0.0228217862762588,-0.0459467334210358,-0.082504263936942,-0.1359999999999999,-0.2028270505736587,-0.2762931170202888,-0.3507583571398,-0.4027562056537308,-0.4228388923705964,-0.4139999999999998,-0.3603593847867084,-0.2543432437511091,-0.1204649265330978,0.0059233279971988,0.1018987722645739,0.1519999999999999,0.1617802019761931,0.1517169269352396,0.125478510596902,0.0970926241458403,0.0846242767139958,0.0799999999999999,0.0750095839693307,0.0700773285453888,0.0639909810744214,0.0529483157981903,0.0410546782666139,0.035,0.0300009375903356,0.0264049492273454,0.025824317180548,0.0267124141360794,0.0309964948785975,0.035,0.0396381961022382,0.0467557850890001,0.0510458503915658,0.0523835949228876,0.0531523687513436,0.0539999999999999,0.0548164128597338,0.0558453726722938,0.0549707505564841,0.0493794982024471,0.0443457558462214,0.0429999999999999,0.0414462580103635,0.0394524664075801,0.0385741542436875,0.0373932164556265,0.0357224238495708,0.035,0.0342207553105394,0.0332506911833482,0.0325897963524615,0.0315902253017332,0.03087827087146,0.03,0.0291144944458025,0.0284399117639395,0.027332233147872,0.026979233130816,0.0269818349653724,0.0269999999999999,0.0270491872500337,0.026879509154946,0.0272159563003071,0.0265917360398214,0.0260011636860354,0.026,0.0243483510418162,0.0232476209523135,0.0221737689655298,0.0205292463671759,0.0212773757472307,0.0219999999999999,0.0226506983877495,0.0245320714969015,0.0253793298367659,0.0266836841088871,0.0282112113203842,0.0289999999999999,0.0299792620866218,0.0289690371816626,0.0264946952817757,0.023841021784865,0.0202578074370986,0.0169999999999998,0.0137733689067706,0.0096338042076458,0.0058521070190702,0.0027710850284767,-0.000738383495829,-0.0039999999999999,-0.0064513126948716,-0.0096100935790658,-0.0129720629342426,-0.0165588692566957,-0.0208073188673881,-0.024,-0.0272099375584438,-0.0313560346883114,-0.0354403396246042,-0.0397511528870319,-0.0437201070693764,-0.0469999999999999,-0.0503492168304307,-0.0531957190428372,-0.0549964181356882,-0.0567095637099348,-0.0582831105636525,-0.06,-0.0625450309372367,-0.0643569428903788,-0.0663535914546367,-0.0689207583896939,-0.0702176318764499,-0.0719999999999999,-0.0738158429176705,-0.0745517748550603,-0.0759625291908336,-0.07765308339398,-0.0793540697050694,-0.0809999999999999,-0.0826256285990368,-0.0844316993378254,-0.0858220943243195,-0.0880244760862105,-0.090381373900479,-0.0919999999999999,-0.0944545591812454,-0.0969960691350539,-0.0998412617361193,-0.1033178447763581,-0.1052320791338234,-0.1060000000000001,-0.106168482037602,-0.1043635684244964,-0.1005243290168805,-0.0965234476128391,-0.0933394790612582,-0.0889999999999999,-0.0839411536097909,-0.0791401180818453,-0.0737672638390537,-0.0694082051865836,-0.0650254812305212,-0.06,-0.0537657887084361,-0.0437252103285258,-0.0364431734774933,-0.034411740444009,-0.0326879227935043,-0.0319999999999999,-0.0304720499148851,-0.0288846902230397,-0.0293272595938796,-0.0284994292858865,-0.0280387621192012,-0.028,-0.027081779892092,-0.0270516247330658,-0.0265731867816743,-0.0256894795993204,-0.0247372418487594,-0.0229999999999999,-0.0220237671743844,-0.022082627614641,-0.0215602110736185,-0.020802224540058,-0.0210889130129227,-0.0209999999999999,-0.0208991777708831,-0.0212416311504455,-0.0203549161976909,-0.0200346789387961,-0.0198625647823873,-0.0189999999999999,-0.0190211899324407,-0.0184159808620764,-0.017515774990863,-0.0164376099985077,-0.0147042819519346,-0.014,-0.0132238867979645,-0.0122624776316919,-0.0115358331279099,-0.0107929137395003,-0.0111064995642763,-0.0109999999999999,-0.0101188826941532,-0.0098680691782684,-0.0104436647734243,-0.0112156034125424,-0.0108892341657706,-0.011,-0.0112074950597839,-0.0096073677784878,-0.0084861687809673,-0.0074315484114193,-0.0057133103059645,-0.005,-0.0042139490564852,-0.0032733523484257,-0.002550184255781,-0.0016401073119663,-0.0008332317923317,-3.1579677144893335e-17,6.940638218468267e-05,-0.0001018933600442,0.0001186899688765,-0.0001255068437514,0.0001340462341279,0.001,0.0018197245892722,0.0027061167382726,0.0034318330058787,0.0044304199541109,0.0050360475505703,0.0049999999999999,0.0057597221545424,0.0068053154905575,0.0070570162308101,0.0069755744982982,0.0070101522269518,0.0069999999999999,0.0069904172350083,0.0070186933010628,0.0069742099969937,0.0070283323630893,0.0069775032429883,0.0069999999999999,0.007073100395711,0.0063592916010651,0.0057548850559173,0.0063499540246539,0.0070848326190849,0.0069999999999999,0.0069418011405461,0.0071512499389244,0.0064862985626923,0.0058754912287793,0.0060364985276514,0.006,0.0059986999741123,0.0059440411600251,0.0064000973530766,0.0072374738023142,0.0068775752051569,0.007,0.0079143461678249,0.0080150600425739,0.0080404800660604,0.0079134243186697,0.0081296558625896,0.009,0.0090604513733343,0.0089256874727301,0.0090727807315827,0.0089380306109908,0.0090408932232237,0.0089999999999999,0.0088994344778796,0.0097179191770582,0.010061888444721,0.010174153357536,0.0111626404326712,0.0109999999999999,0.0115516106508716,0.0141687314751967,0.0157044559682509,0.0159746281109431,0.0145880696313526,0.013,0.0130369836913719,0.0123426137775548,0.0118680578486846,0.0120312305751815,0.0120229429139952,0.0119999999999998,0.0111275204154707,0.0109843404851687,0.0106093764477101,0.00982182999112,0.0099930660806829,0.0089999999999999,0.0087855455882007,0.0098610800675929,0.0099608781406995,0.010086011023836,0.0098894609101037,0.009,0.008099926318095,0.0079701538324835,0.0077065775408451,0.0065314518797851,0.005899911152384,0.0049999999999999,0.0041379265727982,0.002919797850831,0.000677297164648,-0.000195795681725,-0.0013443582375195,-0.003,-0.004501475211126,-0.0076196603053094,-0.0109642123772579,-0.0143383154525563,-0.0161071045515268,-0.0159999999999999,-0.0168649345896171,-0.0169704334045039,-0.0177463648851253,-0.0196139168830997,-0.0200808293265204,-0.0209999999999999,-0.0190532264836749,-0.0127250874825592,-0.0058095674856295,0.0024225954088874,0.0088905383256418,0.011,0.0126446294687302,0.0138748041656491,0.0142602267930728,0.0157063005191329,0.017230786992835,0.0179999999999999,0.0188168192834038,0.0196884819976108,0.0204762941282771,0.0213566831158654,0.022148331261196,0.023,0.0239015100370786,0.0240301840454582,0.0242742276979686,0.0255274509379879,0.0259829555069447,0.026,0.026870544770916,0.0270485025832492,0.027280952039305,0.0284947239890899,0.0290277045033954,0.029,0.0289825662733142,0.0291068107032665,0.0282888232506087,0.0261321626719318,0.0247896902558477,0.0229999999999999,0.0203966509064472,0.0187337285687782,0.0165708094573586,0.0140021832611886,0.0114703896229559,0.009,0.0073155563160563,0.005632900770902,0.0043371325731202,0.0038068982891487,0.0026775532519011,0.0009999999999999,0.0003351215225174,-0.0050767040724557,-0.0246047497607118,-0.0574805431505569,-0.101938684082296,-0.16,-0.2300594127488622,-0.3050958104526314,-0.3738656421069132,-0.4234408247345449,-0.4356926202111286,-0.3999999999999999,-0.3202502277114638,-0.2109605489431196,-0.0986150807462939,-0.0023111736180951,0.0613447177265118,0.087,0.0975720509973575,0.1002213857136319,0.0932043858222768,0.0867077409213533,0.0807736501496189,0.0759999999999999,0.0727892871132945,0.0685599145105026,0.0649428598231166,0.0618068315965963,0.0596473933203618
0.058,0.057105931830243,0.0559607887184422,0.0536422630874861,0.0528133315141413,0.0517028105378719,0.0509999999999999,0.0511414270434688,0.0501754369666859,0.0500881004697662,0.0496764809958021,0.0489329550470798,0.049,0.048986416337153,0.0490598300269426,0.0488724877843116,0.0492845702275525,0.0501629111636994,0.0509999999999999,0.0518648408660928,0.0525884339059468,0.0536396892270714,0.0540439567620939,0.0540036272401614,0.054,0.053976204945601,0.0540510623864975,0.0539314747055682,0.0540669321162991,0.0539570806463564,0.0539999999999999,0.0540520126906721,0.0539008255336417,0.0541267078972355,0.0538774001310047,0.0540804268279684,0.054,0.0538826149877211,0.0542973281594258,0.0530623563770007,0.0512314798830997,0.0483075589828343,0.0449999999999999,0.0403959636202374,0.0330926108980998,0.0295491288606612,0.0284670744816682,0.0266647126374253,0.0249999999999999,0.0244493071679369,0.0295131452703116,0.0342521610495383,0.0355642643495186,0.0387039539468018,0.0409999999999999,0.0426138735872563,0.0439885417773986,0.04384579755248,0.044200080444769,0.043761036239886,0.042,0.0403373394525154,0.0382327717800538,0.0348963269342302,0.0320012115587445,0.0293378380251732,0.0249999999999999,0.0208198074203667,0.0161478927092025,0.011142951551822,0.0077360583991599,0.0043267738987979,0.0019999999999999,0.0004384232745045,-0.0020173066176327,-0.0044379614796945,-0.007074456005142,-0.0094454091408428,-0.0119999999999999,-0.0146161266243268,-0.0162691169186464,-0.0183918278822543,-0.0211660161098852,-0.0248296538162827,-0.0289999999999999,-0.0323268507548867,-0.0361841337448882,-0.0406604941258139,-0.0443886689647025,-0.0476518828675108,-0.0509999999999999,-0.0543470854269836,-0.0576329821142165,-0.0610702916084193,-0.0641327240312936,-0.0663913297135,-0.0679999999999999,-0.0696151545220278,-0.0714823604192798,-0.0724746125555263,-0.0735791520656821,-0.0752869735333053,-0.0759999999999999,-0.0768015165678096,-0.0772738218406762,-0.0764035484467237,-0.0758079995577122,-0.0746708700889498,-0.073,-0.072167994737076,-0.070857613511928,-0.0685235672075033,-0.0660074863919947,-0.0634493179683688,-0.06,-0.0557933736151459,-0.0522044527391668,-0.049388655476566,-0.0471185072153882,-0.0443546433371248,-0.041,-0.0384919505443429,-0.0355023825977156,-0.0318413504461519,-0.0288049736818059,-0.0252327348289418,-0.022,-0.0202926443729213,-0.0186821139657575,-0.0170429820526719,-0.0151188191826757,-0.0124950747080873,-0.011,-0.010979731051089,-0.0109688414252583,-0.0113319849540459,-0.012475948983758,-0.0130185685745989,-0.013,-0.0137780091111211,-0.0147425353418657,-0.0153976501400347,-0.0165578348201791,-0.0184008729607873,-0.0200000000000001,-0.0194167951803167,-0.0169597363781926,-0.0148424233053249,-0.0135853688725067,-0.0128668013300588,-0.012,-0.0111316677222164,-0.0104045446387686,-0.0093949100734268,-0.0087999893987229,-0.0076765813813666,-0.006,-0.0051497839276583,-0.0042763550819248,-0.0039177337430836,-0.0038791231480289,-0.0027300765978863,-0.0019999999999999,-0.0020541664163224,-0.0013864200586002,-0.0007143426857883,-0.0014036510196339,-0.0020316598495011,-0.002,-0.0028219138835716,-0.0031717023661616,-0.0028439849950786,-0.0031253643831223,-0.0029239727948626,-0.003,-0.0031381742254131,-0.0022106196141609,-0.0020325022085682,-0.0017271792363039,-0.0009117808508161,-0.0009999999999999,-0.0002285381542787,0.0002748071836651,-0.0003291131488341,0.0004709264513946,0.0009842832596405,0.0009999999999999,0.0018935329505493,0.0019855721202216,0.0024079791912402,0.0031972928714676,0.0029249382163489,0.003,0.0030567990509985,0.0028764001938025,0.0034180464264329,0.0044107104905328,0.0050533050241158,0.0049999999999999,0.0057456221067884,0.0067963818714707,0.0073498332468007,0.0084872767681954,0.0090148069495774,0.0089999999999999,0.00903635019539,0.008914388839358,0.0091324229790135,0.0088333135696322,0.0091836548722488,0.01,0.0099399018446545,0.0106843386857417,0.0110830501749981,0.01114956337428,0.012229422276066,0.0129999999999999,0.013808344573036,0.0146802698820501,0.0155435809833099,0.0161061114768008,0.0160228284210828,0.017,0.0179729946643743,0.0179050075919188,0.0184572408010384,0.0191904988129116,0.018900324942368,0.0189999999999999,0.0199123026825036,0.019961807932682,0.0204399957727574,0.0211455694544988,0.0210168150213475,0.0219999999999999,0.0229150043105053,0.0235411279570563,0.0246372163879956,0.025212841864983,0.0262457554140661,0.0269999999999999,0.0269964420646126,0.0270238586438341,0.0269686326141663,0.0270212563963003,0.0270002514088683,0.0269999999999999,0.0262151592042601,0.0256968204437941,0.0266576405438128,0.026995613319259,0.0270866724330667,0.0279999999999999,0.0289097262205738,0.029019927488022,0.0292976291686174,0.0304720104461512,0.0310922176436976,0.032,0.0329140736697455,0.033505330167409,0.0347444260427291,0.0349260215678464,0.0351360810487406,0.0359999999999999,0.0367865805511402,0.0377979188440238,0.0382409397901324,0.039918744358887,0.042427398341649,0.0439999999999999,0.0456744602369996,0.0468854478297881,0.0467300956047514,0.0453673374321256,0.0436160459749014,0.041,0.0377237978427852,0.0326141038771423,0.0222432399372469,0.0132175712843744,0.0107847334082136,0.0089999999999999,0.00641207249627,0.0046175114454237,0.0032812014013298,0.0030061413190565,0.0029545021722491,0.003,0.0045688598353196,0.0064755629189908,0.0078092378076732,0.009996847146802,0.0124636493837355,0.0149999999999999,0.0183235441907479,0.0216166884941006,0.0253637998095715,0.0297668615018728,0.0337261421860209,0.037,0.0402967963436146,0.0437589511419462,0.0466404265048132,0.0486533832998515,0.0488919136869197,0.0479999999999999,0.0472312299480253,0.0456850070031256,0.0443047472223513,0.0438188652092484,0.0426858047213384,0.0409999999999999,0.0400980583064872,0.0394503088704519,0.0383056430297958,0.0381325835289741,0.0392856653722033,0.041,0.0434415365937043,0.0461368695123,0.0480071621140551,0.0498693850384928,0.0524888328574408,0.054,0.0555445265176413,0.0575956652168744,0.0583651384111029,0.0595502593411049,0.0598978970451582,0.059,0.0582603168417439,0.0566315118224676,0.0551604163585807,0.0529593310900127,0.0506448873462797,0.0489999999999999,0.0464531110015005,0.0446707147421228,0.0426081585371954,0.0400029456626696,0.0374449026773074,0.0349999999999999,0.0334751865873231,0.0303154747555515,0.0272617960338231,0.0195770947732022,-0.0010804560520916,-0.032,-0.0748220746984503,-0.1300231847429242,-0.1960286791635873,-0.2720159857328684,-0.3459391738026937,-0.4039999999999999,-0.4285898420272181,-0.4066169159991617,-0.3393893481881295,-0.2323394220687521,-0.1067508020545285,0.013,0.105991879283865,0.1506172260317942,0.1605754571508731,0.1539006449970917,0.1249336189150485,0.0949999999999999,0.0854911121174227,0.083130476640185,0.0807433782083831,0.0793372918160889,0.0762968052609006,0.073,0.069679340884411,0.0667509694052267,0.0650886236314824,0.0630690718874757,0.0605281184848721,0.059,0.0582423079012687,0.0566342638317507,0.0556260883148084,0.0564281128620335,0.0570451653214617,0.0569999999999999,0.0569903092287741,0.0570221847495909,0.0569424654390559,0.0572006286606175,0.0582318216448351,0.059,0.058995356355247,0.0594537160427516,0.0610500622784727,0.0624371220470277,0.0631430996256241,0.064,0.064125482442996,0.0633138731193148,0.0625729964506653,0.0614479204388287,0.0596136265032303,0.0579999999999999,0.0571353945592194,0.0563700832276481,0.0554641939742767,0.0546966056556918,0.0538148983043731,0.0529999999999999,0.0521939724942569,0.0512659721482266,0.0506327893027492,0.0493596899637801,0.0477423348102521,0.047,0.046183669376054,0.0453698032513887,0.0441153912839235,0.0424241901743869,0.0419477364232068,0.0409999999999999,0.0400110084534337,0.0401326589519217,0.0395082016212434,0.0387155273975239,0.0377835494189858,0.037,0.0362953660961929,0.0345538979779077,0.0335229099514583,0.0324083373057536,0.0307222849376129,0.03,0.0292466114960664,0.0277161980328106,0.026184043992318,0.0261356630857061,0.0257603476973764,0.0239999999999999,0.023146349670079,0.0215261972579588,0.0165822941692863,0.0086673507854154,0.0019974004365876,-0.001,-0.0034945618200109,-0.0055092584892562,-0.0068159026939421,-0.0089519368758075,-0.0115258862221477,-0.0139999999999999,-0.015706725897555,-0.0173022669064644,-0.0189829859050487,-0.0208430380941853,-0.0235958647091369,-0.0269999999999999,-0.032577517568936,-0.0400212472006775,-0.0474419045267804,-0.0549935704101909,-0.0609329065505121,-0.0639999999999999,-0.0664818181802767,-0.0686084056100217,-0.069353444150386,-0.0706885404845558,-0.0722042558236628,-0.0729999999999999,-0.0753751668019925,-0.0781741524105467,-0.0802806783912089,-0.0833609358393145,-0.0865697942280916,-0.0889999999999999,-0.0914788182386876,-0.0940266299025846,-0.0964883753859097,-0.0988982210370484,-0.1001081313281515,-0.1,-0.0992399657411756,-0.09776634711985,-0.0956184798490205,-0.0929290899647394,-0.0904668546272901,-0.086,-0.0792219316379103,-0.0739390548791258,-0.0686612360272175,-0.0626264434845527,-0.0567789002348848,-0.05,-0.0425412972143414,-0.0352302208766282,-0.0307030817274117,-0.0277584236334091,-0.0243705590767435,-0.022,-0.0215518502720054,-0.0257631610317967,-0.0302430990468479,-0.0313482972280096,-0.0335168627099649,-0.035,-0.0357222354507632,-0.0369325619984977,-0.0368365760680178,-0.0373655406112387,-0.0380510354832084,-0.0379999999999999,-0.0380406549148645,-0.0374733876693357,-0.0360774113268714,-0.0342851370676352,-0.0326914827426426,-0.031,-0.0293115792135032,-0.0276981159549322,-0.0259876507878564,-0.0242147977561385,-0.0213324714266877,-0.018,-0.015373298406467,-0.0145137439777266,-0.0163981997285967,-0.0189817108185282,-0.0215944228923251,-0.0249999999999999,-0.0276432388876955,-0.0292601637423517,-0.0313895223858214,-0.0340798248084488,-0.0364087512694723,-0.0379999999999999,-0.0389018931673105,-0.0391073149780119,-0.0386442117276291,-0.0373886597469393,-0.0357092766139458,-0.035,-0.0342713469061216,-0.0330809248138147,-0.0331866854896126,-0.0324486565034676,-0.0307258733950901,-0.0299999999999999,-0.02917948519603,-0.028360858510725,-0.0273844081943836,-0.0269861136514827,-0.0268931508005193,-0.0259999999999999,-0.0259963736702476,-0.0254302816506312,-0.0247548129770732,-0.0251407688187837,-0.024949586381747,-0.0249999999999999,-0.0242683305150552,-0.0231899187488226,-0.0226449976593879,-0.021552893336753,-0.0208939840218544,-0.0199999999999999,-0.019113567467373,-0.018419528847595,-0.0174076005778211,-0.0167389821694915,-0.0157983269109347,-0.015,-0.0141510139255862,-0.0138722192333813,-0.0138762053364839,-0.0121004558998438,-0.0094042131346351,-0.006,-0.0040588189735623,-0.0040505185943019,-0.0041350601776845,-0.0058378617344937,-0.0071267802567198,-0.008,-0.0097614262797243,-0.0105812439413867,-0.0120077679391301,-0.0134188556706507,-0.0141864892066443,-0.015,-0.0142476182156928,-0.0132874981081722,-0.01223416999958,-0.0101509686822789,-0.0088236190540551,-0.008,-0.0071291326475099,-0.0064529878996064,-0.005031903135996,-0.0034756288624853,-0.0029714570122611,-0.003,-0.0030153404760355,-0.0029350754553231,-0.0033688413244697,-0.0044240060849879,-0.0051066746802162,-0.0059999999999999,-0.0076836695336681,-0.0088184251543403,-0.0093102976628213,-0.0106744894500625,-0.0122428965658082,-0.0129999999999999,-0.013819767664284,-0.0146609752788288,-0.0155616377013577,-0.0161029731341008,-0.0159816426206236,-0.016,-0.0152368071859689,-0.0142431763065934,-0.0135833573912522,-0.0126090774706609,-0.0118568855920295,-0.011,-0.0102011248932596,-0.0087461644174398,-0.0072343611096305,-0.0068631278383443,-0.0057154411638837,-0.0049999999999999,-0.005049616479934,-0.004873519854437,-0.0052111589111889,-0.0046208734513999,-0.0039513575923298,-0.0039999999999999,-0.0039841095618624,-0.0040453861357397,-0.003944863368959,-0.0039483913559362,-0.0025973074742872,-0.0009999999999999,-0.0010016565012345,-0.0008206014575858,-0.0021146433506817,-0.0053360177829649,-0.0088020309611878,-0.0149999999999999,-0.02351462788617,-0.02903500810733,-0.0309074961471179,-0.0329724989789789,-0.0354320572367926,-0.0369999999999999,-0.0378920767367325,-0.0381566984482996,-0.0372932614439312,-0.0349673488655191,-0.0325389618681269,-0.0299999999999999,-0.0274302146428924,-0.0251824356121767,-0.0219596500549703,-0.0187745949379148,-0.0152212815739047,-0.0119999999999999,-0.0104002319472472,-0.007900470402882,-0.0063406795897263,-0.0055070896532007,-0.0036948077177197,-0.003,-0.0014339353878689,2.896241711719622e-05,-0.000194173702538,0.0003313492972718,0.0011496069701438,0.0019999999999999,0.0028149165766447,0.0041839275235239,0.0061408601987684,0.0075561560888647,0.0093934762387899,0.011,0.0126149889265676,0.0143908931087298,0.0162101283113378,0.019260419452729,0.0212788650729047,0.023,0.0248725101510853,0.0249328734310771,0.0254974151542564,0.0261021814801906,0.0259924531277501,0.0259999999999999,0.0259151049539939,0.0266965692684939,0.027110547884259,0.0269729548056302,0.0269828540209753,0.027,0.027837418549455,0.0281479048752666,0.0278666156737838,0.0281222876575607,0.027873089897523,0.027,0.0261705032833911,0.0253009150419745,0.0246067693557072,0.0232882986592175,0.020226143277972,0.013,-0.0070380788969617,-0.0419256915509679,-0.088386669407857,-0.1485579530971459,-0.2171072403706835,-0.291,-0.3601378197971733,-0.4006241848091399,-0.4113782699396955,-0.3910817950874521,-0.3266437599820634,-0.2269999999999999,-0.1150439671358935,-0.0089496914124023,0.0825849387013145,0.1434428676645712,0.1663415764465214,0.1679999999999999,0.1520501227051463,0.1257531121994376,0.1019628887969933,0.0768137691470145,0.0569842884553363,0.047,0.0393703269030767,0.0335917958217192,0.0303615924223094,0.0306753244270922,0.0351053519618386,0.0409999999999999,0.0467653062591875,0.0533904025590657,0.058874080852456,0.0599703272292785,0.0586246360424336,0.056,0.0541116207072851,0.0535841089384519,0.0518041898551459,0.0508752908589468,0.0510006299434835,0.0509999999999999,0.0517642289345348,0.0532209790856116,0.0551545733780387,0.0564610955163282,0.058604712308208,0.062,0.0624977431508047,0.0583777331741696,0.0523871355186362,0.0467716954595284,0.0407573189473692,0.0349999999999999,0.0306827316447954,0.0278577409317347,0.0255936900376653,0.0231578155297699,0.0232726346093737,0.0249999999999999,0.0265557740584798,0.0290888080056405,0.0310243511805329,0.0327462466074276,0.0341883564179592,0.035,0.0366950436220265,0.0377065413373768,0.0388386069600352,0.0406132393064225,0.0409845350563507,0.0409999999999999,0.0410256472257135,0.0409838562135619,0.0407637407696621,0.0392977894621158,0.0377235073696631,0.036,0.0334515171148992,0.0316360473364164,0.0296930256081252,0.026880661216422,0.0245588649524597,0.022,0.019441175846962,0.0171179654517056,0.0143146220360018,0.0123383875318387,0.0106180715074157,0.0089999999999999,0.0082132244141419,0.0067176149320984,0.0050459010246673,0.0030761968209051,0.0005660267460317,-0.0009999999999999,-0.0040871808072882,-0.0085854476811696,-0.0118496134679485,-0.0156902182024563,-0.0197195504629657,-0.0229999999999999,-0.0263718133943938,-0.0295074256507118,-0.0335906967054346,-0.0371934510549458,-0.0395181222376273,-0.0429999999999999,-0.0456946917051348,-0.0471769803443197,-0.0494874658651252,-0.0519778396298085,-0.0545201555887434,-0.0569999999999999,-0.059464362779842,-0.0621095442996334,-0.0640493597587647,-0.0657954209933488,-0.0686115616569921,-0.071,-0.0725610044619854,-0.0751298714429057,-0.0766494604514509,-0.0774842866012101,-0.0793204933759355,-0.0799999999999999,-0.0814985535325967,-0.083639126852666,-0.0843302758041688,-0.085664981370922,-0.087303477844637,-0.0889999999999999,-0.0907424150236143,-0.0917507676410451,-0.0921560854757709,-0.091769693191224,-0.090684233755044,-0.0879999999999999,-0.0846222303663064,-0.0814475109050432,-0.0776108451150559,-0.0730910899156578,-0.0680211095972902,-0.0639999999999999,-0.0599564137639816,-0.0553893750353449,-0.0522009622449488,-0.0481301227866705,-0.0429927617508933,-0.0379999999999999,-0.0322350321434855,-0.0261493521429356,-0.0215079156472121,-0.0193353831619775,-0.0176187716032765,-0.016,-0.0151644173883082,-0.0143017439314802,-0.0135677454916206,-0.0125698665530507,-0.0119565096264575,-0.0119999999999999,-0.0119918380941678,-0.0120291974018715,-0.0119529736736611,-0.0120513179816371,-0.0119637848991683,-0.0119999999999999,-0.0120578386461751,-0.0118480726026821,-0.0124874061580475,-0.0132981815644616,-0.0142041392579584,-0.015,-0.0157326709218811,-0.0173593139973558,-0.0187055817044894,-0.0188040257231277,-0.0163003060814539,-0.013,-0.011311058398058,-0.009589221394717,-0.0084506885955646,-0.0076102594563655,-0.0069653558140293,-0.007,-0.0061486414236867,-0.0059467462768513,-0.0056664711517622,-0.0047390193149949,-0.0051130920325132,-0.005,-0.0048937890399955,-0.0052363582313089,-0.0043786992667846,-0.0039962350448181,-0.0038984217492172,-0.003,-0.0029149307509484,-0.003131601388066,-0.0028136308402833,-0.0033420294012582,-0.0040763070811353,-0.004,-0.0039788731320674,-0.004024997040011,-0.0039759304220784,-0.0040289456692558,-0.0039405776767541,-0.003,-0.0012992291954645,-0.0001862354777936,-9.912792326586995e-05,-0.0021420875390396,-0.0056411178939221,-0.008,-0.0111902099075082,-0.0145540950220886,-0.0147523422439681,-0.0133105006587834,-0.0102084730127398,-0.0059999999999999,-0.0019752143869333,0.0036146071748139,0.0091903953107067,0.01380199431864,0.0176287645581846,0.0199999999999999,0.0225550547566202,0.0235711187794209,0.0213196611502459,0.0172501364691926,0.0133976459889431,0.012,0.0112313897326812,0.0102239900645795,0.009624141710206,0.0085570537885475,0.0079016083735009,0.007,0.0060451448927136,0.0060702359138061,0.0055914599833293,0.0046256207176758,0.0038537044431498,0.003,0.0020956798398918,0.0019910494742406,0.0016487932089539,0.0007317554488625,0.0011300914507707,0.0009999999999999,0.0008210760326914,0.0018569669333378,0.0018919541511669,0.0023337468974112,0.0030619580507303,0.003,0.003030483136933,0.0028632832518526,0.0035304511392453,0.0040673786614333,0.0040715002180716,0.0049999999999999,0.0051043705701633,0.004847180334242,0.0051782430687724,0.0048112824275153,0.0051891545886037,0.0059999999999999,0.0059441414266052,0.0066712373842529,0.0071026320964426,0.007132261344716,0.0082337219603665,0.009,0.0105394001471542,0.0125694368150829,0.0134362089167807,0.0144317706653668,0.0150571588047652,0.0149999999999999,0.0141943000783414,0.0137662922002201,0.0142684816750098,0.013720233609778,0.0142581464887486,0.0149999999999999,0.014103347039937,0.0140490413245815,0.0135274044609342,0.0128834302138596,0.013004544303987,0.013,0.0138411790831966,0.0141152478762655,0.0139667337529968,0.0138282156781999,0.0128210650110869,0.0129999999999999,0.013885620869631,0.0145488146287717,0.0157021320220741,0.0158713811949136,0.0146662475340322,0.012,0.0078896656572284,0.0031695765460484,-0.0023332220064877,-0.0060897801382921,-0.0071342970189004,-0.008,-0.0088018630099917,-0.0102501288646116,-0.0117886955029071,-0.0119875141119555,-0.0119759953760125,-0.0109999999999999,-0.0085938000265294,-0.005352059985317,-0.0022632340000766,-0.0003155683173807,0.0013249051714554,0.003,0.0054384051789773,0.0080715278311566,0.0104694968089692,0.0128560875576586,0.014258872731296,0.0159999999999999,0.016986898023498,0.0173635460976583,0.0191912250027401,0.0202839617811878,0.0212874169571036,0.0229999999999999,0.0246823307058534,0.0258563758686863,0.0262488550216251,0.0277259210523936,0.0292534504046226,0.0309999999999999,0.0335767482165685,0.0353394034232603,0.0370676785366579,0.0385348806457712,0.0405372387693869,0.0439999999999999,0.0474270323883605,0.0496504316445676,0.049890361104525,0.0479421619256541,0.0442240479223638,0.041,0.0377759451244966,0.0340935455982744,0.0315875193457305,0.0289490171447916,0.0281042672402875,0.0299999999999999,0.0332200592238634,0.0369261611667311,0.0393299095397923,0.0423921999243145,0.0455182909240726
0.0479999999999999,0.0506745713173376,0.0512728315313848,0.0502804171926755,0.0477909799120301,0.0442854108724632,0.0399999999999999,0.0328981008268521,0.0209420713219774,0.0009687492124933,-0.0273929763569377,-0.0671681050701394,-0.1229999999999999,-0.1929000630507572,-0.2696438555834792,-0.3427370335396092,-0.3975026376256934,-0.4163129749607567,-0.3909999999999999,-0.3221339467718038,-0.223416381862479,-0.117362341938859,-0.0187191320688563,0.049252440906754,0.0809999999999999,0.0941688990951055,0.0932081405030901,0.088542063689762,0.0858334188464457,0.0840761088169678,0.0879999999999999,0.0922515244980062,0.095813754957267,0.0929254696113647,0.0834002079211634,0.0796686860193374,0.077,0.0742144426522731,0.0730155621653389,0.0702592262915365,0.0683671524564229,0.0666906770621659,0.066,0.064523830313185,0.0623512902487577,0.0613770296689651,0.058963937711183,0.0579656429013416,0.0569999999999999,0.055146702694389,0.0546189022897764,0.052455912108183,0.0503322956370442,0.048535098457429,0.0459999999999999,0.0450310592247143,0.0449588908243639,0.0453126980556056,0.0466179247411607,0.0483443959125354,0.0499999999999999,0.0516747835613582,0.0532689302166446,0.0553988859259636,0.0579305580155077,0.0591114266903006,0.0589999999999999,0.0574671900712237,0.0549981602169239,0.0524736535830393,0.0501870880954546,0.0487165395044948,0.0469999999999999,0.0460428086890216,0.0455743398400055,0.0439027164980706,0.042593603868499,0.0418616606069714,0.0409999999999999,0.039351947548937,0.0381327538792982,0.0377009089210489,0.036495656407909,0.0359385171548726,0.0349999999999999,0.0339960222894661,0.0341795999560519,0.0334041992559787,0.0329864349597455,0.0329080726377078,0.0319999999999999,0.0311534542734065,0.0303736341487082,0.0291773457826213,0.0271960524185273,0.0257250409094363,0.0229999999999999,0.0179997047591113,0.0131398680233079,0.0074003457938297,0.0022563195386344,-0.0004526456550464,-0.003,-0.0055801291294395,-0.0073851347866761,-0.0089672705902992,-0.0106731224004903,-0.0123825957115929,-0.0149999999999999,-0.017641456552232,-0.0192143831020754,-0.0215130331186691,-0.0237751847246501,-0.0253140109384179,-0.027,-0.0286091598987154,-0.0309633977602754,-0.033222078290996,-0.0344844523897823,-0.0365049327276485,-0.0389999999999999,-0.0406586364763816,-0.0428567695996065,-0.0456242641484146,-0.0479071822694606,-0.050546352645863,-0.0529999999999999,-0.0561523817594116,-0.0605069473108723,-0.0639253052061541,-0.0676240120108299,-0.0717690799652263,-0.075,-0.077547635154651,-0.0798987666994952,-0.0826777515164784,-0.0846473146782483,-0.0864398617868626,-0.0889999999999999,-0.0914730693692924,-0.0941435485080339,-0.0957472163130599,-0.0960575357988351,-0.0959193229146115,-0.095,-0.0933987274067858,-0.0911204799898654,-0.0880813701274175,-0.0846559398006624,-0.0812012414029328,-0.075,-0.0665641617124317,-0.0591060492317949,-0.0511379862640496,-0.0451022963179593,-0.0426370088598459,-0.041,-0.0394257644371522,-0.0369429161120772,-0.0349539332963851,-0.0332409865478984,-0.0318844031994071,-0.032,-0.0311826416726813,-0.0308942603682062,-0.0307434956264205,-0.029537959459993,-0.0288687915865006,-0.028,-0.02796328645682,-0.0275379000991154,-0.0263267775004182,-0.0257787716744958,-0.0247944505169446,-0.0239999999999999,-0.0223923526981532,-0.021070601380551,-0.02077409281577,-0.0194114976725571,-0.0190500841615578,-0.019,-0.0181476175436784,-0.0173981407587125,-0.0164031642515937,-0.0157697886694702,-0.0147551182442221,-0.0139999999999999,-0.0140472982578997,-0.0134240914179778,-0.012391561246555,-0.0119255956459341,-0.0119669661165805,-0.011,-0.0100361284492035,-0.0100425749629453,-0.0099130099199944,-0.0101011480493091,-0.0099192226852019,-0.01,-0.0108958769366794,-0.0110406550097888,-0.0110101877587349,-0.0109555866243339,-0.011052020250732,-0.0109999999999999,-0.0101220636425626,-0.0099641766199688,-0.0096991272176291,-0.0085391322282577,-0.0079017777567913,-0.007,-0.0060466237150191,-0.0060819312569954,-0.0055292507483309,-0.0048654445473822,-0.0049879435498532,-0.004,-0.0030168065503978,-0.0031123584082649,-0.002538268737386,-0.0016879340354691,-0.0007946272285957,4.7369515717340003e-17,-1.5634552756368848e-05,0.0005286545064797,0.001647626501727,0.0020722863580106,0.0019639369183586,0.002,0.0028150387296468,0.0032494962390943,0.0024111290097431,0.0019254409457102,0.002013419989918,0.002,0.0020056679804317,0.0019802568248117,0.0020342050096806,0.0019588739877028,0.002032469536679,0.002,0.0019328091733572,0.0021989684178059,0.0013677622412783,0.0011747335451518,0.0021306714263017,0.002,0.0019720052084488,0.0019643135051509,0.0024093142748476,0.0031825404084698,0.0029904690003269,0.0039999999999999,0.0049616184801449,0.005402326001374,0.0071405337536798,0.0083442690473033,0.0092069657459164,0.0099999999999999,0.0099714478666831,0.0105795535409246,0.0113202089945335,0.0105657599000498,0.0099892101561328,0.0099999999999999,0.0091353356010007,0.0089650690815467,0.0086468205366882,0.0077587999715948,0.008096700495134,0.008,0.0079452064538002,0.008034739505204,0.0082950965584683,0.009331459264762,0.0088186852856843,0.009,0.0100215071121847,0.0093148303762666,0.0088779535508483,0.0090785357057298,0.0088981658083057,0.008,0.0078814005969021,0.0082058466189653,0.0077104830509411,0.0084496670449955,0.0089963964732862,0.009,0.0098335811014862,0.0106164306396321,0.0116046292897036,0.0121873881230802,0.0133360207893379,0.015,0.0158311312458275,0.016756494019088,0.0170637577977713,0.0170027801534181,0.0169752768267259,0.0169999999999999,0.0171051589405911,0.0162625910324702,0.0159682450432199,0.0158070556109492,0.0147989658067788,0.014,0.0131170043490972,0.0129594676303386,0.0127071644458512,0.0115349163464135,0.0108997054740048,0.01,0.0090923730248675,0.0085155510715595,0.0069492070268901,0.0055757822053057,0.0048481553763451,0.004,0.0032196090097276,0.0017225632653193,0.000223504795203,4.2037052242821774e-05,-9.532231373466656e-05,-0.0009999999999999,-0.0018995539346749,-0.0020815188832755,-0.0019033967278922,-0.0022207599329616,-0.0032265892364015,-0.0039999999999999,-0.003999095637172,-0.0040824798736912,-0.0035447627650985,-0.0028494394408022,-0.0029967049243093,-0.0019999999999999,-0.0010113573473986,-0.0011174881770797,-0.0005378440417252,0.0003127199723753,0.0012323281600503,0.003,0.0055226641327746,0.0074660750872302,0.0088757991968269,0.010773601073894,0.0122590612906247,0.0139999999999999,0.0165390737627028,0.0184329434214203,0.0199126814724115,0.0217472976760656,0.0232681503811062,0.0249999999999999,0.0275589982226719,0.0293262989740215,0.0314040951661836,0.0338515593213938,0.0352900719940977,0.037,0.0371640533339066,0.0367567031417418,0.0372918682722263,0.0365989812649644,0.0358940062425235,0.0349999999999999,0.03409123460692,0.033481319386295,0.0322814909624302,0.0320362654291279,0.0319004184262992,0.031,0.0300857124693366,0.0300404549980631,0.0293007735166856,0.0272903850380577,0.0270304821079164,0.026,0.024169262850319,0.0235063913301208,0.0219271782376646,0.0205950690132633,0.0198521628153105,0.0189999999999999,0.0173981347921569,0.015592994926417,0.0139036828982877,0.0096839857414832,-0.0055713453473755,-0.0399999999999999,-0.0841855096102457,-0.1407666965996049,-0.2143237414131185,-0.2909953917926604,-0.371817772375941,-0.4279999999999999,-0.4371847471209734,-0.4224930104887919,-0.357689305751344,-0.2380253079767207,-0.1121884978529469,0.0109999999999999,0.1081358578107911,0.1524264393443958,0.1651126806073159,0.1546194786403521,0.1246581233395945,0.1009999999999999,0.0920788078022907,0.086441099031589,0.0807017862446936,0.076324229822406,0.0722639339121371,0.0699999999999999,0.0684907300273093,0.0657910973314892,0.0644554512572017,0.0632932296800128,0.0604424537666532,0.059,0.0582816905410354,0.056651305009491,0.055020271366613,0.053451935279336,0.0529483426514074,0.0519999999999999,0.0509844741351689,0.0512097596921785,0.050351139151428,0.050057620669942,0.0498402085846704,0.049,0.0490667496320291,0.0482869890686726,0.0479692027463716,0.0477866257173931,0.0468213843002952,0.0459999999999999,0.0450684687923471,0.0450802655289825,0.0444890827877562,0.0439440630552845,0.043904341052026,0.0429999999999999,0.042998651681504,0.0424193970890751,0.0417725317353583,0.0421250018622384,0.0419526217048981,0.042,0.0420046566272225,0.0420574728394774,0.0416058699144653,0.0406368515521878,0.0398205404041051,0.039,0.0383324526988805,0.0355624460338959,0.0320217013586608,0.0309949406700633,0.0339144918404937,0.039,0.0416047650236597,0.0444459478957694,0.0478585848956724,0.0497964840684189,0.0524729777497323,0.0519999999999999,0.0478831681836642,0.0432436308492557,0.0373197815872313,0.0323012602557208,0.0295385754510596,0.0269999999999999,0.0236921912621034,0.0203202835164192,0.01696877666088,0.0138544770706044,0.011563632885655,0.0089999999999999,0.0063721180332713,0.0051948695626523,0.0043872500396126,0.0018039710921188,-0.000212688666748,-0.001,-0.0034709915724158,-0.0054449074637238,-0.0072611806446433,-0.0101040998623713,-0.012534453275812,-0.016,-0.01861983270239,-0.0212526938044753,-0.0257849312801306,-0.0291991735590025,-0.0328876698506586,-0.038,-0.0430679836592645,-0.0473755144615871,-0.0517728703325766,-0.0570787421326066,-0.060441631219729,-0.062,-0.0636704048000125,-0.0653071504917296,-0.0670422845125659,-0.0686241335993674,-0.070359274699454,-0.072,-0.0736616086055915,-0.0749153898175538,-0.0749006573831374,-0.075273330720058,-0.0761691422561266,-0.077,-0.0778739718058829,-0.0781608114771268,-0.0775065787079928,-0.0768568889255342,-0.0770042285651299,-0.0759999999999999,-0.0749726750941855,-0.0752515129659825,-0.0740282992888588,-0.0725751343893246,-0.0717806815782806,-0.0699999999999999,-0.068288780188975,-0.0667286482690293,-0.0649468961698557,-0.0632183254010127,-0.0586552117444244,-0.0489999999999999,-0.0394097396479021,-0.0337321011636037,-0.0296827675896275,-0.0272734856856955,-0.0255819504585057,-0.023,-0.0212050196232584,-0.0203632005236771,-0.0191854081575415,-0.0171563608846217,-0.0158491691144487,-0.015,-0.0132782772533219,-0.0123423335990535,-0.0110911074799512,-0.0094798665749635,-0.0088930285021632,-0.0079999999999999,-0.0071918749811131,-0.0057500887461642,-0.0042412895640775,-0.0038474698943851,-0.0027312408023837,-0.002,-0.0019924418129102,-0.0024330498373907,-0.004056651371379,-0.0055759043942781,-0.0074100831888527,-0.009,-0.0097738816838264,-0.0112917237888221,-0.0129675951947137,-0.014866455523677,-0.0175562781359793,-0.0199999999999999,-0.0217317423065808,-0.0227886921508689,-0.0231048007471615,-0.0228100813125168,-0.0216955979438714,-0.0199999999999999,-0.0191021425651256,-0.0184112214954448,-0.0174512723027952,-0.0165595798956291,-0.0145427847028621,-0.013,-0.0122425434695676,-0.0110761665029484,-0.0114617140762317,-0.0121046776962826,-0.0120440917637667,-0.013,-0.0138737814055605,-0.0149921121946806,-0.0180409490316618,-0.0207485187381035,-0.0193519916602167,-0.0149999999999999,-0.0122294507434733,-0.0114271434142745,-0.0100255570990526,-0.0085106443228539,-0.0078907917328717,-0.0069999999999999,-0.0061256048622753,-0.0054018794117054,-0.0044193089876949,-0.0037424374447938,-0.0027803411790311,-0.0019999999999999,-0.0019433356887411,-0.0025564722975135,-0.0036147946301192,-0.0042310891551133,-0.005230956164238,-0.006,-0.0067472649356484,-0.0078535923738687,-0.0081974124338635,-0.0098389000291191,-0.0110559167470004,-0.011,-0.0118899273040334,-0.0119394226046687,-0.0127451599247363,-0.0147767027174009,-0.016310160422577,-0.018,-0.0189169829602051,-0.01915390942868,-0.0182547835340195,-0.0160394366826081,-0.0134686220255521,-0.0109999999999999,-0.0086504110463659,-0.0046814811138765,-0.0011138496233031,0.00051131403877,0.0009456431550324,-2.0132044179869504e-17,-5.348716040310661e-05,-0.0004359598881864,-0.001710899266536,-0.0021703747012494,-0.0032613705776314,-0.004,-0.0040032793003322,-0.0039573936749662,-0.0043780408571128,-0.0052531466708773,-0.004878704276167,-0.0049999999999999,-0.0051570281395481,-0.004226679462385,-0.0037059303741531,-0.002289863958207,-0.0007781244398734,9.473903143468002e-18,0.0001161398231595,-0.0003065887306354,0.0010194005185967,0.0023760312130742,0.0032633157626664,0.005,0.0058838141855587,0.0066745297993168,0.007132963515605,0.0070795206349114,0.0082936072992541,0.0089999999999999,0.0089182138103438,0.0096709094789221,0.0101981122980334,0.0097136076337628,0.0088203668957653,0.008,0.0071774352278656,0.0063070489309453,0.00556137458101,0.0044639195450518,0.0026047049401589,0.0009999999999999,-0.0005189040645287,-0.0036069165915911,-0.0065325799434002,-0.0067178725626946,-0.0043615174196415,-1.0263395072090334e-17,0.006442972298283,0.0147375108867724,0.0220850831833366,0.0264811309168161,0.0295545187527938,0.0309999999999999,0.0288242726598683,0.0241476772530136,0.0179841723869909,0.0067248453311243,-0.0076681713037827,-0.0169999999999999,-0.0221163104097475,-0.0259418887186345,-0.0284278297320813,-0.0309802623623713,-0.0320497176572449,-0.0319999999999999,-0.0313577795811721,-0.0290282441963476,-0.0265528414507905,-0.0238231078452754,-0.0200986602902977,-0.013,-0.0021527006682503,0.0072603150541418,0.0132663051876489,0.0178259699277143,0.0231194262656851,0.0279999999999999,0.0313138476274099,0.0352404654980016,0.0393753072633465,0.0414818501348972,0.0406825948242726,0.039,0.0366687587377517,0.0332137674050774,0.0301629169988937,0.0268546422499334,0.0291960830098988,0.0369999999999999,0.0406557758750662,0.0428623808720801,0.0452587272954417,0.0465659084136471,0.0482822734729079,0.049,0.050616030394702,0.0518317286602556,0.0527112827631897,0.0546946474110767,0.0549991990617318,0.0559999999999999,0.0569794409160468,0.057405571290389,0.0588471318221068,0.0588467198549328,0.0591761648608318,0.06,0.0607643492977479,0.061799444197322,0.0623538879579208,0.0633362769745443,0.062795226909574,0.0629999999999999,0.0640870113687028,0.0631441214706442,0.0632008000304858,0.062417663040201,0.060670728066293,0.058,0.0544068253051593,0.0519888184228291,0.0401853717543506,0.0166797596306121,-0.0154381878914038,-0.062,-0.1203091914464997,-0.1868445822897431,-0.256987096898789,-0.3183433508977344,-0.3516842484811924,-0.3509999999999999,-0.3233316184817786,-0.25042273948089,-0.1433179207178895,-0.0389191093772648,0.0623607629428952,0.133,0.1558758270250132,0.1653020546628118,0.1647877698657909,0.1555558698007634,0.151409809224055,0.147,0.1426331158690274,0.139429637265375,0.1357965299211447,0.1302140092525668,0.1196333750031725,0.109,0.102753572184372,0.0998997874996467,0.0974804999034203,0.095238888070044,0.0936193500243379,0.0909999999999999,0.0884712982061397,0.0859690897498062,0.0839001193349754,0.0821951243580439,0.0794780914976853,0.078,0.076522802633916,0.0737819574298449,0.0723782185695463,0.0716835405150791,0.0708876950963964,0.0709999999999999,0.0718227239568932,0.0726732456932691,0.0734965823081022,0.0743373442839243,0.075157852124099,0.076,0.077578538627815,0.0795310920756788,0.0804209408498434,0.0816347443256036,0.0832165798519469,0.0829999999999999,0.0813775443091401,0.079586544163129,0.0781475472378256,0.0760060904304267,0.0735984176308993,0.072,0.0695800263557445,0.0668943853343627,0.0646119511011099,0.0618869816400356,0.0596247877220876,0.0579999999999999,0.0563055923092899,0.055183786842657,0.0546960342823638,0.0533152233081021,0.0517649669266889,0.0509999999999999,0.0501711674502458,0.0493499734747317,0.0484504572234896,0.0477516253142223,0.0467122674583657,0.045,0.0433635482518284,0.0415339961095488,0.040524478626425,0.039406122558387,0.0377342390197432,0.0369999999999999,0.035470566289484,0.032993375341,0.0304988168798983,0.0280243793711525,0.0254610650937363,0.0229999999999999,0.0213657857345645,0.0190715897189434,0.016528829790583,0.01375066349684,0.0103976176057107,0.0079999999999999,0.0047340516961659,0.001729835088039,-0.0002020036299407,-0.0034016116890175,-0.0065993204258413,-0.01,-0.0141652633261609,-0.0182996442231455,-0.0227768236811242,-0.0283811998253318,-0.0339874273692373,-0.0379999999999999,-0.0421933117875464,-0.0452985149378194,-0.0472251748692418,-0.0502174404509635,-0.0523751360537228,-0.055,-0.0576734683020612,-0.0591918494122148,-0.0612545667244819,-0.0622366505587799,-0.0633219632216658,-0.0649999999999999,-0.0665829883426804,-0.0685727716280011,-0.0693283773460382,-0.0707618718958488,-0.0720937723163617,-0.0719999999999999,-0.0728422126088536,-0.0730866728538911,-0.0730305726848688,-0.0727347287587834,-0.0719188356772001,-0.072,-0.0704856743129485,-0.0684648998640588,-0.067201896981004,-0.0651671217763532,-0.0637688508007368,-0.062,-0.0594902826895323,-0.0566441216272838,-0.0520359431792471,-0.047162183163768,-0.0432917409998049,-0.04,-0.0366553027501619,-0.033817990161657,-0.0317358562072113,-0.0286129637037769,-0.0254526867321552,-0.0229999999999999,-0.0204811910893391,-0.0180637453442681,-0.0153706933539444,-0.0132854656279927,-0.0116637738535318,-0.0099999999999999,-0.0077051624753897,-0.0036046840563028,-0.0002079696977931,0.0017029707580083,0.0032588821264432,0.0039999999999999,0.0040561706356829,0.0038427174155984,0.0045438409920926,0.005059021501231,0.0050755758371493,0.0059999999999999,0.0061201730626034,0.0053955276689045,0.004124808413329,0.0022749251387808,0.0006747656338492,-0.001,-0.0018731936226765,-0.0030589275197108,-0.0056042099304833,-0.0077393282324913,-0.009316086846737,-0.0109999999999999,-0.0120144776870413,-0.0113696826787729,-0.0106063506705528,-0.0092020081900943,-0.0065062321914575,-0.0049999999999999,-0.003378158074567,-0.0020860304246296,-0.001760167697935,-0.0004211586234948,-4.607720898265357e-05,6.315935428978669e-18,0.0008544155029946,0.001585028233014,0.0026573944728961,0.0030079238329893,0.0030785211620612,0.004,0.004920318135086,0.0049925197071599,0.0053625655695632,0.0062626715719322,0.0058715115520664,0.006,0.0061777922217719,0.0051506528580937,0.0050720864307138,0.0048409652694339,0.0051910736008356,0.006,0.005917360607338,0.0067382144636422,0.0069949779913624,0.0072701022488411,0.0080785634951409,0.008,0.008808647869181,0.009170296298932,0.0088802966482439,0.0090429441878897,0.0090566437964764,0.0099999999999999,0.010145592218215,0.0097255438341241,0.0106401862256658,0.0110221248550568,0.0110209103753855,0.0109999999999999,0.0109405970966423,0.0111722832508836,0.0104394473200251,0.0099518823189197,0.0099203521941855,0.0089999999999999,0.0088996252094763,0.0091483994392317,0.008824649377447,0.0091875743180723,0.0088110510660543,0.0079999999999999,0.0080553244749872,0.0073315344545149,0.0068900120814803,0.0068806812723907,0.0057516732168016,0.005,0.0035325214424121,0.0007749386964127,-0.0006136017271449,-0.0013278098599034,-0.0021013038754194,-0.0019999999999999,-0.0012090844396856,-0.0002145855620118,2.9061705278272773e-05,0.0001624289427412,0.0012426459106714,0.0019999999999999,0.0020475991809669,0.0014678862298833,0.0003134945290716,1.4648241728949074e-05,-0.0001034175099289,-0.001,-0.0010970029996639,-0.0008100596896369,-0.0015402556995864,-0.0021133262957074,-0.0019632246622182,-0.0019999999999999,-0.0020245959341625,-0.0019566342739287,-0.0020569121315956,-0.0019371873617336,-0.002054037422177,-0.002,-0.0011389122619925,-0.0008901897183927,-0.001084296063016,-0.0009419551683767,-0.0010303754740219,-0.001,-0.0009608548088779,-0.0011137445234228,-0.0005479782190432,0.0002164376111799,-0.0001663923267897,-0.0009999999999999,-0.0010571227214735,-0.0008834877297153,-0.0014224647046054,-0.0023714669230532,-0.0031521349861198,-0.0039999999999999,-0.0048097335977669,-0.0061825263473937,-0.0081614101620336,-0.009514841571964,-0.0114348008177136,-0.0129999999999998,-0.0157632260607127,-0.0237410002293882,-0.0302641914098008,-0.0330992520301567,-0.0367163701063845,-0.039,-0.0406362319606973,-0.041925975944371,-0.0419911591676595,-0.0417592250474804,-0.0393419693942588,-0.036,-0.0327627069577196,-0.0283410032504547,-0.0215179085694042,-0.0122207731764839,-0.0048429333953526
-0.0010000000000001,0.0007626789605101,0.0021835326461047,0.0042017818069099,0.0053364815803978,0.0061828501271963,0.0069999999999999,0.0085385455283892,0.0106085355107988,0.0113216697205169,0.0127279753267313,0.0141810991780214,0.0149999999999999,0.0167053483361034,0.0176960603210763,0.0188230490240682,0.0207621471621097,0.0222931392463497,0.024,0.025698005774484,0.0272703746290068,0.0291143325258473,0.0303896672755228,0.0312132677639835,0.0329999999999999,0.034787220204943,0.0356098722337735,0.0368811715207219,0.0387517198495818,0.0402344158925715,0.041,0.0417848129113217,0.0427993706354899,0.0430111982759514,0.0431900899807647,0.0441780955476677,0.0439999999999998,0.0430730259451393,0.0426257107259203,0.0404904624250059,0.0381923243304778,0.0351834964460016,0.0309999999999999,0.0275580137692341,0.0131647717793392,-0.0148978897320098,-0.0502672258401542,-0.0973189762039131,-0.153,-0.2164215936264721,-0.2838438429167757,-0.3433236334672753,-0.3861304420785178,-0.3957251896226645,-0.366,-0.293731778993633,-0.1838932692702857,-0.0646109237010297,0.045840713966828,0.1209003632036342,0.15,0.1533421880139614,0.1311219950619033,0.1013763542337719,0.0888888297981627,0.0840925265404683,0.0799999999999999,0.0759029749216686,0.0715951789226451,0.0674492913727273,0.0638727463880388,0.0628511616249274,0.0609999999999999,0.0591926071566455,0.0579088545721512,0.0556825298830005,0.0547915794277073,0.0536686619630895,0.0519999999999999,0.0511299865533556,0.0504090556499568,0.0491326537201635,0.0472265924564413,0.0457789893029732,0.045,0.0442064176988052,0.0432090233702742,0.0429860883888498,0.0428157651909953,0.0417758667421829,0.0409999999999999,0.0409341681253903,0.041174505226931,0.0404300283783513,0.0399746477951628,0.0398930406897345,0.0389999999999999,0.0390080253766247,0.0383910346921539,0.0378516858480667,0.0378705999314797,0.0368314788758812,0.0369999999999999,0.0363453986120074,0.0350200800134669,0.0351444805890774,0.0348404130628252,0.0351128633605622,0.0349999999999999,0.0340730300102282,0.0340379143300913,0.0336321026750274,0.0325651481976913,0.0319547552098978,0.0319999999999999,0.0312508874951018,0.0302098697551344,0.0296382000951771,0.0285382648438168,0.0279238751001153,0.027,0.0252687368637821,0.0242913259968541,0.0234948431300694,0.0227117972031793,0.02174330109411,0.0199999999999999,0.0182680677025357,0.0172399337760374,0.0166297785558747,0.0153809549833554,0.0137175981555074,0.0129999999999999,0.0122788411676704,0.0106529589318077,0.0090603145264997,0.0072451934079864,0.0057503444268471,0.0039999999999999,0.0013599393167808,0.0003451004255813,-0.0012423385485083,-0.0039425036993858,-0.0052793103539096,-0.0079999999999999,-0.0106978291993803,-0.0121678971214218,-0.0142718490721576,-0.0152218654294698,-0.0163400565810625,-0.0179999999999999,-0.0187790999288884,-0.02033549276345,-0.0216115437990553,-0.0224443373138739,-0.0244308898768927,-0.0259999999999999,-0.0275321213956254,-0.0300969607428944,-0.0320415257589029,-0.0337107190363402,-0.035222837676484,-0.036,-0.037585476032414,-0.0394728571853115,-0.0405780929392566,-0.0412510706894529,-0.0422869574811795,-0.044,-0.0449033035403843,-0.045586259184478,-0.0465437549054696,-0.0474523814527611,-0.0494446977183331,-0.051,-0.0517926329511905,-0.0528032270264317,-0.0530214061585884,-0.0530451433065471,-0.0529042201856296,-0.0519999999999999,-0.0511361499295789,-0.0504143510886439,-0.0491200289836243,-0.0472497398439717,-0.045718570269093,-0.0439999999999999,-0.042218322564268,-0.0414152444150968,-0.0400173315805702,-0.038558051232575,-0.0377883275708105,-0.036,-0.035021386680752,-0.0345995639889088,-0.0328966743717125,-0.0314698788776046,-0.0295585256599128,-0.028,-0.02728151702321,-0.0255511059632949,-0.0245487397771119,-0.0233612235869937,-0.0217756531513214,-0.021,-0.0193252403067629,-0.0182662322033381,-0.0171816614130404,-0.0153893752136555,-0.0149637140699575,-0.014,-0.0123020398744266,-0.0107378037787042,-0.0088894435339448,-0.0075646107294715,-0.006923834366632,-0.007,-0.0077596235233313,-0.0092683394482793,-0.0110435015798424,-0.0126476024269309,-0.0143293092709537,-0.0159999999999999,-0.0184281449600057,-0.0211368442283402,-0.0230740780038982,-0.024522247748228,-0.0249255124317435,-0.023,-0.0196024167271629,-0.0170290809463036,-0.0138647165294872,-0.0089272910689629,-0.0040933106356302,-6.315935428978669e-18,0.0033569716052996,0.0066799832663238,0.0097098255360603,0.0116289879482191,0.0118103391925832,0.0089999999999999,0.0048306897556081,0.0006526763978847,-0.0032210335282859,-0.0060211443256115,-0.0084989115428243,-0.011,-0.0135435191821496,-0.0154261158797741,-0.0169737602749564,-0.0184168910733479,-0.017681355487047,-0.0159999999999999,-0.0144330987777793,-0.0119534509084603,-0.0099088781991089,-0.0082441441061853,-0.005317378324669,-0.002,0.0005163652713237,0.0030582627296179,0.0048951096561315,0.0047463084232252,0.003817614612491,0.003,0.0021853503554524,0.0012562935812494,0.0008952742065206,0.0010467579103529,0.0009936210940112,0.0009999999999999,0.0002370260349917,-0.0007610944086114,-0.001420812931327,-0.0022779052743875,-0.0017848668518453,-0.001,-0.0010611568790901,-0.0003419108562161,0.0001709441877745,-0.000106899456819,5.9879776527749424e-05,-2.8421709430404e-17,-0.0001444377757397,0.0012492174890665,0.0027763894404594,0.0029800446834561,0.0030591932232556,0.004,0.006440668849086,0.0086599798558053,0.0090980141057829,0.008821177547048,0.007739058754544,0.007,0.0070761802993659,0.0063144531007189,0.0058702107386116,0.0060538860706801,0.0059925488688689,0.006,0.0052462954379201,0.0041781828182385,0.0039688590066548,0.0039875843826108,0.0040558755557547,0.005,0.0067115119597852,0.0077256529992349,0.008730691036753,0.0110161592932074,0.0134523415501326,0.015,0.0136460486367728,0.0102042845583585,0.007245403702843,0.0032223886061426,-0.000587071806706,-0.0019999999999999,-0.0006412542159533,0.0029194195457332,0.0047546721793998,0.0052408341232435,0.0061842244798508,0.007,0.0078707454885059,0.008518379443535,0.010049323388581,0.0113758017188491,0.0122599070895885,0.014,0.0148869437622365,0.01566759150463,0.0161602208000169,0.0159231196376124,0.0160196444059129,0.0159999999999999,0.0160624573230451,0.0153367299872642,0.0148804751452565,0.0148878158915798,0.0137463175626129,0.0129999999999999,0.0122248264959705,0.0112424373375974,0.0106038194377305,0.0095583782827143,0.0089574233083879,0.009,0.008306004660656,0.0065921368063569,0.0052132654637649,0.0027638621983545,-0.0005467246064068,-0.0019999999999999,-0.0035303331954576,-0.0060450261360951,-0.0081971526718531,-0.0093311322438304,-0.0102571483936872,-0.0119999999999999,-0.0136607999599646,-0.015418448052378,-0.0165603841064727,-0.0173685089668991,-0.0180574981540078,-0.0179999999999999,-0.0180797898581798,-0.0172756291160709,-0.0170118343882702,-0.016589081605921,-0.0146074498733454,-0.013,-0.0105595358553173,-0.0079695746514803,-0.0054726259462777,-0.0029220579445917,0.0024967199941635,0.0099999999999999,0.0111694596471633,0.0118411256734534,0.0141006228044329,0.0139478080778441,0.0152922908353089,0.0149999999999999,0.0147936503364681,0.0153025209416699,0.0149284694247947,0.0169490943479022,0.0181510410406581,0.02,0.0219026634504981,0.0224203843361604,0.0238681324879854,0.0238146061646152,0.024198356173701,0.0249999999999999,0.0257405935970357,0.0268420137496428,0.0272880551368312,0.0285205839132686,0.0290595808712233,0.0299999999999999,0.0309000887173233,0.0320557053241717,0.0340459458636392,0.0337207993434622,0.0342004265503985,0.0339999999999999,0.0329641691462897,0.0332481208862553,0.0323549395266167,0.031856632428826,0.0307023402875754,0.0299999999999999,0.0293260777340856,0.0280551736063987,0.0275950716216587,0.0247431583017915,0.0241356299542364,0.0219999999999999,0.0110370123964827,-0.0071457013640631,-0.0346284359067795,-0.0701866146668951,-0.1161928660068975,-0.1729999999999999,-0.2387419352687649,-0.3111214937978612,-0.3769358681970933,-0.4230921846296349,-0.4321023196635986,-0.3939999999999999,-0.3076139527335784,-0.1847127796215469,-0.0579089429285487,0.0534724950312518,0.1234557976498851,0.1449999999999999,0.1468225406473841,0.127515935925711,0.0984960920259105,0.0858846634683926,0.0810753629501178,0.0769999999999999,0.0729178506619679,0.0689684600918343,0.0666835862969218,0.0638110021526178,0.0616624372887095,0.06,0.0583303730039665,0.056605042205557,0.0554332645889693,0.0544942166149767,0.0526716906094531,0.0519999999999999,0.0512952001713736,0.0496345287605675,0.0482776957163778,0.048045497160481,0.0478552019376732,0.047,0.0477884190653936,0.0481704186067702,0.0479346466210278,0.0478230362366341,0.0468575568235355,0.0469999999999999,0.0463031819304314,0.0451450280059193,0.0446840022029962,0.0435288458733884,0.0429018867322952,0.0419999999999999,0.0411269783306511,0.0403399817387295,0.0398367045941923,0.0399453802814114,0.0387035420335026,0.038,0.0372947801041492,0.0360600327894279,0.0361552826330389,0.0356663947425728,0.0348723634987254,0.034,0.0330526312479035,0.033066923579801,0.0325851773480522,0.0316412935378787,0.030835852740346,0.0299999999999999,0.0291747956746897,0.0283145048828032,0.0275257773428992,0.0266414957602311,0.0258493853738857,0.0249999999999999,0.0241469763231071,0.0233723500255251,0.0224459594083158,0.0217274826429345,0.0207807012675266,0.02,0.0200247126407283,0.0194506056708628,0.0184040633579265,0.0177377191397653,0.0167937635383951,0.0159999999999999,0.015214572316575,0.0142290944478632,0.0136755484989485,0.0123307755241757,0.0107183803135836,0.009,0.0064308256803651,0.004709386475409,0.0025131253856505,0.0003837060362648,-0.0001170893848496,-0.0019999999999999,-0.0045753226044437,-0.0067988743168414,-0.0104447200053708,-0.017171866674614,-0.0270112423654422,-0.0349999999999999,-0.0393073443119216,-0.0427181542248132,-0.0456804372344646,-0.0476996652569621,-0.0493873018522311,-0.0519999999999999,-0.0546084550427506,-0.0563333314089413,-0.0580296340056924,-0.0596274800999419,-0.0613635609654793,-0.063,-0.0645894892203815,-0.0669557452086099,-0.0695159997249229,-0.0720014614321589,-0.074491847488701,-0.077,-0.0795491987768932,-0.0814416802500358,-0.0828630484809785,-0.0849497790604528,-0.0874600006319553,-0.0889999999999999,-0.0898188797805442,-0.0907408856023584,-0.0911327489667487,-0.090791048750031,-0.0897120489291256,-0.0879999999999999,-0.0863654762524792,-0.0841213906004271,-0.0813974086343226,-0.0789950346914411,-0.0749878019438651,-0.069,-0.0630978970735929,-0.057858908479617,-0.0536607965550835,-0.0512368704017595,-0.0496330439674316,-0.047,-0.0443607243256434,-0.0427747529821986,-0.0405070487254841,-0.038199438778205,-0.0367080223441512,-0.035,-0.0333079701092218,-0.0317489099182841,-0.0294203911343898,-0.0249761112758291,-0.0202176607496186,-0.018,-0.01711817635791,-0.0168810933463667,-0.0171398738147332,-0.0167408578987202,-0.0157978606798155,-0.015,-0.014958332438096,-0.0150496874531649,-0.0149552950648745,-0.0150316163806593,-0.0149850466584064,-0.0149999999999999,-0.0150074587955614,-0.0149995227194592,-0.014964584500695,-0.0151837997084086,-0.0162398368697372,-0.017,-0.0170119829000497,-0.016996113061803,-0.0169981227842546,-0.0170028437374727,-0.0169992337640261,-0.017,-0.0169909253186988,-0.0170537717006002,-0.016649546984301,-0.0155441660426241,-0.0149588345090418,-0.015,-0.0150035619501575,-0.0149998462293627,-0.0149968604723702,-0.0150041654145303,-0.0149972088949664,-0.015,-0.0150027026579832,-0.0149961548888781,-0.0150025302245928,-0.0150009890718607,-0.0149956384373683,-0.015,-0.0150441758813915,-0.0144433673418905,-0.0133932455941217,-0.0127652964011481,-0.0117590047107672,-0.011,-0.0110591249105128,-0.0103455205507094,-0.0098300374445059,-0.0100965648839457,-0.0099567256691459,-0.01,-0.0100338512763833,-0.0099430438471705,-0.0100680706033798,-0.0099335041551618,-0.0100503536509032,-0.01,-0.0091889090856479,-0.0083130706454592,-0.0075226045471226,-0.0066277700706888,-0.0059141127536188,-0.006,-0.0060525648766387,-0.0059028431040163,-0.0061347962432627,-0.0058372731213998,-0.0061796451797808,-0.0069999999999999,-0.0069216310435316,-0.0081627803100624,-0.0098724606747225,-0.009878157381909,-0.0101538798411252,-0.0109999999999999,-0.0110386961983721,-0.0109704855648174,-0.0109874507019882,-0.0111674576857997,-0.012248672378314,-0.0129999999999999,-0.0130038499227716,-0.0130054063697192,-0.0130111625264957,-0.0128584725520954,-0.0116906361370704,-0.01,-0.007604384199468,-0.0047729066883455,-0.0030944248560864,-0.00114882911387,7.758950902823337e-05,-2.8816455394715166e-17,0.0007896969607289,0.0016871170157029,0.0025207816227987,0.0032770554233499,0.0042302957234043,0.0049999999999999,0.0049251994685622,0.0057147955184402,0.0060289282354063,0.006236114156097,0.0071007620217141,0.0069999999999999,0.0077790268040627,0.0082335504412942,0.0077822799434324,0.0081751303608206,0.0078910831556419,0.008,0.0089036354744277,0.0090429779175778,0.0089873402693348,0.0089982164004813,0.0090055339073844,0.009,0.008962679533706,0.0095248259509311,0.0106980938923581,0.0109644321931029,0.0111281108804289,0.0119999999999999,0.0119687909914194,0.0130551178617854,0.0152522729833129,0.01645535309198,0.018480273297257,0.0199999999999999,0.0192747062837796,0.0177603238263846,0.0156056098376373,0.0129171828587021,0.0106015449404967,0.009,0.0073636100302753,0.0056154014492819,0.0040674069466059,0.0022506722698634,0.0007750973658512,-2.5263741715914668e-17,-0.0008138645731275,-0.0016993931058408,-0.0024521821337206,-0.0034018474712256,-0.0040639888653922,-0.004,-0.0039832592099531,-0.0040144199450337,-0.0040010350261633,-0.0039723645460936,-0.0040713286890133,-0.005,-0.0066504650453448,-0.0076625022456524,-0.0042460487895204,0.0029398889565327,0.0091830594496497,0.016,0.0222598737241951,0.024510583068692,0.0259819250847876,0.0274669345913839,0.0281334772866941,0.029,0.0298187102396643,0.0307610678715093,0.0310398268556227,0.0311681323702822,0.0322256506588549,0.033,0.033800177131724,0.0347108822013131,0.0354643333661466,0.0363462824400126,0.0371784400673713,0.038,0.038012512887566,0.03849251329963,0.0396330797500905,0.0403752130868116,0.0424901275805479,0.044,0.0460299933416957,0.0523658074233943,0.0576945025837357,0.0595928626305335,0.0613860455102642,0.0629999999999999,0.0645938962156695,0.0665618485585143,0.0669154824027114,0.065011559173196,0.0609906894970532,0.0549999999999999,0.0498696896841732,0.0452041869681698,0.0397260212076209,0.0355062384511689,0.0324700877910117,0.0299999999999999,0.0246596574626098,0.0149328041728491,0.00041538926277,-0.0240691503615971,-0.0572339655217779,-0.0999999999999999,-0.1542524988363701,-0.2148341283003712,-0.2768693726647849,-0.3258159023636647,-0.3482136780563599,-0.3419999999999999,-0.301250574060134,-0.2175934200807402,-0.1038867574414766,0.0105552435836844,0.1081938078793371,0.1649999999999999,0.1764830204563431,0.1678524518201226,0.1346319740690421,0.0911237566082683,0.0678804248139125,0.0589999999999999,0.0665391953951701,0.0844029391769268,0.0960243751699949,0.1014834714576318,0.1020086440753006,0.1039999999999999,0.1038943391362001,0.0982943410363395,0.0920100091420687,0.0810506151367531,0.070308174120756,0.065,0.0623602499419404,0.0606723512235134,0.0592520773486131,0.0588772711605458,0.057695219305208,0.0569999999999999,0.0571176694958426,0.0562606251607444,0.0558768862125169,0.0562461932231236,0.0571353712228237,0.057,0.0576473752546969,0.0590242329615038,0.0587478897887443,0.0594249794483692,0.0600642916284078,0.0609999999999999,0.0627313061653064,0.0641853338849028,0.0660194496143056,0.0654169271482692,0.0636646250025968,0.061,0.0574114281108594,0.0563380422282063,0.0550085264120251,0.053617311020121,0.0527271398934833,0.0509999999999999,0.0501845301219824,0.0487059726056923,0.047369028082454,0.0465324431882279,0.0446531117236569,0.044,0.0432954128482804,0.0420661449444083,0.0421520506018519,0.0416476576227587,0.0409418709113879,0.041,0.0409736014764248,0.041125537926656,0.0404862545678871,0.039914242924847,0.0399447863008848,0.039,0.0381758948350775,0.0367764831270854,0.0352030427073477,0.0349039930779199,0.0336386151211557,0.032,0.0311352268935787,0.0304221282431437,0.0290610586590171,0.0274906978565941,0.026848985873731,0.025,0.0231531640965174,0.0224977985468965,0.0209810994521118,0.0193971505380134,0.0176143730200803,0.0159999999999999,0.0144396975419559,0.0119900850816233,0.0095495635445008,0.0069406183664631,0.0045402067453216,0.002,-0.0005320812975885,-0.003336425040274,-0.0079586288386335,-0.0129788688097523,-0.0179928690205869,-0.0219999999999999,-0.0244967456666335,-0.0270940760801413,-0.0290648562853502,-0.0306583655673831,-0.0323252220898364,-0.0339999999999999,-0.0356828044522466,-0.0373292851327271,-0.0387349523818428,-0.0391153497737727,-0.040368058618485,-0.042,-0.0428085195623644,-0.0437730574096102,-0.0442848104188038,-0.0457485589120294,-0.0471591084922499,-0.048,-0.0504875366878374,-0.0524466091187705,-0.0540211927393092,-0.0552133877950994,-0.053418681377873,-0.05,-0.0466691719589632,-0.0429413130864122,-0.0375562908977613,-0.0319489591682093,-0.0284427348384162,-0.026,-0.024218797011492,-0.0233676999124942,-0.0221563742083968,-0.0202016510913254,-0.0188083300381971,-0.018,-0.0163971338635759,-0.0145702864920879,-0.0131410159921492,-0.0110420645691015,-0.0085449504043096,-0.007,-0.0061992837581586,-0.0047968676452031,-0.0028374152404904,-0.0016364722142035,-0.0008115141045851,-4.421154800285068e-17,-7.610262214061296e-06,0.0005457937520789,0.0013535137249529,0.000544906257047,-6.362199645934652e-06,1.2631870857957337e-17,-0.0008168809366554,-0.0016156214111714,-0.0029011165784598,-0.0045711068986853,-0.0050402304432639,-0.006,-0.0077761005083738,-0.0085624132097991,-0.0100586022727599,-0.0112082208424989,-0.0110168298488626,-0.0119999999999999,-0.0121456102947461,-0.0117764609481845,-0.0122759139931817,-0.0116062999431663,-0.0108978249407318,-0.01,-0.0083742997270543,-0.0061157057393632,-0.0036223306965011,-0.0028266308390931,-0.0016421563100463,-5.6843418860808e-17,0.0007795300541869,0.0022850248065201,0.003997260430844,0.0056992795913741,0.0072992433772508,0.0089999999999999,0.010763130938579,0.0116568171814646,0.0125956321493246,0.0130630490738373,0.0130077798893667,0.013,0.0122087399738497,0.0112901539481867,0.0105350563235346,0.0096389070889703,0.0088565399163814,0.008,0.0063918853778988,0.0045738222081975,0.0031222935782168,0.0011816381223709,-0.0001318385733389,4.7369515717340003e-17,0.0007998227855145,0.0017311995369472,0.0024030065771695,0.0034589826621149,0.0040157970573286,0.004,0.0047974324026109,0.0056916375467684,0.0064949235249989,0.0073281195729062,0.0081445356022064,0.0079999999999999,0.0063100833382918,0.0052798341767938,0.0041903457856346,0.0023441358398465,0.0020585611582052,0.0019999999999999,0.0011477844858722,0.0004121874519479,-0.0006632010389728,-0.0009853408279937,-0.0011135702138327,-0.0019999999999999,-0.0020553566065924,-0.001954062803714,-0.0020059628475447,-0.0020517038206002,-0.0018823927195305,-0.0009999999999999,-0.0009874423004667,-0.0004590936679913,0.0002991552445161,-0.0002225759835884,0.0001681675727494,0.0009999999999999,0.0018621409893438,0.0020800536403038,0.0022724817527971,0.0033333221918576,0.0028342494288075,0.0029999999999999,0.0032091508838097,0.0020994360289827,0.0021394392716184,0.0016768970250753,0.000854863303164,-2.5263741715914668e-17,-0.00010914407956,-0.0002224514558202,-0.0023902126582265,-0.0029311449228876,-0.0031827633234343,-0.004,-0.0039156582817796,-0.0046995315233428,-0.0053626474454425,-0.0065409448458376,-0.0069404343110605,-0.007,-0.0080052928544255,-0.0072760650100029,-0.0070355624873609,-0.0066761832995279,-0.0059677262398476,-0.006,-0.0050956549364941,-0.0051124068659673,-0.0041287015817021,-0.0025384251424529,-0.0017614231787564,6.789630586152068e-17,0.0001520377622854,-0.000551895136203,-0.0025197616332685,-0.0067768069079112,-0.0108175381107492
-0.0159999999999999,-0.0226212429146104,-0.0294697937163752,-0.0352692306718499,-0.0397058718740775,-0.0437545321486039,-0.0469999999999999,-0.0502937399097,-0.0537396727728054,-0.0566896674716983,-0.0586577239241602,-0.0604405862361838,-0.0629999999999999,-0.06471309352663,-0.0663726098376018,-0.067351322469886,-0.0666564408578573,-0.065737560106661,-0.063,-0.0595435657694209,-0.0570461828595167,-0.0543798654299917,-0.0522721864096558,-0.0506757096392104,-0.049,-0.0473367028647574,-0.045658307147722,-0.0440107651502316,-0.0423232424307352,-0.0406739301058913,-0.039,-0.0372955789094505,-0.0361942473989584,-0.0356889270356268,-0.0343174058719939,-0.0327666824550665,-0.0319999999999999,-0.0311547300449194,-0.0304245005310665,-0.0290582296706104,-0.0273682737523047,-0.025553833229377,-0.0229999999999999,-0.0213110863222457,-0.0191784115754103,-0.016352917848237,-0.0140985961007638,-0.0114555765239043,-0.0089999999999999,-0.0065176092558494,-0.0040102443763899,-0.0013848797488834,0.0005368706774543,0.0011778226960628,0.0029999999999999,0.0039586313567871,0.0049463034819665,0.0074648758466628,0.0080678982289775,0.0094357330833994,0.011,0.0109419641341584,0.0112942344312958,0.0097133372164762,0.0069621953132364,0.0044080809415435,-1.8947806286936004e-17,-0.007243473119928,-0.016735928018062,-0.02804909564973,-0.0418476769431377,-0.0604215051966607,-0.09,-0.1292430245681577,-0.1778469452256751,-0.2380376815228786,-0.2990456818422657,-0.3569842245318956,-0.3959999999999999,-0.4021429776141514,-0.3895748964709553,-0.339987508843565,-0.2465757452191597,-0.1419308187044685,-0.038,0.0419383281484505,0.0844546837394039,0.1055329653565715,0.1079996275290591,0.1016951228266111,0.0939999999999999,0.0830746886873305,0.0739914624620931,0.0670180800262759,0.0623069739096653,0.0548318421488364,0.0389999999999999,0.0224398983955036,0.0141414454075686,0.0119817729155046,0.0107672630226914,0.0140886291790168,0.0199999999999999,0.0269904335753349,0.0381160195580634,0.045787192067032,0.0493502933884846,0.0525083952508817,0.0539999999999999,0.054975289167271,0.0540030108791868,0.0511970490532678,0.0472920695536245,0.0433486223848742,0.0409999999999999,0.0385207135229449,0.0360315011961754,0.0333403678845484,0.0315131546712623,0.0307905828228228,0.029,0.0280208281415301,0.0280056399753256,0.0280443798580463,0.027768819968985,0.0268628625490737,0.027,0.0271116323716298,0.0263475809808248,0.0254739943407725,0.0248150068302134,0.0251771794111872,0.027,0.0303086268301238,0.0332320239650057,0.0349802568563217,0.0366986496877638,0.0383131163345938,0.04,0.0416901500719396,0.0432821112688437,0.0450961509758692,0.0464229974255969,0.0471434372016126,0.048,0.0481452072781227,0.0472299370214347,0.046980446694688,0.0468133003138116,0.0457881711644344,0.0449999999999999,0.0434898221057613,0.0408826488092788,0.0389907911684126,0.0371464626305613,0.0344232931083536,0.0309999999999999,0.0246456161463919,0.0165565981837218,0.0111817114224839,0.0076113214830931,0.0044287353015324,0.0019999999999999,0.0001881182674075,-9.102062703829322e-05,-0.0002092465398466,-0.0017116529571865,-0.003238552288851,-0.004,-0.0047854471011146,-0.0057996250221048,-0.0060103888242483,-0.0061821314803018,-0.0072254434192237,-0.008,-0.0087518493852251,-0.0102849552441579,-0.0120350897733277,-0.0136287499925249,-0.0154006337794292,-0.0179999999999999,-0.0213323638452116,-0.0246139268120574,-0.0283512409206301,-0.0328697821007606,-0.0381781171302494,-0.0449999999999999,-0.0517863270540117,-0.0576516434410368,-0.0635543009316938,-0.0691790406673394,-0.0737641432788032,-0.0759999999999999,-0.0768145721022999,-0.077762348693484,-0.078090541740654,-0.077932307374423,-0.0780936720810753,-0.079,-0.0798590649806234,-0.0806705104990534,-0.0811880916716817,-0.0808890853492257,-0.0810024425250331,-0.08,-0.0790123438544512,-0.0786689293926711,-0.0767394346332709,-0.0758122150000763,-0.07462126613796,-0.0729999999999999,-0.0723334542601208,-0.0699275819881234,-0.0683123102819298,-0.0675803319937807,-0.0655199710719349,-0.063,-0.06049499814021,-0.0575913064475129,-0.0534336937565798,-0.0491262427189782,-0.0409553411294998,-0.032,-0.0307570362146077,-0.0312506750938961,-0.0308791914300665,-0.0308422434192088,-0.0298622417258768,-0.0299999999999999,-0.029232789229331,-0.0287986418062929,-0.02886947396719,-0.0274034939838354,-0.0269788362018272,-0.0259999999999999,-0.0242753845580814,-0.0227894137671583,-0.0208203061743975,-0.0196450464069344,-0.0188247066711673,-0.018,-0.0171753154732251,-0.0163366929640664,-0.0154426229141002,-0.0149062512845905,-0.0149656634430352,-0.0139999999999999,-0.0130919762657058,-0.0124508753814727,-0.0113698881855524,-0.0107793877327562,-0.0097653373773114,-0.009,-0.00825685279953,-0.0071116191973891,-0.0071167498828365,-0.0066638954135815,-0.0059462088486396,-0.0059999999999999,-0.0051928727918784,-0.0047926570470832,-0.0052389326158669,-0.0046270893740044,-0.0039349459113874,-0.004,-0.0040480982355522,-0.0034593167837628,-0.0023310508529332,-0.0019781336105555,-0.001978420312991,-0.002,-0.0021031925890835,-0.0012649964568189,-0.000971467841307,-0.0007853318106576,0.0001340646123669,1.1052887000712669e-17,-6.598726487011833e-05,0.0001027725859779,-0.0001342982304264,0.0002538761620363,0.0012093859977736,0.0019999999999999,0.001987653383384,0.002552962937428,0.0033426545742739,0.0025593685602025,0.0019801913077573,0.002,0.0012247073900411,0.0002206369592608,-9.037677202843812e-05,6.991711593728034e-05,-8.972948243950895e-05,-0.001,-0.0019232428550839,-0.0020177974382741,-0.0020338549794746,-0.0019146009260962,-0.0021360537905772,-0.0029999999999999,-0.0029955863882963,-0.0035704306392675,-0.0042612918911632,-0.0038252915697646,-0.0040902099484666,-0.0039999999999999,-0.0039014977395913,-0.0042270335778828,-0.0033890611053916,-0.002982437197049,-0.0029163487325449,-0.002,-0.0011434868642969,-0.0003615085564117,0.0005253895124912,0.0013199396873871,0.0021399325025859,0.002,0.0003599353138174,-0.0012868857147954,-0.0034105203090326,-0.0058760959910681,-0.0072461559401788,-0.009,-0.0107401973811834,-0.0121944801800383,-0.0142155134912762,-0.0152049318158213,-0.0148187676950446,-0.0129999999999999,-0.0105056351111359,-0.0075515445519755,-0.0036887160483438,-0.001179901127478,0.0018243648317237,0.0069999999999999,0.011310411954417,0.0146489679563304,0.0180383114917765,0.0211848096659855,0.0233370566853135,0.0249999999999999,0.0274888735364494,0.0295691382642409,0.0302375036447003,0.0295620421766718,0.0274649791061998,0.0239999999999999,0.0204960823491385,0.0186399457173574,0.0166639433157253,0.0139228258156344,0.0115188942856229,0.009,0.0072323344416704,0.0062291535962485,0.0061593346428505,0.0077372929088447,0.0092651748136747,0.0109999999999999,0.0135395918027412,0.0154311876909099,0.0169027406475603,0.0188670939379305,0.0216233331940201,0.025,0.0276535628508441,0.0288482679379263,0.0288201778412565,0.0271149530684665,0.0244771110530794,0.022,0.0195011289436791,0.0166644245189905,0.0116869465613979,0.0058717779323418,0.0024586157112725,-0.0009999999999999,-0.0073589869701821,-0.016334849862034,-0.024645711662282,-0.0297942621550698,-0.0336098129620337,-0.0329999999999999,-0.0263743545878858,-0.0211403479778425,-0.0182705027788432,-0.0144243537020195,-0.0115051332571255,-0.0079999999999999,-0.0028356428282023,0.0001739981505139,0.0027086266843927,0.0065280239735891,0.0095196216902543,0.012,0.0144694060379678,0.0171588884917245,0.0186612895601366,0.0194501915557387,0.0213569181922069,0.022,0.0227015855800032,0.0239008062246299,0.0241797607817024,0.0258072494706013,0.0271491370153835,0.028,0.0297097612923704,0.0307447668373719,0.0314442829781976,0.0323957582722617,0.0330633772270569,0.033,0.0337334766006592,0.0348121802158963,0.0353597410115887,0.0363323370230971,0.0357539657089185,0.035,0.0350611061404234,0.0348091506326562,0.0355716335777687,0.0360868442036768,0.035929597181718,0.035,0.0340705327980301,0.0335332335597292,0.0321925855776812,0.032152260602088,0.0317935078736143,0.031,0.031140567266346,0.0296879873599397,0.028401184217614,0.0275238428996729,0.0256089292151292,0.024,0.01789002243891,-0.0043355101454209,-0.0410923667216823,-0.0842217403796262,-0.1389401801520342,-0.2019999999999999,-0.2697444140200552,-0.3385870647064277,-0.3850409128672071,-0.4012912142128167,-0.3886795737094288,-0.3369999999999999,-0.2463753442112833,-0.1359719528612188,-0.0288048696370881,0.0650299231784149,0.1253806551560698,0.145,0.1448905310243138,0.1289008359740316,0.1088586178942661,0.0988152712202597,0.0917168992095942,0.088,0.0856327079120026,0.0828164288185999,0.0804003699843976,0.0763496718821997,0.0735570637603612,0.071,0.0684432071749686,0.066034570342964,0.0637993642847594,0.0624117770970953,0.0607280341192064,0.06,0.0576365954771044,0.0553447468953392,0.0540249629613426,0.0505691357189576,0.048806593277197,0.047,0.0450619672954466,0.04516029881361,0.044438891034358,0.0437936344462248,0.0427250888707733,0.0420000000000001,0.0421095846583451,0.0412464292133406,0.0409717551156267,0.0408447113032694,0.0396960162815177,0.038,0.0370779281863199,0.0364802662434111,0.0352979595009476,0.0350015376762447,0.0349731019079283,0.035,0.0350453647058661,0.0349079444761947,0.0351288520792099,0.0348490480193173,0.0351633494297187,0.036,0.0360301872461829,0.0359758939700764,0.0360181564981603,0.035979764525926,0.0360255146307514,0.0359999999999999,0.0351749438454188,0.0348175118480586,0.0351965586089975,0.0347127354179311,0.0337594632306124,0.0319999999999999,0.03100403646176,0.0306702668751603,0.0287261217833066,0.0278792206707081,0.0264173500171505,0.022,0.0185355928871702,0.0154899624730896,0.0120570771590188,0.0106933331781067,0.0097032310556362,0.008,0.0071339191497092,0.0063037038045278,0.0058846687547859,0.0059096109121816,0.0047113677910518,0.004,0.0040722121852877,0.0033755794716892,0.0024850708902052,0.0016729970262796,0.0008234555725963,2.2105774001425338e-17,-7.955716690240106e-05,0.000165471236098,-0.0004939905504648,-0.0012823591455842,-0.0022643143737799,-0.004,-0.0056625052520421,-0.0080987723343284,-0.0142842569144556,-0.0241678761240608,-0.0336909814195582,-0.0399999999999999,-0.043436928330824,-0.0465293009778667,-0.0501804360338559,-0.0530061805678963,-0.0555735746686329,-0.059,-0.0624297734829284,-0.0649787044054536,-0.0678654993988262,-0.0712946590712969,-0.0732740941228014,-0.075,-0.0783095376039818,-0.0811902686984503,-0.0833037306613117,-0.0862083058073408,-0.0882604803605987,-0.089,-0.0891584860316636,-0.0877381590194566,-0.0860337705758966,-0.0840997271426722,-0.0814973640764739,-0.079,-0.0756531153857877,-0.0729460411995172,-0.0699581286823883,-0.0648420970471821,-0.0601530435814525,-0.0559999999999999,-0.0518252402508069,-0.047638625895337,-0.0438355958605898,-0.040770872672022,-0.0372846388477342,-0.0339999999999999,-0.030675659832792,-0.0277668210072689,-0.0260294930229016,-0.0242974915155079,-0.0226758999192275,-0.0209999999999999,-0.0201177692890421,-0.0189311998159696,-0.0166828749178378,-0.0157742707685289,-0.0147270923071557,-0.0139999999999999,-0.014114346442235,-0.0132246534334361,-0.0130284002958196,-0.0127310625429139,-0.0118993587635523,-0.0119999999999999,-0.0120273067669888,-0.0119748520616921,-0.0120108715995963,-0.0120037976306004,-0.0119901337910858,-0.0119999999999999,-0.0120346710454792,-0.0118794958094952,-0.0124832475436194,-0.0131501822283832,-0.0129470163878987,-0.013,-0.0130334218368427,-0.0129474265731605,-0.013058754864748,-0.0129477859816575,-0.0130328500325292,-0.0129999999999999,-0.0129501909388722,-0.0131365700208291,-0.0125290879884271,-0.0116933892746704,-0.0107901143093078,-0.0099999999999999,-0.0100287021438348,-0.0094321442121682,-0.0084412438583877,-0.0076875158655129,-0.0068378590439496,-0.0059999999999999,-0.0050877887321671,-0.0050229216609523,-0.0045857437390235,-0.0038254583868403,-0.0040060513865418,-0.003,-0.0020102928018455,-0.0021088108889155,-0.0015697786265492,-0.0006126305691406,7.404398993334224e-05,4.2632564145606006e-17,0.0006741603784079,0.0024376245306972,0.0035719749444851,0.0042941886901474,0.0051992703748815,0.0059999999999999,0.005998488605562,0.0065120405688797,0.0076295744340001,0.0082560884086528,0.0091523242347301,0.009,0.0088348463786834,0.0098118871587475,0.0099948889391845,0.0100629523102803,0.0099347726001445,0.0099999999999999,0.0108827490069589,0.0110663272502817,0.0109725569609481,0.0110022692588706,0.0110068200139198,0.0109999999999999,0.0109802482365042,0.0110475701236452,0.0109217661380202,0.0111082011446351,0.0108604826317738,0.0099999999999999,0.0099487248138313,0.010056440064334,0.0099524949161139,0.0100328020112729,0.0099837778040444,0.0099999999999999,0.0100143779540593,0.0099744326121104,0.0100319318723899,0.0099686244857405,0.0100215010146285,0.01,0.0099649188151971,0.0100862367027209,0.0098367780850278,0.010345230982279,0.0110550925924418,0.011,0.0117779466982419,0.0127052604332552,0.013531090027599,0.0141056440098855,0.0140311786017003,0.0149999999999999,0.0159092824764936,0.0165405896499397,0.0176702249870392,0.0180352762454526,0.017999205186779,0.018,0.0180009073131745,0.0179849510539609,0.0180469338247572,0.0179057598720233,0.0181490579002392,0.0189999999999999,0.0182351478608453,0.0177546498152748,0.018227373871223,0.0178128831589233,0.0181471255457109,0.0189999999999999,0.0206073475209613,0.0219867234344299,0.0218334619023239,0.0223206144931182,0.0231490623895502,0.024,0.0248494924559244,0.0256830666781214,0.0261711476140815,0.0259102674484929,0.0259837397040052,0.0249999999999999,0.0240600593607994,0.0235153657752521,0.0222816828439208,0.0218789269700962,0.0206553452058891,0.0189999999999999,0.016652860334121,0.0136800851274597,0.0122263613410784,0.0099063363896361,0.0076598249992903,0.0059999999999999,0.0029461997399938,-0.003518169355799,-0.0115651710613395,-0.0146666198508547,-0.0164749515861117,-0.0179999999999999,-0.0192610960667695,-0.0230584872222966,-0.0196955769106303,-0.0098123653732697,0.0030037504428924,0.019,0.0273780417880182,0.0298579897389619,0.0326784475256821,0.0348893966589005,0.0374873731527227,0.0389999999999999,0.040612640255585,0.041929416850938,0.0422256058009125,0.0435863904101164,0.0439533856409972,0.0439999999999999,0.0448380967034061,0.0456638651124449,0.0462394356126732,0.0457761545320423,0.0462069971699153,0.0469999999999999,0.0469302141992088,0.047685041296734,0.0481217755744239,0.0479605534182906,0.0479928542226361,0.048,0.0488182283946512,0.0491955930591136,0.048775222962763,0.049345912142354,0.0501313454115803,0.051,0.0519386605986709,0.0519432963751613,0.0524190380498501,0.0533194934959238,0.0542616973118061,0.056,0.056918029258208,0.05758011762633,0.0583265272902144,0.0575958111089112,0.0568637167146771,0.055,0.0515695863778916,0.0491505216268115,0.0452522666667846,0.0372542675887597,0.0237518557470489,0.003,-0.026653275773588,-0.0687077355026839,-0.1224397096432487,-0.1848923592116037,-0.2526280892594847,-0.3159999999999999,-0.3576196393408826,-0.367260960524526,-0.3519445293241942,-0.3005058878468856,-0.2030386599206518,-0.0899999999999999,0.0193882424343759,0.1098609361354091,0.1566108998801638,0.1717298010059317,0.1673341846137831,0.1439999999999999,0.1197742865873487,0.1042324185349037,0.095297319176562,0.0903030631006189,0.0876428281265582,0.0859999999999999,0.0834015845019371,0.0822591594874085,0.081120260545205,0.0795279502134688,0.0787303777716011,0.0759999999999999,0.0741451259711385,0.072961804964991,0.0706295043444536,0.0698444743847127,0.0686225965208752,0.067,0.0669785874089478,0.0665505246777247,0.0649772488476554,0.0635016729371954,0.0629611755128939,0.063,0.063048778558965,0.0624381365783155,0.0614004927041615,0.0607544417702552,0.0597711601370643,0.059,0.0589937613672389,0.0589831252582104,0.0590410104294033,0.058943570700282,0.0590532157865791,0.059,0.0581357063792093,0.0578987100543797,0.0580712610846094,0.0579550843256575,0.0580247676223138,0.0579999999999999,0.0572780620050907,0.0556264845939681,0.0543756333749488,0.0537264676394825,0.0528134923077276,0.0519999999999999,0.051156964137055,0.0504123367869547,0.0490631230569777,0.0474776389642514,0.0469078411788266,0.046,0.045114730490152,0.0444131616670806,0.0434190170615306,0.0427234521644229,0.0418161973503133,0.0409999999999999,0.0393887572676337,0.0380560349421227,0.0378352882219677,0.0362049286271017,0.0347901236018627,0.033,0.0303247832967465,0.0293648905965282,0.0280366239415649,0.0265359455970196,0.0258593429871977,0.0249999999999999,0.0242124224557084,0.0227848178943756,0.0206274292421536,0.0178780645595703,0.0155763523851217,0.012,0.004632866646431,-0.0030896871512741,-0.0105537599099276,-0.0174785439428042,-0.0217372991620853,-0.026,-0.0303435630485298,-0.033058565542712,-0.0355115300230425,-0.0378420230138161,-0.0391969415188373,-0.0399999999999999,-0.0408385173969418,-0.0416380375509593,-0.0425808361084057,-0.0430862267461601,-0.0430212167624848,-0.044,-0.0457308895466394,-0.0467015325763923,-0.0477462830677643,-0.0500147632056958,-0.0524620305798006,-0.0549999999999999,-0.058295797633018,-0.062096077402599,-0.0673789182528875,-0.0733327509565173,-0.0792641057204589,-0.086,-0.0911993291344851,-0.0952395674197844,-0.0993931808975829,-0.1017052092046847,-0.1033288299006974,-0.1039999999999999,-0.1024281748904094,-0.1001363927185394,-0.0970255665139869,-0.0936322411269415,-0.08876344633893,-0.081,-0.0726905665511144,-0.0641356177136184,-0.0571834862091766,-0.0516623291981702,-0.0445641730417911,-0.039,-0.0348640941168089,-0.0310140113550268,-0.0286830160868016,-0.0257474687381029,-0.0237879079772018,-0.023,-0.0220477525664792,-0.0221155203252029,-0.0214555910384276,-0.0209630297173933,-0.0209021786531707,-0.02,-0.019944535113503,-0.0200324350711237,-0.0200431787830991,-0.0197591108860747,-0.0188727613457364,-0.019,-0.0190726430884146,-0.0188507612176332,-0.0194568338037555,-0.0203484211562382,-0.0211587865797006,-0.022,-0.0228556630715131,-0.0235819449122483,-0.0248989705328401,-0.026733897745453,-0.0282299333691191,-0.0279999999999999,-0.0247987713165773,-0.0211770561007713,-0.0181531880919374,-0.0145277811283407,-0.011463803999326,-0.009,-0.0071930849092847,-0.0067956342068022,-0.0077319782186192,-0.0100359101897469,-0.0124027191470144,-0.014,-0.015642745541464,-0.0173723276671732,-0.0189453046725563,-0.0207418284623677,-0.0222256850635138,-0.0229999999999999,-0.0238284077739486,-0.0246441021749704,-0.0255921636634409,-0.0260471998518833,-0.0260834848784835,-0.0269999999999999,-0.026348015980119,-0.0250479232534115,-0.024869220540358,-0.0231480000836943,-0.0218827359581899,-0.021,-0.0192261493735173,-0.018441980326685,-0.0169816959800986,-0.0153968552958724,-0.0119749255091261,-0.006,-0.0039228790868765,-0.0042384598166024,-0.0034482539121961,-0.0027215529902736,-0.0018074603235067,-0.001,-0.0001485785511248,0.0001737749500907,-0.0004256927283747,-0.0015363162381815,-0.0033934360417679,-0.005,-0.0058801523401691,-0.0065414764601042,-0.0079844537997949,-0.0094805660427148,-0.0101188197536571,-0.0109999999999999,-0.0118440486046772,-0.0126999295326038,-0.0131679676994417,-0.0127769809308291,-0.0117029947835631,-0.01,-0.0091471256295414,-0.0078464377710355,-0.0058446318660992,-0.0044476424578975,-0.0026020076338573,-0.001,-0.00013462607174,0.0009229030347537,0.0046939076526018,0.0098849797969447,0.0122349687477546,0.0119999999999999,0.0081111408195837,0.0031607496262327,0.0009044322227256,-0.0005091246250567,-0.001070221776299,-0.0019999999999999,-0.0029493524327734,-0.0034040577538119,-0.0051533787772733,-0.0063242711072906,-0.007221381983019,-0.008,-0.0079799823409252,-0.0081103390650295,-0.0075513469144893,-0.0066690074321448,-0.005817276970607,-0.005,-0.0042298992184388,-0.0027480503463638,-0.0008979758162166,0.0004247062357373,0.0011414470540394,0.0019999999999999,0.0027945790512642,0.0042630638022105,0.005751838254048,0.0061545692156215,0.0072657479832953
0.008,0.0086882380725008,0.0104395341580297,0.0115598834180991,0.0122960060867479,0.013246147488924,0.0149999999999999,0.01600704831391,0.0158920973387668,0.0161840096353386,0.0156730879020061,0.0148565151578204,0.0139999999999999,0.0131317586796091,0.0123869503681535,0.0114760022436665,0.0105146581766868,0.0086365096202983,0.008,0.0073823493061217,0.0054096651432044,0.0047064208736164,0.0031278838633166,0.0004480185352591,-0.0029999999999999,-0.0072659531906488,-0.0106134396082451,-0.0142033160260798,-0.0167878238514997,-0.0183807968736227,-0.0209999999999999,-0.0235766948847059,-0.0254296801328907,-0.0266524073010847,-0.0270549758757318,-0.0270105207141547,-0.0269999999999999,-0.0254539644375068,-0.0235334803274928,-0.0218524461395927,-0.0187121543279743,-0.0166601151741297,-0.0129999999999999,-0.0061984383578193,-0.0017985322263147,-0.0003490079517095,0.0002368509717138,0.001222738637978,0.002,0.0027654002098214,0.003800206938382,0.0043186397958855,0.0055346721311994,0.0059709925681073,0.006,0.0068430185982908,0.0076144055729747,0.0085778088318126,0.0092703083591628,0.0101557974867752,0.0099999999999999,0.0098139454663295,0.010865711189678,0.0108929937654461,0.0113052126684834,0.012142695645405,0.0129999999999999,0.0138903895254336,0.0145440436494804,0.0156880518658801,0.0160082330326622,0.0160170410529266,0.016,0.0160192745446317,0.0154624970936229,0.0144449806597959,0.0134880426569412,0.0117105724506672,0.011,0.0078345445054879,0.0058768422254012,0.0093538250473443,0.011938553071167,0.0158854553068709,0.0179999999999999,0.0185891320675139,0.0198377510656195,0.0168619078191765,0.0134675500896043,0.0029273904524397,-0.0179999999999999,-0.0491832981961075,-0.0915591698777859,-0.140106658536276,-0.2005075671804588,-0.2662937778822546,-0.3369999999999998,-0.4018024853219833,-0.4336797787619962,-0.4407183292152165,-0.4129272977860735,-0.3365012126994296,-0.2279999999999999,-0.108759921160754,-0.0025692844403087,0.0791539542301712,0.1152527726346727,0.1179138254964618,0.113,0.0862795587304673,0.063615612819779,0.0590327804707434,0.0542447498681699,0.0541999933252492,0.0519999999999999,0.049885674167925,0.0494424305791142,0.0458067125254621,0.0447915871270446,0.042286001974543,0.039,0.034947188480312,0.0314177749637023,0.0305581343705122,0.0301822242929161,0.0339613404606001,0.0369999999999999,0.0385212100631777,0.040650995324545,0.0413368336949624,0.0424906351063081,0.0430903147095725,0.0439999999999999,0.044097118219114,0.0443516532839633,0.0458008453063166,0.0461226046419412,0.0472176635479229,0.047,0.0468344897128512,0.0472797396303175,0.0466580468839473,0.0474357312676606,0.0481046588307663,0.0489999999999999,0.0484547256393528,0.0459251103431244,0.0435757343884663,0.0411077627250379,0.0397177258501822,0.037,0.0342513162667397,0.0337370470159294,0.0351481364561948,0.0380966058576932,0.039062693400471,0.04,0.0409581362524461,0.041447646624814,0.0427569558180333,0.0431051551494644,0.0443037780361917,0.045,0.045670173661873,0.0470175225214407,0.046731855830127,0.0474668231179764,0.0479836342541632,0.0479999999999999,0.0481469087633293,0.0471824046600992,0.0470642198166408,0.0467224852031503,0.0458509519640344,0.0449999999999999,0.0433754671392621,0.0415733743745332,0.0404229159989894,0.0395566639495788,0.03755782169233,0.0359999999999999,0.0345069574831391,0.0314324807283689,0.0276629523988552,0.0231718229405471,0.0193267062703952,0.0159999999999999,0.0125840838418747,0.0099738226392269,0.0074882394719453,0.0050325575188646,0.0024646934618001,2.5263741715914668e-17,-0.0016812967531585,-0.0037465784533179,-0.0071211030119344,-0.0099873146290357,-0.012667260316877,-0.017,-0.0211772072856974,-0.0258554511852544,-0.0308574447372341,-0.034250747245521,-0.0377249273011402,-0.0409999999999999,-0.0442754972498564,-0.0477645113890431,-0.0508906802945104,-0.0544188550560182,-0.0576532826953242,-0.062,-0.0678542641553266,-0.0731611872185319,-0.0775314484613079,-0.0817968813287841,-0.0871203063786087,-0.0919999999999999,-0.0946590516811158,-0.0962872681018277,-0.0980741171905803,-0.0995943857260503,-0.1013044389689669,-0.0999999999999999,-0.0926058787378664,-0.0863610931183861,-0.0831242246084594,-0.0797241522921958,-0.0776249506681168,-0.0749999999999999,-0.0724054665967233,-0.07014204370709,-0.0673783469138873,-0.0649500651181129,-0.06118148549764,-0.0579999999999999,-0.0556020529931487,-0.05233383954655,-0.0489989110054104,-0.0458131919103522,-0.0435893415553651,-0.0409999999999999,-0.0383864234021118,-0.0366480162069055,-0.035253357652407,-0.0350255216339956,-0.0349244582428344,-0.0339999999999999,-0.032301300551637,-0.0312794671110833,-0.0301783268774352,-0.0284054455439181,-0.0278949036348933,-0.0259999999999999,-0.0240981550199134,-0.0236397310144116,-0.0214949185756594,-0.0192136846910309,-0.0177555381349236,-0.017,-0.0162295736432316,-0.0152200167796707,-0.014638549079375,-0.013537051192633,-0.0129170580364169,-0.0119999999999999,-0.011021094154134,-0.0111250232715206,-0.0104916271906224,-0.0098656040120298,-0.0100609154261466,-0.01,-0.009140765550374,-0.0089289032311267,-0.0087165254791579,-0.0076693210392393,-0.0081755158117026,-0.0079999999999999,-0.0070275114469121,-0.0070989785291447,-0.0067881351628949,-0.0073956992711347,-0.0080267395633212,-0.0079999999999999,-0.0087867813573128,-0.0097520929198605,-0.0101229828531044,-0.009916527652366,-0.0100437885686985,-0.0099999999999999,-0.0099820751497702,-0.0096000647164239,-0.007887713928038,-0.0066048061357563,-0.0058543835686907,-0.005,-0.0033633650533945,-0.0021065729611155,-0.0017440777178006,-0.0004323772163262,-3.462993276514699e-05,-2.289526593004767e-17,0.0001055471998583,-0.0002635029939467,0.0006814876503931,0.0009187540346352,0.0012071395837094,0.0029999999999999,0.0047087526244851,0.0058408036619976,0.0060476631442169,0.005740146061993,0.0033630814888251,0.001,0.0003510655192754,-0.0025807277172008,-0.0054020717267115,-0.0062186834493015,-0.0056492313013065,-0.002,0.0015242620108009,0.0038698431721889,0.0067065060959066,0.0086461805200227,0.0103883536740814,0.012,0.0127836544837968,0.0142992866380039,0.0157251927574495,0.0160390676804304,0.0159799023547468,0.0159999999999999,0.0160838939147596,0.0153077145303978,0.0149072137369752,0.0148686685157196,0.0137562273583985,0.013,0.0122109633793279,0.0112833832749647,0.0105008460379357,0.0098542687344385,0.0099997523509275,0.009,0.0080142010635717,0.0080727521200633,0.007888140657972,0.0081105952079173,0.007927228307715,0.0079999999999999,0.0081308641613748,0.0072438436467443,0.0069336353160492,0.007018311985848,0.006989744987906,0.007,0.0077570243016682,0.0087914151123195,0.0093415266289257,0.0105092692053538,0.0109859737838229,0.0109999999999999,0.0118606257672645,0.0121100655039795,0.0119027484074199,0.0121030070137611,0.0118692396486149,0.0109999999999999,0.0109636941458351,0.0105710041157533,0.0092123823390966,0.0090969537557855,0.0088485683836624,0.0079999999999999,0.0079658752652012,0.0080281758140875,0.0079805719459318,0.008016827532908,0.0079812833738645,0.008,0.0087739914523369,0.0097599893938699,0.0103652726449799,0.0116038197779462,0.0133479915409463,0.0149999999999999,0.0166594611718118,0.018331720288394,0.0202240362296117,0.0234468808743826,0.026403454580257,0.0269999999999999,0.0263548713092473,0.0235349197172976,0.0199533730555709,0.0162435586395397,0.0094617921014791,0.0019999999999999,-0.0054223358708584,-0.0131520287201123,-0.0201174786656347,-0.0261064301385189,-0.0279259113602248,-0.0249999999999999,-0.0199543757940115,-0.0160747439718337,-0.0132273194136068,-0.0094961703740663,-0.0064200728390862,-0.003,-0.000287518838386,0.0011181699070947,0.0035872172791129,0.0058481035144364,0.0086713665901115,0.012,0.0145197599841204,0.0169868097626546,0.019535900290562,0.0218167865484508,0.0232689570385,0.025,0.02671927560398,0.0282490964775715,0.0300848355500016,0.0316184711765865,0.0333017496767119,0.0339999999999999,0.0347056917429683,0.0363496282001828,0.0379999418239803,0.0395044944844966,0.0401038429828541,0.0409999999999999,0.0411196234830449,0.040826531050129,0.0411558725551611,0.0410211444872507,0.0423301435671203,0.0429999999999999,0.0436162654842861,0.0455894976393967,0.0463187785818637,0.0477250972678584,0.0492007856472596,0.05,0.0508599533595805,0.0516340749519641,0.0522860652506361,0.0516232160140565,0.0508727126851797,0.05,0.0491729494343365,0.0477911132544416,0.0462112875933165,0.0457387477341613,0.0434084427734763,0.041,0.0385664326939316,0.036414775115409,0.0347837066407439,0.0294538420152312,0.0208002897671685,0.0029999999999999,-0.0238825235190176,-0.059341206784204,-0.1106101526327031,-0.1730297499515986,-0.2450620053776056,-0.3189999999999999,-0.3802638038612732,-0.4158374107618902,-0.4104220348543655,-0.3605379694816645,-0.2645572893435933,-0.1409999999999998,-0.0165796994721364,0.0887061787475008,0.1459536405143241,0.1646400304793445,0.1599264446949375,0.1349999999999999,0.1176930041280217,0.1109807968152955,0.1078474950811484,0.1100197038167897,0.1112858007689203,0.115,0.1133685049709928,0.0950536318087427,0.0707097824316964,0.0553997043208977,0.0505492097926255,0.051,0.0571405183349168,0.0675044045573193,0.0782955273193362,0.0849337354328861,0.0874455667066059,0.09,0.0910679501285147,0.0896367228724229,0.0842775703163533,0.0773568497865113,0.0704206562671223,0.062,0.0581761100635667,0.0574082152171973,0.0567617567714532,0.0569895006594843,0.0556924203243502,0.055,0.0542650098773332,0.0531896722688335,0.0526351110735373,0.0515813529827746,0.0508546570086623,0.05,0.0499791926785101,0.0494725123606508,0.0486960930310844,0.0492013407366955,0.0489034228801911,0.049,0.0490642658227993,0.0489431632438773,0.048754359983077,0.0474879221555375,0.0469254814607415,0.0459999999999999,0.0450849500140775,0.0444717109331277,0.0433374274114672,0.0428246778177327,0.0416879647187789,0.04,0.0382997206550232,0.0372403373085945,0.0362963285613382,0.0340831206163042,0.0328777536151839,0.032,0.0302925391955092,0.0292278100611429,0.0286363074262424,0.0273664524382805,0.0257435139465949,0.025,0.0234410386805268,0.0215120837799925,0.0201635817849106,0.0181949952542849,0.0167496136759092,0.0149999999999999,0.0132001842768719,0.0124199664800744,0.0110802956958626,0.0092866851385051,0.0077164564337387,0.0059999999999999,0.0014079012418364,-0.0065458804640378,-0.0151284185699626,-0.0228575557197931,-0.0277318710692176,-0.031,-0.0351303997503168,-0.0393520337178256,-0.0435234248138681,-0.0475042312918721,-0.0505364386680047,-0.053,-0.0547976367041347,-0.0555709880315983,-0.0569969466830353,-0.0584238538129946,-0.0592301010689705,-0.061,-0.0618981778350893,-0.0630778096680495,-0.0652439104600313,-0.0664739207737543,-0.0684407634154331,-0.0699999999999999,-0.0715528306596503,-0.073552743406751,-0.0746868260974584,-0.0771324242233909,-0.0793555549812135,-0.0819999999999999,-0.0869737629900478,-0.0915766544399993,-0.0944919027410618,-0.0949450003732052,-0.095152757570363,-0.0959999999999999,-0.0959696050708936,-0.0965852551548343,-0.0975264069079968,-0.0983560278866281,-0.0990959369725085,-0.099,-0.0975271699526108,-0.0943744117962143,-0.0910501715005364,-0.0873658974387412,-0.0816239334723396,-0.0729999999999999,-0.0636292533558059,-0.0564305806973323,-0.050678651126896,-0.0466049459376643,-0.0432485087689277,-0.039,-0.0355548277422295,-0.032934731707502,-0.0308406330584979,-0.0295829237602038,-0.0288781760811282,-0.028,-0.0270471445076586,-0.0271295742677689,-0.0261740861040731,-0.024424876392315,-0.0239294480315934,-0.0229999999999999,-0.0220916248859493,-0.0214728645598519,-0.0202897858707952,-0.0200416938071666,-0.0198770320404127,-0.0189999999999999,-0.0189464931828832,-0.0190272124609778,-0.0192638938630571,-0.0205387258682692,-0.0209769488378951,-0.0209999999999999,-0.0218677800705745,-0.0220903922642833,-0.0219448284256309,-0.0220270466761985,-0.0219916183972147,-0.022,-0.0220003042144389,-0.0220013807548678,-0.0220057023510571,-0.02196077546411,-0.0221337312755883,-0.024,-0.0245662704223928,-0.0199994383826646,-0.0163235973190004,-0.0158955325998026,-0.0147107709510889,-0.014,-0.0140238037175193,-0.0139524242865629,-0.0140473532368186,-0.0139810131063735,-0.0139547962475558,-0.013,-0.012031500805278,-0.0120955235041152,-0.0115336418686778,-0.0108250306252467,-0.0110854986446179,-0.0110000000000001,-0.0101190433962328,-0.0099535694024118,-0.0097321738997535,-0.008477191160909,-0.0080061086568314,-0.0079999999999999,-0.0071977235709282,-0.0063053501514357,-0.0055207496218227,-0.0046522646802249,-0.0038418056547878,-0.003,-0.0021510660664183,-0.0013784503356242,-0.0003961041412892,5.557578113890728e-05,5.4909709456708014e-05,0.001,0.0018911613968633,0.0025739194364095,0.0036086904107427,0.0042287127193759,0.0052429997675209,0.0059999999999999,0.0059735601919919,0.0061289729308727,0.0054896330606524,0.0048979067584973,0.0049685334715684,0.004,0.0030385601665897,0.0030754949555835,0.0025635100402388,0.0017938786513356,0.0021068565087902,0.002,0.0010861880644371,0.001032990892551,0.0005793981365574,-0.0001814528640432,2.5610488478473627e-05,-0.0009999999999999,-0.002790927728997,-0.0032260867111739,-0.0020191130478198,0.0017750486068099,0.0055480728569518,0.0069999999999999,0.0086025919163497,0.0104040733980341,0.0119717651174974,0.01352725282863,0.0140764099958071,0.015,0.0159591877702868,0.0159507003277835,0.0161310123479135,0.0157081853950157,0.0148438855166201,0.0139999999999999,0.0131116795799191,0.0125049174737278,0.0109302482271551,0.0096382021591183,0.0087321356251514,0.0069999999999999,0.0061523352387127,0.0047932177359117,0.0031996940803753,0.0028876736144606,0.0016956056857108,0.0009999999999999,0.001816191039296,0.0026574592019522,0.0035288360943638,0.0043001188595914,0.0051890811797828,0.006,0.006803605841387,0.0077320239315499,0.0083824674587248,0.0096067622711449,0.0113008927437066,0.012,0.0119330924074563,0.0126617361540294,0.0131557959605705,0.0129406794701378,0.0129581971112602,0.0119999999999999,0.0111294374761675,0.0099133954720566,0.007728134687697,0.0065991655751268,0.0044362146454677,0.0019999999999999,0.0003821255122727,-0.001442660754847,-0.0032392060446931,-0.0087028873163314,-0.0149315594855449,-0.0169999999999999,-0.0178189983224876,-0.0186658813927363,-0.0195341952804614,-0.0202766908794155,-0.0211940528523131,-0.0209999999999999,-0.0178415826940641,-0.0132182613916483,-0.0074176046555753,-0.0017736746890619,0.0058896711013187,0.0159999999999999,0.0214803607495378,0.0238910967333613,0.0266113630743801,0.0289434213233315,0.0314676585520304,0.033,0.0338812053868323,0.0340639392202773,0.0342487121682762,0.0355314639434383,0.0359963006693911,0.0359999999999999,0.0367695710076572,0.0378234296150405,0.0379615028155096,0.0382744948746454,0.0390781166171427,0.0389999999999999,0.0405353324929865,0.0420746835786401,0.0417422709874459,0.0424166013872569,0.0430338190763881,0.0429999999999999,0.043013625665619,0.0429797436334304,0.0429866559992645,0.0431832138327571,0.0441809909677048,0.0439999999999999,0.0437647294685843,0.0454308728577434,0.0464784476684194,0.0475903866070773,0.0492832442552963,0.05,0.0500858925373375,0.0489650097461496,0.0461385680208457,0.0424758658284965,0.0379698985428956,0.0309999999999999,0.0191547486640559,0.0007955020094616,-0.0220335439126267,-0.0478510992255359,-0.0801625043413151,-0.1219999999999999,-0.1738193975812211,-0.2303502129394229,-0.2868421543337985,-0.3373229791678986,-0.3624005095409595,-0.3589999999999999,-0.3277172494302774,-0.2478404840527009,-0.1334270085334233,-0.0146940780089418,0.0965858317673166,0.1749999999999999,0.2056816697000945,0.1880929007380379,0.1396973762525245,0.1039205867434687,0.0888540844389254,0.0839999999999999,0.0908458847134689,0.1022006550439708,0.1133857562333356,0.1145502429803652,0.1033964720288095,0.09,0.0740560450835556,0.0622312015728541,0.0578946623903843,0.0548227114680305,0.0525679306989271,0.0499999999999999,0.0489209930512517,0.0492347442279997,0.048410683645427,0.0478946049441126,0.0481068950156544,0.0489999999999999,0.0491098306739694,0.0487922747713862,0.0495473669528546,0.0501283659193395,0.0499307247158657,0.0499999999999999,0.0508888274491398,0.0509978435708087,0.0514034026250691,0.0521728807836969,0.0520037846572456,0.0529999999999999,0.0539206929442306,0.0545416214619673,0.0556164625431462,0.0562683084224221,0.0571389941289473,0.0569999999999999,0.0569005484637596,0.057197812884204,0.0564929846843861,0.0556724936750041,0.0548899016037268,0.0549999999999999,0.0550297693762719,0.0554536588048257,0.0564877310298159,0.0553894237046647,0.055154461882502,0.0559999999999999,0.0559276346897785,0.0567044788207659,0.0570838444281054,0.0570154850571797,0.0569109217666657,0.056,0.0551564269056493,0.0543050258039376,0.0538023667404801,0.0543039850307855,0.0551253130365331,0.055,0.0534916229038759,0.0500599628078006,0.0446923155660382,0.0407743510183484,0.0385355439472575,0.036,0.0343109608102496,0.0321864371346781,0.0293310925566653,0.0271347504920334,0.0244158471249919,0.022,0.020342307893085,0.0186266746688056,0.017074049577247,0.0151527109710549,0.0123188407630308,0.0079999999999999,0.0037297048625535,-0.0001036928859375,-0.0051044499223383,-0.0097196799440913,-0.0137989599479228,-0.017,-0.0193653428117455,-0.0232378855278511,-0.0275187878569706,-0.0316981776714353,-0.0357893856024004,-0.04,-0.0443279832578427,-0.0470451911939342,-0.0495860088314633,-0.0516903810572714,-0.053435591691961,-0.0559999999999999,-0.0577178337856325,-0.0593059159312217,-0.0609721006080612,-0.0627584669410515,-0.0641862325203548,-0.0649999999999999,-0.0666952962121989,-0.0677267804902732,-0.0685598345308258,-0.0690413785748701,-0.0690997261645709,-0.0699999999999999,-0.0699931838222567,-0.0706118817905804,-0.0711396353095001,-0.0711407022447875,-0.0721610496050902,-0.0719999999999999,-0.0726367532217829,-0.0744662154446183,-0.0756100100273069,-0.0759885973079451,-0.0745521304141329,-0.0709999999999999,-0.0652395476853726,-0.0593005324935967,-0.0534065377162757,-0.0481249273774927,-0.0441548836064865,-0.0389999999999999,-0.0346574604089609,-0.0313927390360279,-0.0279657926805516,-0.0246232293260914,-0.0214981460708416,-0.02,-0.0183395145983454,-0.0172262247028232,-0.0162288312167161,-0.0143578511281021,-0.0139667817430105,-0.0129999999999999,-0.012078685399781,-0.0114272938436472,-0.0107054966183664,-0.0112119460534739,-0.0108893991505303,-0.0109999999999999,-0.0110983189530431,-0.0108363355576499,-0.011182912012321,-0.0108459002969099,-0.0110868852294637,-0.011,-0.0109164331507541,-0.011142401146788,-0.0108379741181334,-0.0111384369626614,-0.0109210735009071,-0.0109999999999999,-0.0110770650822514,-0.0108681304811055,-0.0111502901103797,-0.0108717761120883,-0.0110726939650933,-0.0109999999999999,-0.0109313433264698,-0.0111130167816927,-0.0108802879973121,-0.0110872184943771,-0.010969475651499,-0.0109999999999999,-0.0102121522214753,-0.0098042453917601,-0.0098864833846285,-0.00837684814164,-0.0079928458110644,-0.007,-0.0060000384459589,-0.005648633171392,-0.0040666969838346,-0.0042550315185678,-0.0037386544159949,-0.003,-0.0031585542437135,-0.0021283772033218,-0.0021610218329156,-0.0015931249521217,-0.0010013495779492,-0.001,-0.0001102144719875,3.096299109084081e-05,3.3772447732235694e-05,-6.660065749170642e-05,5.6505704986303976e-05,-3.473764485938267e-17,-0.0001181485503172,0.0006987948017751,0.001442289737743,0.0022662467659608,0.0018376973166679,0.002,0.0030000181235501,0.0027889161803094,0.0036686963634607,0.0039119091564154,0.0041884209197977,0.005,0.0041852153595879,0.0034130398795489,0.0022572614412167,0.0022710971082313,0.0030578748114487,0.003,0.003842857451726,0.004104003809882,0.003962926424105,0.0039694849926017,0.0040941450886358,0.0049999999999999,0.0058463089499131,0.0066401479352979,0.0077662010944031,0.0100167038174109,0.0124631461510761,0.0149999999999999,0.016886940775975,0.0173446408271388,0.0196207016360316,0.021428690978966,0.0222867276164584,0.024,0.0233506725046517,0.0216856576394545,0.0196103833798301,0.0171110980866125,0.015794526793793
0.0149999999999999,0.0150101689521282,0.0144539982915036,0.0134364356006784,0.0126550635723285,0.0119296714400034,0.012,0.0112089991482141,0.0107814073430806,0.0112041654217599,0.0108351735501729,0.0111027463879527,0.011,0.010110443550001,0.0098965140327421,0.0103686864254757,0.0114542495721385,0.0120377653226141,0.0119999999999999,0.012004723856833,0.0119822083810079,0.0120287071726706,0.011968068095377,0.0120236506557224,0.0119999999999999,0.011953476697806,0.0121429803506053,0.0114823074089682,0.0109025221075924,0.0109637342982415,0.01,0.0090816555041905,0.0085209597137904,0.0069549373724416,0.0055592265827451,0.0048676386261595,0.0039999999999999,0.0031319595120211,0.00244204414026,0.0010434770327817,-0.0005212097778267,-0.0010764997538615,-0.002,-0.0036751548643315,-0.0052722338767936,-0.0073383556824481,-0.0102641402665835,-0.013692340155125,-0.017,-0.019640378822581,-0.020812867640727,-0.0211963812853575,-0.0203700579899629,-0.017353336083513,-0.0149999999999999,-0.0126329412958033,-0.0097339352687528,-0.0079209859447329,-0.0042393606785595,-0.0004201607945932,0.002,0.0053883104311376,0.007547519864499,0.0088481316370978,0.0107583263651394,0.0122937611159388,0.0139999999999999,0.0156932666553079,0.0172877875265053,0.0190744535820948,0.0204623616604396,0.0210951815205636,0.0219999999999999,0.0237146151266549,0.0246978039757093,0.0258232947318346,0.027652442213916,0.0279373477610911,0.028,0.0289036010912631,0.0289903268147976,0.0293595925894586,0.0303921768016201,0.0311858057238126,0.033,0.0362642272938679,0.0398278394222286,0.0422770081533569,0.0432245241740608,0.0427805371148974,0.0409999999999999,0.039300390074543,0.0376742398504647,0.0362848878073979,0.0358453305804958,0.0346739349399499,0.033,0.0313736479703115,0.0295697776507977,0.0281695695048845,0.0260020577843673,0.0235489162483733,0.021,0.0176098879366492,0.0146774792698066,0.0089481572914937,-0.0018903905908462,-0.0193297931657563,-0.048,-0.083228919991528,-0.1277507430307126,-0.1861574413650145,-0.2481014120219176,-0.3156974313216676,-0.369,-0.3836444539258926,-0.3811437628102557,-0.3437774764761067,-0.2542433810168639,-0.1496549022724886,-0.0379999999999999,0.0505233905047417,0.0824274996430758,0.0924790149373313,0.0934528487298608,0.0828356117238575,0.0759999999999999,0.071025912428181,0.0669428610959419,0.0646205833132263,0.0619379769724149,0.0595046744723002,0.0569999999999999,0.0546267067277815,0.0507373263127285,0.0469666750404267,0.0460474098886022,0.0488179470431775,0.053,0.0555141172009896,0.0581636341681598,0.05958870329289,0.0605823864847836,0.062186736897428,0.0619999999999999,0.0627510015155141,0.0632611818264636,0.0627742855145527,0.0631535643649595,0.0629353296221487,0.063,0.06229381701451,0.0611269760969424,0.0607689023235588,0.0592600146106524,0.0577875951627611,0.0569999999999999,0.056206770924915,0.0547780140876509,0.0529331053553148,0.0512185115112312,0.048437156527956,0.047,0.0463525285936945,0.0444016612824496,0.044007444005082,0.0437102230785853,0.0429266533586163,0.043,0.0429307436547239,0.0436894058553187,0.0440782191145548,0.0441568925092576,0.0452210308168669,0.0459999999999999,0.0468561912006983,0.047123222038311,0.0469083303124053,0.0470491776067881,0.04699246617193,0.047,0.0462333099083598,0.0452483777375734,0.0445777623911431,0.0436127885160227,0.0428571346802277,0.042,0.0411618476507352,0.0403121110257099,0.0395939563622578,0.0383730804930383,0.0367594721216986,0.036,0.0336656185331649,0.030404940911502,0.026038338313781,0.0192629867581176,0.0141216211924724,0.0089999999999999,0.0037117788271463,0.0009813747909211,-0.0016317968519787,-0.0036562299687194,-0.005445857837701,-0.008,-0.0097730764405065,-0.0106697360158426,-0.0117858509114915,-0.0138538115078632,-0.0151633033695167,-0.016,-0.0168991982987825,-0.0174905843847501,-0.0190246552800597,-0.0205922201551963,-0.0223940675766804,-0.0239999999999999,-0.0268440310886823,-0.0344333704014169,-0.0428165364211199,-0.0496901447443764,-0.0562596406110329,-0.062,-0.0670887171551014,-0.0713507153994277,-0.0755328047855155,-0.0796709784866124,-0.0853999627241958,-0.093,-0.097513996851125,-0.0998619136449004,-0.1027019106130667,-0.1046669214313678,-0.1063623327134676,-0.108,-0.1089096014412152,-0.1090748135569385,-0.1089257360021071,-0.1090776326143266,-0.1089054755089788,-0.108,-0.1063822923980957,-0.1045784341633584,-0.10314362815096,-0.1010413284407091,-0.0984881597185982,-0.095,-0.088484661026742,-0.0818507338376565,-0.0778631431786708,-0.0748420432441,-0.0726456049815333,-0.071,-0.0692952692880446,-0.0677996611289748,-0.0654927768544049,-0.0632255548589551,-0.0616379960130203,-0.059,-0.0564021910177128,-0.0542112732612082,-0.0509574580393623,-0.0475834932263196,-0.0413459211528038,-0.0319999999999999,-0.0265078248719637,-0.0246020874760716,-0.0233320746210691,-0.0227797158875269,-0.0217814096456004,-0.021,-0.0201596195176988,-0.0198694862359998,-0.0198344570684526,-0.0183884802873186,-0.0180520967329017,-0.018,-0.0178819809670423,-0.0182878284303026,-0.0172715881725056,-0.0172378722336342,-0.0181499092823454,-0.0189999999999999,-0.0199588290986234,-0.0198787003764819,-0.0205495196770803,-0.0210316611407282,-0.0211029410419813,-0.022,-0.0220195641854443,-0.0224863811237831,-0.0236839544373869,-0.0240447594683759,-0.0239838602565753,-0.0239999999999999,-0.0246882287671288,-0.0269316259783878,-0.0286374512623223,-0.0246335332967273,-0.0178053687845732,-0.0139999999999999,-0.011471834234858,-0.0095424559567035,-0.0080936573117556,-0.006283534423429,-0.0046736180246701,-0.003,-0.0021037937622462,-0.0014057519084244,-0.0004512036494879,0.0003365162098993,0.0010861594217922,0.0009999999999999,0.0017279689174012,0.0027913787430654,0.0036263489854625,0.0061222235623193,0.0083829246707061,0.0099999999999999,0.008090251817213,0.001972578512021,-0.0022088447037153,-0.0076496788874275,-0.0138899779038421,-0.015,-0.0149259385261737,-0.0150507284910174,-0.0152756995991634,-0.016474125631603,-0.0170757989996931,-0.017,-0.0146742173816293,-0.0117212199567376,-0.0100925581006739,-0.0082185117037455,-0.0067876962475379,-0.006,-0.0052322447081269,-0.0036888624997619,-0.0023194993417788,-0.0017480581822896,-0.0008627557272252,-0.001,-0.0010483057200305,-0.0014016073853331,-0.0027929645877924,-0.0030474791706752,-0.0044122048038545,-0.006,-0.0067204063265608,-0.0084329717505722,-0.0095153681717058,-0.0104094400814735,-0.0110397731656978,-0.0109999999999999,-0.0110427947452363,-0.0108468389982273,-0.0115392094749431,-0.0120846667407844,-0.0119979412938726,-0.0119999999999999,-0.0119097066102474,-0.0127165064929802,-0.013047846986918,-0.0131980592143448,-0.0141444341940581,-0.014,-0.0139197818416824,-0.0141312779750631,-0.0138381249275964,-0.0141766470751255,-0.0138185187610171,-0.013,-0.0130402088468065,-0.0123746079038515,-0.0117928584792735,-0.0121399784747403,-0.0119150387352907,-0.0119999999999999,-0.0128838256953971,-0.0130482603433894,-0.0132491370890107,-0.0145718100881885,-0.0148977853954993,-0.014,-0.0139855448896794,-0.0135073746134366,-0.0123383327945285,-0.0118128263570486,-0.0106933434220024,-0.009,-0.0073437551309883,-0.0056416981455076,-0.0040370678567921,-0.0022841438644726,-0.0007434249461635,-1.2631870857957337e-17,1.6223600299667848e-05,1.6131886286012152e-05,-0.0002842079369216,-0.0016500249022636,-0.0033164403008918,-0.005,-0.0074416613096474,-0.0100977917602203,-0.0123475561340012,-0.0153030598205717,-0.0186462079235047,-0.0219999999999999,-0.0254710850175853,-0.0274044809143114,-0.0292868916127121,-0.0321345061405947,-0.0343948428261428,-0.0359999999999999,-0.0368432982277858,-0.0377527178203985,-0.0378138476611076,-0.0363231686357701,-0.034667351359133,-0.0329999999999999,-0.0314094369975282,-0.0289699668099859,-0.0269569392233979,-0.0249937120147295,-0.021211473770283,-0.018,-0.0147389226237613,-0.0112397099680343,-0.0080545211904679,-0.0047816576647211,-0.0026367679461063,-0.0009999999999999,-0.0001676207137276,0.0012374964940683,0.0027173860432996,0.0033760522444039,0.0054144678480739,0.0059999999999999,0.0058591442788706,0.0067137134180001,0.0074705502401386,0.0081764424769778,0.0079862844933539,0.0089999999999999,0.009943399219447,0.0105380386697063,0.0113127085983524,0.0109099554049749,0.0123981161692685,0.0129999999999999,0.0128046593996801,0.0138559171943703,0.0142148243157432,0.0156409942899627,0.0159029380972514,0.016,0.0169247945710442,0.0174555683554931,0.0187917325153644,0.0190353625674183,0.020376203791498,0.0209999999999999,0.0207541515720495,0.0220687461042795,0.0212995425838291,0.0211555352398234,0.0207691622584712,0.0199999999999999,0.0194708905719458,0.0166551057973904,0.0155939629841605,0.0114420121775281,0.0003413596297788,-0.017,-0.0428663160254046,-0.0768761515711217,-0.1196752824672954,-0.1703248944218543,-0.2306551992698203,-0.293,-0.3537899852762522,-0.4081445582754547,-0.4283615203788767,-0.4235918613138357,-0.3925993740842327,-0.3039999999999999,-0.1867489571333345,-0.0667475266398744,0.0453067108514792,0.1143711835610309,0.1409980555311965,0.1419999999999999,0.1238987333092018,0.0981708791465187,0.074871780651523,0.0625719296589281,0.0582402250367204,0.053,0.0469815187670653,0.043069197879556,0.0404849765779667,0.0381641688071304,0.0367421002904517,0.0349999999999999,0.033241463831834,0.0322626299949002,0.0318585000062833,0.0320843689128598,0.0320008925055743,0.033,0.0347596097468662,0.0356707982684307,0.0365389234456408,0.0372692515036314,0.0382560412947123,0.04,0.0424815070767292,0.0446079003158449,0.0451657194118161,0.0446532679685086,0.0423838516315069,0.039,0.0364483704336654,0.0340373942281896,0.0317106909075909,0.0307490515727048,0.0296860402271386,0.0279999999999999,0.0271942009308339,0.0256836845146263,0.0246240888344725,0.0252498087238078,0.0248616747840594,0.0249999999999999,0.0258947377113557,0.0265228371258045,0.0277297459774887,0.0279375344431458,0.0281294341598458,0.029,0.029790917019748,0.0308122111181887,0.0309811616177038,0.0312147345108378,0.0322071773508498,0.0329999999999999,0.0330766182443916,0.0328178587403859,0.033557080866179,0.0340748373932478,0.0340062543867476,0.034,0.0331961261727268,0.032354827590452,0.0311614524443647,0.0292266762960719,0.0277321337856218,0.0259999999999999,0.0234802249739663,0.0215243083648484,0.0201531657711459,0.0181641062654001,0.0168519564687055,0.0159999999999999,0.0135523699126721,0.0113960450011364,0.010586327341443,0.0094317701912027,0.0076212414211492,0.006,0.0051312746288849,0.0043754320703905,0.0034586838557873,0.0027027626634944,0.0018082470072606,0.001,0.000241421611647,-0.0013035000943871,-0.0029301512548998,-0.0050548410287517,-0.0087749753494433,-0.0119999999999999,-0.0159218955682095,-0.0216762284695182,-0.0278811896674372,-0.0369805465742892,-0.0452012358084209,-0.0479999999999999,-0.0495617783939071,-0.0519916213752589,-0.0542696060796029,-0.055251669539548,-0.0563222083112705,-0.058,-0.0587864920944962,-0.0603339602679273,-0.0616106626241369,-0.0623484877776257,-0.0630535136930744,-0.0629999999999999,-0.0638415118001309,-0.0640613005613627,-0.0643369681117358,-0.0652435474284633,-0.0649087605452393,-0.0649999999999999,-0.0650332562215349,-0.065022120158331,-0.0646056713025296,-0.0638080063965872,-0.0640115239441321,-0.0629999999999999,-0.0620494306893235,-0.061555659155113,-0.0599635451634941,-0.0583830169238854,-0.0566389707564922,-0.0549999999999999,-0.0533861707431778,-0.0504665952560321,-0.0422567673267137,-0.0303295813751441,-0.0215272459963927,-0.015,-0.0105682710139887,-0.0079984346339269,-0.0057747110795365,-0.0044830994896456,-0.0026419157881541,-0.0019999999999999,-0.0013401778248379,3.578477721700008e-05,-0.0003175340988286,0.0006604326187222,0.0022142625407239,0.003,0.0038695965193539,0.0045742224625281,0.0056371380623975,0.0061837726739609,0.0072809364347273,0.008,0.0078800712210783,0.0087877185699516,0.0089522478001737,0.009293383464033,0.0100761955061714,0.01,0.0107429021256771,0.0118342055289046,0.0119967199586528,0.0121785392122028,0.0132335663146087,0.0139999999999999,0.0147559098378271,0.0158606889669301,0.0159248927476103,0.0162839085663431,0.0171050347280724,0.017,0.0169058777892806,0.017672653889988,0.0181780276251417,0.0178765166311432,0.0180708937598285,0.018,0.0178800496943213,0.0187125480566358,0.0193638629100198,0.0206460492442727,0.0222661307554284,0.0229999999999999,0.0223726401232816,0.0199870789309082,0.0178721039305739,0.0163860227127227,0.0146546199638445,0.0129999999999999,0.0112902550374054,0.0102333598117806,0.009568342742939,0.0087239339822082,0.0092581356846789,0.0109999999999999,0.0126554206571559,0.0144122441189005,0.0155935277807886,0.0163000475307251,0.0171673592406593,0.018,0.0189061746244839,0.0189892564099277,0.0193980027606272,0.0201905424870139,0.0199837118222093,0.0209999999999999,0.0219989519158244,0.0218953750691994,0.0221863038500182,0.0216572734093976,0.0209112417473653,0.0209999999999999,0.0218321514226673,0.0221827958937455,0.021802589965331,0.0221988514361922,0.0218109341471022,0.0209999999999999,0.0210014204832929,0.0209505036159858,0.0211215770143402,0.0207051379693151,0.0198942035466484,0.0199999999999999,0.0201046115916868,0.0192985479374974,0.0188743457944661,0.0190444714626946,0.0190416268235971,0.02,0.0209494896650555,0.0209933997008164,0.0210261597691699,0.0209796719796244,0.0210008091804604,0.021,0.0217569947618897,0.0228010213708626,0.0231085118438746,0.0227446836583009,0.0218727007750128,0.022,0.0220406600250536,0.0224066005303771,0.023816305301535,0.0238832606985622,0.0241522465718748,0.0249999999999999,0.0257904343559823,0.0267575204921184,0.0273793046504233,0.0284525572950259,0.0290863969715684,0.0299999999999999,0.0309803674139228,0.0308696026039208,0.0315062132904568,0.032242445701399,0.0333065624736696,0.0349999999999999,0.0358785601858782,0.0366169924190331,0.0375542373159288,0.0382604572946476,0.0392801027011193,0.041,0.0419164979538845,0.042555417899893,0.0436018638786002,0.044280780725586,0.0451261208908811,0.045,0.0456541463039073,0.0470157345075461,0.0467481008099095,0.04744869727962,0.047989828352141,0.048,0.0494712719863101,0.0531434356857351,0.0565609364516528,0.0522879642197735,0.0447204312994207,0.04,0.034966672059209,0.0310702645802576,0.0284216540780607,0.0264024419939694,0.0259254605756935,0.025,0.0241416822674354,0.0229084211063868,0.0206707550951499,0.0199472198310192,0.0199518659180037,0.0199999999999999,0.0223159597931189,0.0257261551394944,0.0289606473365754,0.0322331591949958,0.0343219793741633,0.0359999999999999,0.0384461545762551,0.0411312356670149,0.0430056093357807,0.044881675958234,0.0474718824875261,0.0489999999999999,0.0506235805540804,0.0519274893000972,0.0521854946069598,0.0537803606478748,0.0551831230090161,0.0559999999999999,0.0568794373169272,0.0575387162559973,0.0589411414750469,0.0607100373594571,0.062251374547335,0.063,0.0638200148715284,0.064230490294276,0.0635019311319048,0.0625396570640238,0.0605238369022003,0.0579999999999999,0.0547014704888974,0.0517826128568294,0.0496838486020294,0.0469989176376963,0.0458504063031747,0.044,0.041353374451821,0.0397651451636848,0.0378346565415174,0.0365069926350836,0.0345449685049877,0.0329999999999999,0.0322326347551076,0.0311829244966514,0.0307042259429893,0.0294612636512521,0.0289772298265602,0.0279999999999999,0.0261939105933691,0.0254968927201986,0.0233852935725558,0.0163088977360963,0.003268108533775,-0.008,-0.0217187107567122,-0.0484364751437512,-0.0849361049129391,-0.1326401050631995,-0.1914072361312363,-0.2569999999999999,-0.3227787476588839,-0.3788741736226322,-0.4169755060980137,-0.4224519454719847,-0.3862085651578115,-0.3059999999999999,-0.1968904713603923,-0.0822071103002725,0.0257085342696416,0.0979009754026588,0.1261067118398034,0.1259999999999999,0.0991140929279,0.0659600118319965,0.0446998006841216,0.0338157010958807,0.0306015573091785,0.028,0.0261838756504948,0.02483342957551,0.0231424291801498,0.0229267355637796,0.021687722760015,0.021,0.0210850688311828,0.020376633680445,0.0194319256919459,0.0188896357510971,0.0190305408865243,0.0189999999999999,0.019037594949868,0.0184319421164867,0.0174379311935375,0.0166891336794311,0.0158387463163056,0.0149999999999999,0.0140821374720058,0.0140362318490593,0.0135697553135946,0.0128279894042497,0.0130526636713574,0.0129999999999999,0.0130215841321436,0.0124691788851668,0.0113546426205926,0.0109342445091344,0.0109859789123411,0.0099999999999999,0.0082098681127172,0.0074985962250234,0.0056019558711753,0.0031908826610388,0.0016664921583905,-3.1579677144893343e-18,-5.260469915080219e-05,-0.0004648032909032,-0.0016525910870616,-0.0022463416805307,-0.0031936504251845,-0.0039999999999999,-0.0048900039889193,-0.0050128071320205,-0.0053593721342385,-0.0063416283442221,-0.0073067648630187,-0.0099999999999999,-0.0119469265469325,-0.0111101125540274,-0.007603526284706,-0.0036290392134995,-0.0016913124575121,2.2105774001425338e-17,0.0008875888380626,0.0020856076837467,0.0042422394951914,0.0054688030380137,0.0074499684154792,0.009,0.0104894297499199,0.0131908574972155,0.0148850167712329,0.0170208062194799,0.0193572399677543,0.021,0.024980354606989,0.0292857879487592,0.0299321999305141,0.0280270625283479,0.0240194712794466,0.019,0.0155814657633558,0.0124133145392993,0.0089583516926551,0.005650765926097,0.0024218009694774,-6.315935428978669e-18,-0.0032048456548457,-0.0073016134739133,-0.0118040237375312,-0.0172632232208717,-0.0232618757571525,-0.0299999999999999,-0.0359741413178873,-0.0409958167378094,-0.0457600237552956,-0.0493154397397899,-0.05266233173652,-0.055,-0.0558278052456763,-0.0567724427122785,-0.0570170120734441,-0.0571909395327234,-0.0582113561257362,-0.0589999999999999,-0.0598239922920573,-0.0606173493489169,-0.0620778313934184,-0.0656345321029023,-0.0697680277045996,-0.073,-0.0755253935691594,-0.077970969730666,-0.0805157155921906,-0.0830261700876753,-0.0853772313838005,-0.0859999999999999,-0.0859487313718317,-0.0857184338530205,-0.0834418838227065,-0.0811753636070081,-0.0782800296205688,-0.0749999999999999,-0.0734173644347492,-0.0704208213387348,-0.0673566821201528,-0.0648551412899754,-0.0613370378194587,-0.0589999999999999,-0.0565750689592022,-0.053908972288088,-0.0515456530216718,-0.0491336815225229,-0.0477518327297043,-0.0459999999999999,-0.0442652179366004,-0.042786228747435,-0.0408347622987085,-0.0396245383421483,-0.0388458256886689,-0.0379999999999999,-0.0364128389402967,-0.0345076238400896,-0.0334713822773384,-0.0326659801451968,-0.0318360090556857,-0.0309999999999999,-0.0301786060923158,-0.0292583977945457,-0.0289236306266826,-0.0288753750398612,-0.0277413131014197,-0.027,-0.0262617476575138,-0.0251129023739991,-0.025100578287182,-0.024704968457837,-0.0238613169183083,-0.023,-0.0213135449924095,-0.0202150158030079,-0.0195909117718417,-0.0186042867691395,-0.0178657268419197,-0.017,-0.0161297885211833,-0.0154157926708938,-0.0143503891471799,-0.0139884465389861,-0.0139152505355392,-0.0129999999999999,-0.0121611056826488,-0.0112735030342979,-0.0109175483186774,-0.0108726998849493,-0.0097476655684568,-0.0089999999999999,-0.0082364634105311,-0.0072112151797574,-0.0066513757500931,-0.0055154192766758,-0.004945819829595,-0.004,-0.0021892692674556,-0.0019551685913021,-0.0016793670433324,-0.0005574162519086,6.74670175939806e-05,6.079087850391967e-17,-0.0001042478774093,0.0007242743753734,0.0010580736492708,0.0011594546841849,0.0022290233613322,0.0029999999999999,0.0037996229142016,0.004692665628094,0.0057202995375549,0.0080736983351332,0.0103346575965165,0.011,0.010311571969094,0.0081523555582247,0.0053331989661213,0.0032913198143811,0.0016680037327398,2.5263741715914668e-17,-0.0016469525801839,-0.0034071563283292,-0.0046385187139917,-0.0051120401637988,-0.0048974698410469,-0.0039999999999999,-0.0023999815033132,-0.0005048385863973,0.0004722817712105,0.0015573565529553,0.0033590164239689,0.005,0.0066779541087435,0.0082736570177958,0.010164089608655,0.011184870478056,0.0109608243094556
0.0109999999999999,0.0102413013920203,0.0092425979873941,0.0085770846464551,0.0076202317152577,0.0068469321200899,0.0059999999999999,0.0052205240045374,0.0036993550512411,0.002313431474748,0.0017506385070727,0.0008615617483453,0.001,0.0010566958172634,0.0013509843559461,0.0031396501278638,0.0044978160549287,0.006497833040565,0.009,0.0114473917502604,0.01413371482791,0.0160734388750435,0.0174850253765483,0.0180909649145906,0.019,0.019919393668394,0.0204900339637377,0.0217719329150066,0.0218881073733899,0.0221749135076452,0.023,0.0229483019042904,0.0236279049910141,0.0244634717417777,0.0254349277559646,0.0260163313120302,0.026,0.0268523891189867,0.0270990691262969,0.0269617892243195,0.0269690864638937,0.0271046401266477,0.0279999999999999,0.0280451745245602,0.0284226289006626,0.0297864799259517,0.0299124770115819,0.0301348693478509,0.0309999999999999,0.0324359184216826,0.0362164193714765,0.0402682733200458,0.0430363695138252,0.0454220114544852,0.0469999999999999,0.0486385272471453,0.0503210246495802,0.0523491834224635,0.0549557389445515,0.0561473483383695,0.057,0.0564872548865326,0.0533537502042815,0.0500637305846285,0.046570266562919,0.043411142374836,0.04,0.0364922668852677,0.0342481667053367,0.0304827335140781,0.0267709799070535,0.0245429649832937,0.0219999999999999,0.0202867427734932,0.0186499656001941,0.0173849146534153,0.0165581675187881,0.0145741882768824,0.0129999999999999,0.0113891509795749,0.0099657200377828,0.0105175343172319,0.0112027432965892,0.0123882413659375,0.015,0.0167634171287185,0.0181885113726262,0.0201963466279746,0.0213197476555049,0.0222577114739183,0.024,0.025693065875446,0.0272887064284567,0.0290772728909456,0.0304541510215348,0.0311047797982964,0.032,0.0336840752583775,0.0348075716028405,0.0353587561323653,0.0364754978251457,0.037020473228751,0.0369999999999999,0.0370442645749652,0.0368554722582289,0.0375041148166941,0.0382405894759159,0.0393174390097689,0.0409999999999999,0.0417929523822861,0.0433306780339557,0.0445815669177716,0.0455278427657145,0.0472891183468853,0.048,0.049597986012711,0.0509128702128438,0.0512931414666974,0.0524520073367394,0.053176533679342,0.0549999999999999,0.056715939355801,0.0587834030932227,0.0614336669140748,0.0622163351661185,0.0631461095808865,0.0619999999999999,0.0594476330718989,0.0566272771329318,0.0528927208343232,0.0517322503267752,0.0492643191265058,0.0459999999999999,0.0436858208490632,0.0400593463995971,0.0374857773103607,0.0296423298025177,0.0117191215079159,-0.0149999999999999,-0.052918300455702,-0.1033724685639092,-0.1655973679866074,-0.2355012225248663,-0.3053961715283941,-0.3619999999999999,-0.3928611646569137,-0.3871590729741576,-0.3400647115753029,-0.2589229166568946,-0.1525169421357028,-0.0419999999999999,0.0543148313405616,0.1230718406155357,0.1475517665919755,0.1460229343261887,0.1317898795154869,0.1069999999999999,0.0976863305101592,0.0999099835718861,0.1002494171971144,0.1034493309626436,0.1034045659211209,0.0949999999999999,0.0735973633464281,0.0470755440728842,0.0348384202511008,0.0341926691949197,0.0338000791006761,0.0329999999999999,0.0330120088864942,0.0328881225564888,0.0335058591319455,0.0340823240196091,0.0340700669393341,0.035,0.0350519831733049,0.035440922652583,0.0366981018485127,0.0371950270261783,0.0382265126727696,0.039,0.0405494021151494,0.0421588152022769,0.0410597562900256,0.0394068235474474,0.0374959485745497,0.034,0.0304991732332048,0.028621712648856,0.0266971310764243,0.0238820141071697,0.021554961105119,0.019,0.0164558538420368,0.0140756169427184,0.01139613299283,0.0092117479826227,0.0077872742204373,0.007,0.005426834841685,0.0034945169005626,0.0024750329038124,0.0016769194932041,0.0008125941877315,-2.3684757858670005e-18,2.2388369886397657e-05,-0.0010078284489776,-0.0033660723789013,-0.0041702506560125,-0.0053616730675647,-0.0069999999999999,-0.0077649625943619,-0.0093547981241385,-0.0105996150421441,-0.0114302457861824,-0.0135017151333365,-0.0159999999999999,-0.0177377645309192,-0.019173399419385,-0.0215178014104071,-0.0237910155119571,-0.0252946254817029,-0.0269999999999999,-0.0286822315772097,-0.0303233518922612,-0.0319719655046459,-0.033848171591921,-0.0365679617037872,-0.0389999999999999,-0.0413967961702298,-0.0446699239673889,-0.0479489003497774,-0.0514213831919997,-0.0545451086075994,-0.057,-0.0595248805656344,-0.061885111762596,-0.0649875291939177,-0.0681357603000099,-0.0704647727178419,-0.073,-0.0754376952186621,-0.0790454988556765,-0.0840641112466527,-0.0889340037224099,-0.0940430607801018,-0.0989999999999999,-0.1032679324113883,-0.106258376311078,-0.1079233221955525,-0.1098964399305505,-0.1125495705171344,-0.115,-0.1166576227071443,-0.1188702230382135,-0.1213792442784583,-0.1221624529511433,-0.1234155490632677,-0.126,-0.1277358101904065,-0.1292402901919693,-0.1311254189330424,-0.1324063621269206,-0.1331479899017014,-0.1339999999999999,-0.1348110021081562,-0.1361699565726602,-0.1382178239537971,-0.1392853017634,-0.1403005459965353,-0.142,-0.1421574333023599,-0.141324328726326,-0.1402577002817606,-0.1379754892701336,-0.1355431269227973,-0.1329999999999999,-0.129709597442788,-0.12585662206299,-0.1209556674294294,-0.1162292273992956,-0.1122029872574766,-0.108,-0.1017819865712072,-0.0913848896823691,-0.0816427605179345,-0.076151808450283,-0.0723369483318973,-0.0699999999999999,-0.0676049790178977,-0.0647952189604559,-0.0630013352868677,-0.0614450905804866,-0.0609634196999965,-0.0599999999999999,-0.0582261559360064,-0.057378724101802,-0.0563660912045854,-0.0558716584508322,-0.0545659615518728,-0.0519999999999999,-0.0503085663719256,-0.0486376645808578,-0.047125220109864,-0.0450114167158518,-0.0425707040777172,-0.04,-0.0350695080690673,-0.0304499088911691,-0.0266556543011996,-0.0223448244016298,-0.0196015445142213,-0.0179999999999999,-0.01636332003993,-0.0145534068815616,-0.0134907696671275,-0.0124399229549062,-0.0107155060107277,-0.01,-0.008433926954016,-0.0069563229522777,-0.0072305915178107,-0.0066133501930003,-0.0059072497092349,-0.005,-0.0032753360239031,-0.0022762820840067,-0.0015271399264328,-0.0006483433030487,0.0001424827922337,0.001,0.0033281867883697,0.0067512595321322,0.0098718957832154,0.0134811412695986,0.0165127634392679,0.0189999999999999,0.0215546457060694,0.0238365724850642,0.0270360610574792,0.0301127901089938,0.0324258382203422,0.0339999999999999,0.0348092583971744,0.0357906576749166,0.0360030734921918,0.0361883323353289,0.0372623842094859,0.0389999999999999,0.0408218646840352,0.0410575050055041,0.0410992765571657,0.0404545830156336,0.037198033896096,0.033,0.0294958070551463,0.0276361068607765,0.0256421425949321,0.0230871932429038,0.0217759031508552,0.0199999999999999,0.0181965748849517,0.0174048938039705,0.0163152266205838,0.0161558688241363,0.0172136086416174,0.018,0.0195113486153869,0.022118465914945,0.0240012105201011,0.0258735988838395,0.0285277285980456,0.0309999999999999,0.0342449640698729,0.0378279510630696,0.0405509096301602,0.0428618761636604,0.0441361697750707,0.0439999999999999,0.0424657334466414,0.0399512428118642,0.0378367573501817,0.0365940521372871,0.0358614559320681,0.0349999999999999,0.0341294652714913,0.0334476187349675,0.0320384501301597,0.0304792826556864,0.0299278057040741,0.0289999999999999,0.0272808568535035,0.0262648473850326,0.025532303272868,0.0246644679699417,0.0238162551051876,0.023,0.0229534350705404,0.0230538732788933,0.0229537772703842,0.0230306208797793,0.0229869878593216,0.023,0.0229996574149355,0.0230365259993132,0.0226884804065083,0.0213867264776481,0.019641798391589,0.0179999999999999,0.0170842238151643,0.0169028213450807,0.0173661579809207,0.0185631447601626,0.0203956902022856,0.022,0.0227892491576085,0.0242966391649863,0.0256954787870164,0.0262176483439271,0.0272190468982804,0.0279999999999999,0.0287925555475688,0.0297515446597142,0.0301665329999869,0.0296861977384241,0.0289181250837064,0.029,0.0282615983078618,0.0272078325788471,0.0266183134649751,0.0255834811472695,0.0248683143461075,0.0239999999999999,0.0232056414372105,0.0216882363239351,0.0206266954970211,0.0211254093981044,0.0195303154095386,0.018,0.0172978574924811,0.0155915657436934,0.0141367462448919,0.012197705259402,0.0107173758996006,0.0079999999999999,0.0044730754820036,0.0019397683345107,-0.0043183719313312,-0.0115402617327917,-0.0156914979506575,-0.019,-0.0215898081364213,-0.0234256440120622,-0.024643835409686,-0.0250012408967292,-0.0234986345433768,-0.0199999999999999,-0.0159660948464762,-0.0096614414617717,-9.116996794659824e-06,0.0071403215298313,0.0092642329657986,0.011,0.0119753753776341,0.0124446188371208,0.0137514220317819,0.0141061116634217,0.0153147822312581,0.016,0.0158964289992485,0.0162700410417464,0.0153152278976656,0.0150626922624804,0.0148615494765517,0.014,0.013215390641654,0.0122203225820521,0.0116588048203372,0.0105040195007656,0.0099448176651999,0.009,0.0079737110167446,0.0082291877473799,0.0073373598713173,0.0070433773496811,0.0069119011510517,0.007,0.0079375190796866,0.0079486957853182,0.0081373104578758,0.0078275810527017,0.0081368059893072,0.008,0.0070104067533037,0.0071921590731639,0.0063670958431559,0.0060195305956831,0.0059330105506299,0.006,0.0061647339014132,0.0051847001184266,0.0047757899636356,0.0032272485597284,0.0017753278325453,-2.2105774001425338e-17,-0.0030735880484966,-0.0110283357349117,-0.0279701704917718,-0.0489822197374709,-0.0788707189514406,-0.1169999999999999,-0.1638869337825916,-0.2230944945942781,-0.2868722067816983,-0.3574189348180075,-0.4121225097229261,-0.4339999999999999,-0.4323806683539618,-0.3918415541653772,-0.3087629944173155,-0.1969190536262533,-0.0776408445051061,0.033,0.1196483960183504,0.1551776119916784,0.1607051200862484,0.1465233530832197,0.1048761601769209,0.0659999999999999,0.0374036445626852,0.0230888603542345,0.0211557466986134,0.0177132658551278,0.0183681410612221,0.018,0.0176758175611277,0.0185061663589232,0.0175045331524157,0.0182141389403536,0.0166169477543004,0.017,0.0173177126011395,0.0164279809972877,0.0179653693252205,0.0177686722420262,0.0181382394981427,0.0179999999999999,0.0186747381880733,0.0193854670232325,0.0189172504480447,0.0206693740868628,0.0195680912231529,0.019,0.0192803538102201,0.017939754721285,0.0183589692575997,0.0174353990934864,0.0170863557172156,0.017,0.0160265482590451,0.0161496226687922,0.0154475482128636,0.0149079407032638,0.0150374612521178,0.015,0.0141535521424445,0.0139261305997643,0.0136820691747449,0.0127624591883754,0.0130183624263129,0.012,0.0118576174878008,0.0117203644049025,0.0101068440343164,0.0099871674094543,0.0086522114251322,0.0079999999999999,0.0073619689027978,0.0059344482263668,0.0063159450451627,0.005496813934863,0.0050379268837891,0.005,0.0041422417309567,0.0033982708836166,0.0024565311632484,0.0014452922408788,-0.0018108243004107,-0.0049999999999999,-0.005237191739548,-0.0032630096070284,5.513055885039047e-05,0.0032521430299774,0.0067701436811954,0.0109999999999999,0.0145802443913981,0.0157663383170946,0.0165511402434092,0.0171167940351693,0.0185160647232834,0.0199999999999999,0.0122999118045776,0.0024118647817822,-0.0032451725945176,-0.0092945542081578,-0.0124606347195795,-0.0159999999999999,-0.0188850349401146,-0.0193628486715407,-0.0209628599318393,-0.0207112961328523,-0.0212792658476398,-0.0219999999999999,-0.0218409958040588,-0.0228223059608483,-0.0232063465715285,-0.024810636882068,-0.0261402277539284,-0.0269999999999999,-0.028697284558509,-0.0302060199169699,-0.0324517146863333,-0.0350340596306955,-0.037415876766314,-0.039,-0.0413811457014337,-0.0441947843160542,-0.0460599152762412,-0.0474152168717502,-0.0482795376325314,-0.051,-0.0528273871055043,-0.0545612412336482,-0.0580103305368261,-0.0593817223532755,-0.0615916304411349,-0.064,-0.0655958561394285,-0.0674831032817233,-0.0688329057757908,-0.0706899711372064,-0.0709171025570648,-0.071,-0.0711465091526737,-0.0703057667543692,-0.0692309454294589,-0.0673202514169646,-0.0669652892112917,-0.0649999999999999,-0.0622913566516687,-0.0604555075640759,-0.0565814988633799,-0.0543002247498929,-0.0511829696326453,-0.0479999999999999,-0.0459005304612339,-0.0397416012815503,-0.0336930305840796,-0.0292297975990636,-0.0253606854396144,-0.0229999999999999,-0.0212380449971043,-0.0203382373607773,-0.019428680691349,-0.0187881131548045,-0.0176793025953213,-0.016,-0.0151359315391971,-0.0143575365087397,-0.0134652044885748,-0.0128234384065603,-0.0131379397343102,-0.0139999999999999,-0.0148793515100183,-0.0150693025771722,-0.01523910789859,-0.0165300287258778,-0.0170460121755825,-0.0179999999999999,-0.0197482970520975,-0.0206959154307065,-0.0214853126770782,-0.0223731460053205,-0.0230669409364604,-0.0229999999999999,-0.0237877673172199,-0.0241945232039811,-0.024106688141572,-0.0256536339720959,-0.0259283391184343,-0.026,-0.0261238373824339,-0.0257258700242032,-0.0266529843658734,-0.0270242571278128,-0.026962986445799,-0.026,-0.0250341036929801,-0.0246294217714483,-0.0227957556680519,-0.0217454849465355,-0.0206781453172967,-0.019,-0.0181494363163134,-0.0173260282134729,-0.0165275452612692,-0.0156363860928972,-0.0148501793773735,-0.0139999999999999,-0.0131695090162811,-0.0122642426713243,-0.0119390528663107,-0.0118195440432711,-0.0108542372855387,-0.011,-0.0103152520210016,-0.0091244027540618,-0.008684131775718,-0.0076741323948772,-0.0081631553765043,-0.008,-0.0078387243007141,-0.0083016137956332,-0.0075874702173744,-0.0085656361120911,-0.00892169631634,-0.009,-0.0099658782400421,-0.0098540164934021,-0.0105666238692171,-0.0110538427683984,-0.0110118903103169,-0.011,-0.0109539603626911,-0.0110992245080716,-0.0108605371481886,-0.011156487613337,-0.0108431628619629,-0.01,-0.0092072653517073,-0.0082490887849443,-0.0076091472291633,-0.0065628649950444,-0.0058991467466278,-0.005,-0.0040791154526492,-0.003542590429172,-0.0019182229525809,-0.0005972623307266,0.0001564810621624,0.0009999999999999,0.0018420821492144,0.0026050889027558,0.003887525617009,0.0056939973724269,0.0074004055698675,0.01,0.0117864035074749,0.0131599333144688,0.0151811436786101,0.0165189965461434,0.0184158004800875,0.0199999999999999,0.0215802437175406,0.0235170540830723,0.0245017186138742,0.0253459480356751,0.0261737895417093,0.0269999999999999,0.0270117897418919,0.0275092629336568,0.0285825682516989,0.0294706354143162,0.0313512375216479,0.0319999999999999,0.0327164350104781,0.0338493601047043,0.0342977739520435,0.0355851145832946,0.0375391675179942,0.0419999999999999,0.0464113559484288,0.0490059450805089,0.0512385309812884,0.0524815118291852,0.0544352686092612,0.0559999999999999,0.057569448984486,0.0595004620828852,0.0608038570827114,0.0628523894340988,0.0641739703437273,0.065,0.0658031728654735,0.067256594113961,0.0687188517335952,0.0693472260217762,0.0714884650561207,0.0729999999999999,0.0737979910669885,0.074673726179942,0.075849879878575,0.0775624459975279,0.0781441131994574,0.0799999999999999,0.0810277134686303,0.0813657729223914,0.0828420874454856,0.0829352688330578,0.0829438282908055,0.0809999999999999,0.0784001200323839,0.0757452492780839,0.0712260253845609,0.0677285733693135,0.0643295152105097,0.0619999999999999,0.0596474535417137,0.056739631178361,0.0548167641787815,0.0516922063557252,0.0497466559596255,0.048,0.0461591113377456,0.045477547300957,0.0442547463999497,0.0440579283373263,0.0439305485674567,0.044,0.0447984591583303,0.0462014564973938,0.0480908722453144,0.0497596393411396,0.0526074937852271,0.055,0.0574140868645936,0.060477503187713,0.0651507792489337,0.0713471997702619,0.0759156457764784,0.0819999999999999,0.0873003616171688,0.0909951877122745,0.0962028091105669,0.1006997717151972,0.1047028521562651,0.1069999999999999,0.1101742171130348,0.1134203308867554,0.1150769796755917,0.1182453564603033,0.1188789688980429,0.1179999999999999,0.114283242123753,0.1082881936131697,0.1060421093989404,0.1041313092348228,0.1028774495218553,0.1019999999999999,0.101051205352037,0.1005555746055858,0.0992250208291374,0.0989177391661683,0.0976816099255234,0.0969999999999999,0.0963326068666098,0.0950300174480972,0.094876477297184,0.0932991749768226,0.0931190112396931,0.093,0.0927752116161522,0.0939250339071917,0.0938902690527977,0.0939936550247683,0.0926516455816434,0.092,0.0913391489636833,0.0901724800972778,0.0879100889087687,0.0734957456570682,0.0484592272895784,0.0159999999999999,-0.0247737202906157,-0.076709858172099,-0.1432670914880947,-0.2149800767029883,-0.2881086157015971,-0.3389999999999999,-0.3481903674590658,-0.3346039312481426,-0.2813605848420925,-0.1827783574444005,-0.0768447708830395,0.0309999999999999,0.1170208609285134,0.1537701422968461,0.1640364348780849,0.1498560733213172,0.1208473068396212,0.1059999999999999,0.1003003048110262,0.1034897722347387,0.111192623694687,0.1138845786588222,0.117846605322238,0.1199999999999999,0.1215743059807854,0.122528160270812,0.12103975461945,0.1187599912518062,0.1141518266466729,0.112,0.1088289699607025,0.1061778699767896,0.1048501566245391,0.1000613938339487,0.0976041960145179,0.093,0.0876890738238797,0.0835954445168022,0.076974521260836,0.0723200056205893,0.0667704794172772,0.062,0.0586775108910358,0.0562511103653297,0.0554025176013436,0.0531554170247001,0.0531022610199495,0.052,0.050904244977894,0.0508026619526768,0.0489069951192578,0.0493700891720641,0.0486956331319006,0.048,0.047399611764741,0.0454389233951635,0.0442886725002269,0.042088560296155,0.0407893894188497,0.0389999999999999,0.038037982956876,0.036984084728213,0.0350303067674395,0.0348420111260577,0.0324332638604443,0.031,0.0287151807430849,0.0262022726294863,0.025145911550659,0.021655439721434,0.0210197592627103,0.019,0.0170010366782493,0.0162409663386525,0.0133292300957563,0.0129311031339534,0.0103000415713464,0.009,0.008523871120113,0.0061716111612801,0.0057072803292756,0.0023628402169561,-0.0004118552485533,-0.0039999999999999,-0.0091234491726641,-0.0138173264038615,-0.0186338638242598,-0.0208578533460846,-0.0248743609641593,-0.027,-0.0291546197606599,-0.0326392351911061,-0.0334572099081833,-0.0361778349991649,-0.0370245305779271,-0.0389999999999999,-0.0410062823940291,-0.0416809441908457,-0.0451005363970409,-0.0462820802508992,-0.048584293579069,-0.05,-0.0521085362909315,-0.0561533046296857,-0.0584093095775137,-0.0628525543951731,-0.0653719483380204,-0.0689999999999999,-0.071879655034351,-0.0733516264756954,-0.0772479575170489,-0.078424777878212,-0.0833619623898636,-0.0889999999999999,-0.0938154606720691,-0.0987794093342166,-0.1029781544272567,-0.1140321748592574,-0.1248944123045577,-0.1339999999999999,-0.1395162434496208,-0.1426864337163767,-0.1482682741591662,-0.1508824470637197,-0.1548692534962031,-0.1569999999999999,-0.1600071677887327,-0.1632456138911692,-0.1628276081608329,-0.1644589815310494,-0.1610470197512953,-0.159,-0.1554771188174185,-0.1491490651081982,-0.1455163245663385,-0.1356694150267408,-0.1291672208802814,-0.1239999999999999,-0.1208736626801353,-0.1205549647027288,-0.1169380227975451,-0.1172703752111904,-0.1141248194565122,-0.1129999999999999,-0.1111200727999163,-0.1073432820825982,-0.1088773476155459,-0.1052256067819766,-0.1054318109346727,-0.1040000000000001,-0.1016567581710665,-0.1024393229671808,-0.0988081808669789,-0.0995948439110469,-0.0972603249755195,-0.097,-0.0959830774832275,-0.093049489676272,-0.0946878121944494,-0.0898785494474965,-0.0905211844921203,-0.088,-0.0854036887742211,-0.0867849278780306,-0.0828050793586837,-0.0849000516574514,-0.0793583382775787,-0.077,-0.0747026183294851,-0.0689112299746644,-0.0712671696109115,-0.0652678452657204,-0.0669111167835993,-0.0639999999999999,-0.0610226254956471,-0.0621858005858604,-0.0519705400395694,-0.0529887529967437,-0.044487290972228,-0.0419999999999999,-0.0406018618609092,-0.0307221755263373,-0.0334509502278718,-0.021552621187501,-0.023586112742671,-0.017,-0.0063085062508886,-0.0037315952222503,0.0145920829417249,0.0011369340210261,0.0139366115096744,0.01,0.0040153635250951,0.0263527691586955,-0.0135554899833305,0.0452049542357791,-0.0345838061603145
