ECG
0.183
0.214
0.259
0.312
0.341
0.358
0.367
0.373
0.379
0.385
0.39
0.398
0.408
0.406
0.39
0.372
0.351
0.333
0.309
0.279
0.248
0.225
0.215
0.207
0.204
0.209
0.221
0.24
0.264
0.284
0.304
0.316
0.325
0.329
0.324
0.312
0.299
0.282
0.264
0.25
0.239
0.231
0.229
0.234
0.241
0.246
0.249
0.252
0.255
0.259
0.264
0.269
0.274
0.279
0.287
0.303
0.332
0.358
0.39
0.432
0.454
0.465
0.457
0.423
0.387
0.346
0.308
0.271
0.241
0.223
0.211
0.211
0.227
0.271
0.328
0.362
0.394
0.428
0.45
0.462
0.471
0.475
0.479
0.481
0.485
0.489
0.492
0.491
0.483
0.473
0.467
0.463
0.458
0.455
0.451
0.447
0.442
0.438
0.435
0.43
0.424
0.416
0.399
0.368
0.347
0.33
0.311
0.292
0.276
0.269
0.263
0.256
0.256
0.264
0.27
0.275
0.28
0.282
0.277
0.265
0.253
0.243
0.231
0.219
0.209
0.2
0.191
0.177
0.16
0.149
0.135
0.115
0.091
0.064
0.05
0.043
0.038
0.034
0.031
0.028
0.024
0.02
0.016
0.012
0.007
0.003
-0.003
-0.014
-0.025
-0.035
-0.045
-0.055
-0.064
-0.075
-0.085
-0.096
-0.105
-0.114
-0.121
-0.129
-0.136
-0.142
-0.147
-0.151
-0.155
-0.159
-0.163
-0.167
-0.17
-0.174
-0.18
-0.193
-0.22
-0.248
-0.274
-0.291
-0.301
-0.313
-0.327
-0.342
-0.358
-0.364
-0.366
-0.367
-0.368
-0.37
-0.373
-0.375
-0.378
-0.381
-0.385
-0.389
-0.393
-0.396
-0.4
-0.405
-0.411
-0.417
-0.422
-0.427
-0.432
-0.436
-0.441
-0.448
-0.455
-0.467
-0.484
-0.488
-0.49
-0.492
-0.494
-0.496
-0.495
-0.492
-0.487
-0.482
-0.477
-0.473
-0.468
-0.464
-0.462
-0.464
-0.47
-0.478
-0.488
-0.503
-0.524
-0.533
-0.539
-0.545
-0.55
-0.55
-0.543
-0.531
-0.511
-0.483
-0.471
-0.465
-0.461
-0.456
-0.453
-0.449
-0.447
-0.444
-0.443
-0.442
-0.44
-0.438
-0.436
-0.434
-0.431
-0.427
-0.423
-0.42
-0.418
-0.417
-0.416
-0.416
-0.416
-0.416
-0.416
-0.415
-0.412
-0.409
-0.408
-0.41
-0.411
-0.412
-0.413
-0.415
-0.418
-0.42
-0.422
-0.424
-0.425
-0.425
-0.424
-0.422
-0.419
-0.415
-0.412
-0.408
-0.404
-0.399
-0.39
-0.379
-0.367
-0.346
-0.32
-0.295
-0.275
-0.262
-0.252
-0.253
-0.271
-0.296
-0.328
-0.382
-0.435
-0.482
-0.504
-0.517
-0.527
-0.526
-0.507
-0.478
-0.443
-0.392
-0.338
-0.291
-0.264
-0.242
-0.225
-0.208
-0.191
-0.176
-0.166
-0.162
-0.16
-0.158
-0.156
-0.156
-0.156
-0.156
-0.156
-0.157
-0.157
-0.158
-0.159
-0.158
-0.157
-0.155
-0.152
-0.15
-0.147
-0.144
-0.142
-0.141
-0.141
-0.14
-0.14
-0.138
-0.136
-0.132
-0.128
-0.124
-0.119
-0.115
-0.11
-0.107
-0.104
-0.101
-0.098
-0.094
-0.084
-0.059
-0.032
-0.002
0.017
0.027
0.035
0.042
0.049
0.055
0.061
0.066
0.074
0.085
0.094
0.102
0.107
0.11
0.113
0.116
0.12
0.123
0.127
0.132
0.136
0.141
0.146
0.148
0.15
0.151
0.153
0.154
0.156
0.158
0.161
0.164
0.169
0.172
0.174
0.176
0.176
0.175
0.173
0.171
0.169
0.166
0.163
0.159
0.157
0.155
0.153
0.151
0.148
0.145
0.14
0.134
0.127
0.124
0.125
0.13
0.137
0.145
0.153
0.162
0.172
0.182
0.192
0.201
0.208
0.214
0.219
0.223
0.225
0.226
0.225
0.221
0.216
0.21
0.204
0.2
0.193
0.186
0.181
0.179
0.18
0.184
0.189
0.193
0.196
0.198
0.201
0.204
0.208
0.211
0.213
0.214
0.215
0.215
0.215
0.214
0.212
0.209
0.206
0.202
0.199
0.196
0.194
0.192
0.188
0.183
0.177
0.175
0.18
0.192
0.205
0.215
0.225
0.235
0.241
0.243
0.243
0.243
0.243
0.244
0.245
0.245
0.24
0.231
0.226
0.222
0.219
0.216
0.214
0.214
0.217
0.222
0.229
0.237
0.243
0.248
0.253
0.258
0.263
0.267
0.269
0.271
0.271
0.269
0.267
0.263
0.26
0.255
0.25
0.242
0.226
0.211
0.202
0.197
0.191
0.186
0.182
0.177
0.174
0.17
0.167
0.163
0.158
0.149
0.143
0.144
0.154
0.17
0.197
0.227
0.244
0.255
0.243
0.207
0.139
0.051
-0.044
-0.114
-0.139
-0.139
-0.121
-0.072
-0.022
0.027
0.053
0.064
0.07
0.074
0.078
0.083
0.087
0.091
0.094
0.096
0.099
0.101
0.104
0.107
0.109
0.109
0.107
0.105
0.101
0.096
0.09
0.08
0.065
0.058
0.056
0.054
0.052
0.051
0.05
0.051
0.058
0.068
0.078
0.085
0.094
0.103
0.11
0.113
0.111
0.107
0.102
0.096
0.09
0.083
0.075
0.072
0.075
0.084
0.093
0.099
0.104
0.109
0.114
0.119
0.124
0.128
0.131
0.133
0.135
0.135
0.136
0.135
0.134
0.134
0.135
0.135
0.136
0.137
0.138
0.138
0.138
0.139
0.138
0.138
0.136
0.135
0.133
0.132
0.131
0.129
0.126
0.122
0.118
0.113
0.108
0.103
0.096
0.088
0.081
0.076
0.07
0.065
0.06
0.055
0.051
0.046
0.039
0.032
0.025
0.019
0.014
0.011
0.009
0.006
0.003
0.0
-0.004
-0.007
-0.01
-0.012
-0.014
-0.014
-0.014
-0.014
-0.014
-0.014
-0.015
-0.016
-0.017
-0.019
-0.021
-0.024
-0.027
-0.03
-0.033
-0.035
-0.036
-0.038
-0.039
-0.041
-0.043
-0.044
-0.045
-0.046
-0.047
-0.048
-0.048
-0.048
-0.047
-0.045
-0.043
-0.041
-0.039
-0.035
-0.027
-0.027
-0.042
-0.053
-0.062
-0.069
-0.073
-0.073
-0.069
-0.063
-0.058
-0.053
-0.047
-0.041
-0.037
-0.036
-0.037
-0.039
-0.042
-0.043
-0.044
-0.044
-0.046
-0.047
-0.049
-0.05
-0.05
-0.051
-0.05
-0.049
-0.046
-0.042
-0.038
-0.035
-0.032
-0.031
-0.03
-0.028
-0.026
-0.023
-0.021
-0.018
-0.015
-0.013
-0.01
-0.008
-0.006
-0.005
-0.003
-0.002
0.0
0.001
0.005
0.013
0.02
0.02
0.013
0.002
-0.015
-0.04
-0.051
-0.058
-0.062
-0.065
-0.066
-0.061
-0.054
-0.046
-0.04
-0.034
-0.028
-0.023
-0.018
-0.013
-0.009
-0.006
-0.003
0.0
0.004
0.01
0.015
0.015
0.008
-0.005
-0.047
-0.107
-0.181
-0.256
-0.31
-0.33
-0.332
-0.321
-0.29
-0.234
-0.17
-0.115
-0.08
-0.063
-0.057
-0.053
-0.05
-0.046
-0.043
-0.04
-0.038
-0.035
-0.032
-0.029
-0.027
-0.025
-0.024
-0.023
-0.022
-0.021
-0.018
-0.015
-0.01
-0.007
-0.006
-0.007
-0.01
-0.013
-0.015
-0.016
-0.02
-0.023
-0.027
-0.028
-0.025
-0.019
-0.012
-0.005
0.0
0.008
0.017
0.024
0.028
0.03
0.031
0.032
0.033
0.035
0.038
0.039
0.039
0.038
0.036
0.034
0.033
0.033
0.032
0.03
0.027
0.027
0.028
0.032
0.038
0.045
0.055
0.069
0.072
0.074
0.077
0.075
0.061
0.05
0.041
0.034
0.03
0.027
0.025
0.024
0.022
0.021
0.019
0.018
0.017
0.016
0.013
0.011
0.008
0.005
0.002
0.0
-0.003
-0.008
-0.017
-0.034
-0.045
-0.049
-0.051
-0.054
-0.057
-0.06
-0.063
-0.065
-0.067
-0.068
-0.068
-0.068
-0.068
-0.066
-0.064
-0.062
-0.06
-0.058
-0.057
-0.056
-0.056
-0.055
-0.055
-0.056
-0.056
-0.055
-0.054
-0.053
-0.052
-0.05
-0.049
-0.048
-0.046
-0.045
-0.045
-0.046
-0.047
-0.049
-0.051
-0.053
-0.055
-0.058
-0.06
-0.062
-0.064
-0.065
-0.065
-0.066
-0.066
-0.067
-0.068
-0.069
-0.07
-0.072
-0.074
-0.077
-0.079
-0.081
-0.082
-0.083
-0.083
-0.083
-0.083
-0.083
-0.082
-0.082
-0.082
-0.083
-0.086
-0.089
-0.092
-0.093
-0.094
-0.094
-0.094
-0.094
-0.093
-0.091
-0.089
-0.088
-0.088
-0.09
-0.093
-0.094
-0.095
-0.097
-0.099
-0.101
-0.103
-0.104
-0.105
-0.104
-0.104
-0.103
-0.103
-0.101
-0.099
-0.096
-0.093
-0.091
-0.09
-0.088
-0.087
-0.085
-0.083
-0.081
-0.081
-0.08
-0.079
-0.077
-0.075
-0.074
-0.073
-0.072
-0.072
-0.072
-0.071
-0.071
-0.072
-0.073
-0.075
-0.077
-0.079
-0.08
-0.081
-0.081
-0.082
-0.083
-0.084
-0.085
-0.085
-0.087
-0.092
-0.09
-0.073
-0.053
-0.035
-0.03
-0.025
-0.021
-0.033
-0.069
-0.121
-0.185
-0.249
-0.296
-0.313
-0.314
-0.301
-0.283
-0.262
-0.23
-0.188
-0.134
-0.083
-0.05
-0.038
-0.037
-0.041
-0.047
-0.04
-0.008
0.006
0.013
0.008
-0.035
-0.067
-0.079
-0.079
-0.063
-0.041
-0.009
0.012
0.026
0.034
0.033
0.027
0.017
0.006
-0.007
-0.013
-0.017
-0.022
-0.025
-0.027
-0.024
-0.017
-0.008
-0.003
0.002
0.007
0.012
0.018
0.024
0.029
0.034
0.036
0.039
0.041
0.044
0.045
0.046
0.046
0.047
0.048
0.05
0.052
0.054
0.056
0.058
0.06
0.063
0.066
0.069
0.071
0.072
0.074
0.076
0.078
0.08
0.082
0.084
0.086
0.089
0.091
0.093
0.095
0.097
0.097
0.097
0.096
0.095
0.094
0.092
0.09
0.087
0.085
0.083
0.081
0.079
0.076
0.074
0.072
0.071
0.07
0.068
0.067
0.065
0.063
0.062
0.062
0.064
0.066
0.069
0.073
0.078
0.077
0.065
0.059
0.054
0.051
0.047
0.045
0.045
0.047
0.052
0.057
0.062
0.067
0.076
0.084
0.088
0.088
0.086
0.083
0.081
0.079
0.078
0.077
0.076
0.076
0.076
0.076
0.077
0.079
0.081
0.083
0.082
0.074
0.065
0.06
0.055
0.05
0.046
0.043
0.041
0.041
0.042
0.044
0.047
0.049
0.051
0.054
0.058
0.06
0.06
0.057
0.052
0.046
0.037
0.025
0.015
0.011
0.007
0.003
0.0
-0.001
-0.002
-0.002
-0.003
-0.003
-0.003
-0.002
-0.002
0.0
0.0
0.0
-0.003
-0.005
-0.006
-0.007
-0.008
-0.009
-0.011
-0.014
-0.017
-0.019
-0.02
-0.021
-0.021
-0.022
-0.022
-0.022
-0.022
-0.022
-0.022
-0.023
-0.025
-0.026
-0.028
-0.028
-0.028
-0.028
-0.028
-0.028
-0.028
-0.027
-0.026
-0.025
-0.025
-0.026
-0.027
-0.028
-0.015
0.002
0.016
0.021
0.024
0.028
0.031
0.027
0.019
0.006
-0.014
-0.029
-0.038
-0.044
-0.044
-0.042
-0.04
-0.037
-0.032
-0.031
-0.035
-0.04
-0.044
-0.045
-0.041
-0.03
-0.014
0.008
0.034
0.05
0.058
0.064
0.049
0.003
-0.054
-0.121
-0.19
-0.251
-0.291
-0.305
-0.305
-0.289
-0.247
-0.194
-0.152
-0.115
-0.096
-0.068
-0.039
-0.002
0.01
0.014
0.016
0.016
0.017
0.019
0.022
0.025
0.029
0.035
0.038
0.032
0.022
0.017
0.014
0.011
0.009
0.006
0.004
0.002
0.0
0.0
-0.001
-0.001
-0.001
0.0
0.002
0.004
0.007
0.009
0.012
0.015
0.018
0.02
0.023
0.027
0.031
0.036
0.038
0.039
0.04
0.04
0.039
0.039
0.039
0.04
0.041
0.042
0.042
0.041
0.042
0.044
0.048
0.051
0.054
0.055
0.057
0.059
0.063
0.066
0.068
0.069
0.068
0.068
0.067
0.067
0.066
0.064
0.061
0.058
0.055
0.05
0.042
0.044
0.045
0.046
0.046
0.045
0.045
0.045
0.045
0.043
0.041
0.037
0.031
0.026
0.015
-0.002
-0.008
-0.011
-0.013
-0.016
-0.019
-0.021
-0.022
-0.023
-0.025
-0.025
-0.025
-0.025
-0.023
-0.021
-0.019
-0.017
-0.016
-0.015
-0.014
-0.012
-0.011
-0.01
-0.01
-0.01
-0.008
-0.005
-0.002
0.0
0.0
0.0
-0.002
-0.005
-0.007
-0.01
-0.015
-0.018
-0.018
-0.017
-0.017
-0.015
-0.013
-0.011
-0.011
-0.013
-0.019
-0.024
-0.03
-0.039
-0.044
-0.039
-0.03
-0.025
-0.02
-0.015
-0.011
-0.009
-0.009
-0.011
-0.015
-0.019
-0.023
-0.027
-0.034
-0.041
-0.047
-0.048
-0.045
-0.042
-0.038
-0.037
-0.035
-0.032
-0.028
-0.026
-0.027
-0.029
-0.034
-0.038
-0.04
-0.042
-0.045
-0.049
-0.052
-0.054
-0.055
-0.053
-0.05
-0.046
-0.043
-0.04
-0.036
-0.031
-0.025
-0.02
-0.016
-0.013
-0.01
-0.004
0.0
-0.005
-0.015
-0.021
-0.028
-0.034
-0.038
-0.04
-0.039
-0.038
-0.036
-0.033
-0.031
-0.029
-0.026
-0.024
-0.022
-0.021
-0.02
-0.018
-0.017
-0.015
-0.013
-0.012
-0.01
-0.009
-0.007
-0.006
-0.004
-0.003
-0.001
0.0
0.001
0.003
0.004
0.006
0.009
0.016
0.015
0.0
-0.008
-0.013
-0.017
-0.021
-0.024
-0.026
-0.028
-0.029
-0.029
-0.028
-0.027
-0.025
-0.022
-0.018
-0.012
-0.006
0.006
0.031
0.047
0.057
0.062
0.055
0.037
-0.012
-0.091
-0.18
-0.265
-0.314
-0.329
-0.315
-0.274
-0.211
-0.151
-0.1
-0.073
-0.046
-0.021
-0.008
-0.002
0.002
0.005
0.008
0.011
0.014
0.017
0.019
0.021
0.023
0.025
0.027
0.029
0.03
0.03
0.031
0.032
0.033
0.034
0.035
0.035
0.034
0.033
0.032
0.03
0.029
0.028
0.028
0.027
0.027
0.027
0.026
0.026
0.026
0.025
0.024
0.024
0.023
0.021
0.016
0.018
0.032
0.048
0.064
0.069
0.072
0.074
0.076
0.078
0.079
0.079
0.079
0.078
0.077
0.077
0.076
0.074
0.072
0.07
0.069
0.07
0.073
0.077
0.081
0.086
0.094
0.099
0.095
0.085
0.077
0.069
0.063
0.06
0.061
0.062
0.062
0.062
0.062
0.063
0.064
0.064
0.063
0.059
0.053
0.048
0.045
0.042
0.039
0.035
0.031
0.028
0.026
0.025
0.024
0.023
0.022
0.02
0.018
0.016
0.014
0.012
0.009
0.005
0.001
-0.002
-0.006
-0.009
-0.012
-0.016
-0.021
-0.024
-0.026
-0.023
-0.018
-0.013
-0.009
-0.007
-0.005
-0.003
-0.001
0.0
0.002
0.004
0.005
0.007
0.008
0.01
0.011
0.011
0.011
0.01
0.009
0.007
0.006
0.005
0.003
0.001
0.0
-0.001
-0.002
-0.004
-0.006
-0.011
-0.021
-0.021
-0.021
-0.022
-0.023
-0.024
-0.024
-0.023
-0.021
-0.019
-0.015
-0.009
-0.009
-0.016
-0.022
-0.027
-0.031
-0.03
-0.026
-0.022
-0.02
-0.02
-0.02
-0.02
-0.019
-0.017
-0.015
-0.013
-0.012
-0.012
-0.011
-0.011
-0.011
-0.011
-0.012
-0.013
-0.014
-0.015
-0.015
-0.015
-0.015
-0.015
-0.015
-0.014
-0.014
-0.014
-0.015
-0.017
-0.019
-0.021
-0.022
-0.023
-0.024
-0.025
-0.026
-0.027
-0.028
-0.031
-0.035
-0.037
-0.037
-0.033
-0.028
-0.022
-0.019
-0.015
-0.011
-0.007
-0.004
-0.002
-0.001
-0.001
-0.002
-0.003
-0.004
-0.006
-0.009
-0.012
-0.012
-0.008
-0.001
0.002
0.006
0.009
0.012
0.014
0.015
0.015
0.012
0.008
0.003
-0.002
-0.007
-0.013
-0.02
-0.026
-0.031
-0.034
-0.038
-0.042
-0.048
-0.05
-0.045
-0.035
-0.027
-0.021
-0.015
-0.008
0.0
0.007
0.015
0.024
0.032
0.033
0.03
0.022
0.001
-0.05
-0.12
-0.192
-0.253
-0.292
-0.304
-0.297
-0.274
-0.234
-0.187
-0.14
-0.1
-0.076
-0.051
-0.025
-0.012
-0.005
0.0
0.003
0.005
0.008
0.01
0.012
0.014
0.015
0.017
0.02
0.023
0.025
0.025
0.022
0.017
0.012
0.009
0.004
0.0
-0.002
-0.004
-0.004
-0.002
0.0
0.004
0.007
0.01
0.014
0.017
0.019
0.02
0.021
0.021
0.02
0.02
0.019
0.019
0.018
0.017
0.016
0.015
0.015
0.015
0.015
0.015
0.017
0.02
0.023
0.027
0.031
0.035
0.038
0.042
0.047
0.051
0.054
0.056
0.057
0.058
0.058
0.059
0.061
0.063
0.064
0.064
0.059
0.053
0.046
0.042
0.038
0.034
0.03
0.025
0.02
0.016
0.013
0.01
0.007
0.004
0.002
0.0
-0.003
-0.009
-0.015
-0.019
-0.02
-0.02
-0.019
-0.018
-0.016
-0.014
-0.013
-0.012
-0.015
-0.02
-0.025
-0.027
-0.028
-0.029
-0.031
-0.033
-0.034
-0.036
-0.037
-0.038
-0.039
-0.039
-0.038
-0.037
-0.036
-0.035
-0.035
-0.034
-0.033
-0.032
-0.031
-0.031
-0.031
-0.032
-0.032
-0.033
-0.033
-0.033
-0.033
-0.034
-0.035
-0.036
-0.037
-0.037
-0.038
-0.038
-0.039
-0.039
-0.04
-0.039
-0.039
-0.039
-0.039
-0.039
-0.039
-0.039
-0.038
-0.037
-0.036
-0.035
-0.035
-0.035
-0.035
-0.034
-0.034
-0.033
-0.033
-0.032
-0.032
-0.031
-0.031
-0.03
-0.03
-0.03
-0.03
-0.03
-0.03
-0.03
-0.029
-0.028
-0.027
-0.026
-0.026
-0.026
-0.027
-0.028
-0.03
-0.031
-0.033
-0.035
-0.037
-0.039
-0.04
-0.042
-0.043
-0.044
-0.047
-0.052
-0.039
-0.029
-0.024
-0.019
-0.016
-0.014
-0.014
-0.014
-0.015
-0.015
-0.015
-0.015
-0.014
-0.015
-0.016
-0.017
-0.019
-0.019
-0.02
-0.019
-0.019
-0.019
-0.017
-0.015
-0.011
-0.007
-0.002
0.001
0.004
0.007
0.01
0.015
0.02
0.022
0.021
0.018
0.013
0.006
0.0
-0.005
-0.013
-0.021
-0.026
-0.029
-0.031
-0.033
-0.036
-0.038
-0.038
-0.032
-0.024
-0.017
-0.01
-0.004
0.002
0.009
0.016
0.024
0.033
0.039
0.04
0.037
0.03
0.009
-0.031
-0.087
-0.148
-0.207
-0.259
-0.279
-0.289
-0.295
-0.283
-0.246
-0.204
-0.156
-0.106
-0.062
-0.034
-0.022
-0.018
-0.015
-0.011
-0.009
-0.007
-0.005
-0.004
-0.002
-0.001
0.0
0.0
0.0
0.0
-0.001
-0.001
-0.001
-0.001
0.0
0.0
0.002
0.004
0.006
0.007
0.008
0.008
0.009
0.01
0.012
0.013
0.014
0.015
0.018
0.022
0.026
0.03
0.032
0.033
0.032
0.03
0.029
0.027
0.025
0.02
0.017
0.021
0.03
0.036
0.042
0.048
0.054
0.059
0.064
0.067
0.071
0.075
0.078
0.081
0.082
0.082
0.08
0.079
0.077
0.075
0.074
0.072
0.069
0.067
0.064
0.062
0.06
0.058
0.055
0.052
0.048
0.043
0.035
0.029
0.025
0.022
0.021
0.019
0.018
0.017
0.016
0.015
0.013
0.011
0.009
0.006
0.004
0.001
0.0
-0.003
-0.006
-0.009
-0.011
-0.015
-0.018
-0.022
-0.026
-0.029
-0.032
-0.033
-0.034
-0.034
-0.033
-0.031
-0.029
-0.027
-0.024
-0.022
-0.02
-0.018
-0.017
-0.015
-0.013
-0.012
-0.01
-0.01
-0.009
-0.009
-0.009
-0.009
-0.01
-0.011
-0.013
-0.014
-0.017
-0.02
-0.024
-0.024
-0.021
-0.018
-0.016
-0.015
-0.013
-0.012
-0.01
-0.009
-0.009
-0.01
-0.012
-0.015
-0.018
-0.021
-0.023
-0.026
-0.028
-0.03
-0.031
-0.032
-0.033
-0.033
-0.033
-0.034
-0.034
-0.034
-0.034
-0.034
-0.035
-0.035
-0.036
-0.035
-0.035
-0.034
-0.033
-0.032
-0.031
-0.031
-0.03
-0.03
-0.029
-0.029
-0.03
-0.03
-0.03
-0.03
-0.029
-0.028
-0.028
-0.029
-0.031
-0.032
-0.034
-0.036
-0.039
-0.041
-0.041
-0.039
-0.036
-0.034
-0.031
-0.028
-0.025
-0.024
-0.024
-0.025
-0.028
-0.031
-0.037
-0.046
-0.032
-0.024
-0.021
-0.018
-0.015
-0.012
-0.009
-0.007
-0.004
-0.002
0.0
0.001
0.003
0.005
0.007
0.008
0.012
0.016
0.019
0.018
0.014
0.007
0.001
-0.002
-0.005
-0.009
-0.013
-0.016
-0.02
-0.022
-0.024
-0.025
-0.026
-0.027
-0.028
-0.029
-0.032
-0.034
-0.034
-0.029
-0.02
-0.011
0.001
0.013
0.029
0.044
0.051
0.057
0.056
0.042
0.004
-0.042
-0.098
-0.157
-0.212
-0.247
-0.26
-0.26
-0.249
-0.22
-0.186
-0.146
-0.101
-0.053
-0.009
0.014
0.034
0.048
0.051
0.054
0.057
0.056
0.048
0.045
0.043
0.041
0.04
0.038
0.036
0.035
0.033
0.031
0.03
0.029
0.028
0.028
0.029
0.03
0.031
0.031
0.031
0.03
0.028
0.025
0.023
0.025
0.031
0.038
0.044
0.051
0.058
0.06
0.059
0.054
0.05
0.047
0.044
0.04
0.037
0.035
0.035
0.036
0.038
0.041
0.045
0.048
0.052
0.058
0.064
0.068
0.071
0.074
0.077
0.08
0.083
0.084
0.084
0.081
0.077
0.073
0.072
0.07
0.069
0.067
0.066
0.065
0.064
0.063
0.062
0.06
0.058
0.057
0.056
0.055
0.053
0.05
0.046
0.043
0.04
0.036
0.029
0.021
0.014
0.007
0.003
0.0
-0.001
-0.004
-0.006
-0.009
-0.01
-0.011
-0.011
-0.012
-0.013
-0.015
-0.015
-0.016
-0.016
-0.015
-0.015
-0.015
-0.015
-0.015
-0.015
-0.015
-0.015
-0.016
-0.016
-0.017
-0.018
-0.02
-0.022
-0.021
-0.018
-0.017
-0.015
-0.013
-0.011
-0.011
-0.012
-0.014
-0.015
-0.017
-0.018
-0.02
-0.022
-0.025
-0.026
-0.027
-0.025
-0.021
-0.017
-0.014
-0.01
-0.005
0.0
0.003
0.001
-0.002
-0.007
-0.015
-0.025
-0.036
-0.042
-0.046
-0.05
-0.053
-0.055
-0.053
-0.049
-0.044
-0.039
-0.036
-0.034
-0.031
-0.027
-0.024
-0.021
-0.019
-0.019
-0.019
-0.019
-0.019
-0.02
-0.021
-0.023
-0.025
-0.027
-0.029
-0.03
-0.032
-0.035
-0.037
-0.038
-0.037
-0.034
-0.031
-0.028
-0.025
-0.02
-0.017
-0.02
-0.026
-0.029
-0.031
-0.033
-0.035
-0.036
-0.036
-0.036
-0.036
-0.036
-0.036
-0.036
-0.035
-0.033
-0.032
-0.032
-0.031
-0.031
-0.031
-0.03
-0.03
-0.029
-0.029
-0.029
-0.029
-0.029
-0.029
-0.028
-0.028
-0.027
-0.026
-0.024
-0.022
-0.02
-0.017
-0.014
-0.012
-0.01
-0.006
-0.001
0.003
0.006
0.006
0.003
0.0
-0.004
-0.007
-0.009
-0.012
-0.015
-0.018
-0.022
-0.025
-0.027
-0.029
-0.03
-0.031
-0.031
-0.03
-0.029
-0.027
-0.025
-0.023
-0.02
-0.017
-0.013
-0.003
0.019
0.044
0.059
0.065
0.07
0.059
0.023
-0.036
-0.119
-0.207
-0.281
-0.317
-0.318
-0.29
-0.229
-0.166
-0.11
-0.065
-0.046
-0.038
-0.035
-0.032
-0.028
-0.024
-0.017
-0.005
0.01
0.016
0.019
0.021
0.023
0.024
0.026
0.028
0.03
0.032
0.035
0.038
0.042
0.045
0.044
0.038
0.03
0.021
0.009
0.0
-0.004
-0.01
-0.013
-0.013
-0.005
0.003
0.007
0.01
0.012
0.015
0.016
0.018
0.019
0.021
0.022
0.025
0.027
0.028
0.029
0.029
0.03
0.03
0.031
0.032
0.034
0.035
0.037
0.042
0.047
0.052
0.057
0.059
0.061
0.064
0.066
0.068
0.07
0.071
0.072
0.072
0.072
0.072
0.071
0.069
0.066
0.064
0.062
0.06
0.058
0.056
0.055
0.053
0.05
0.048
0.045
0.042
0.039
0.036
0.034
0.031
0.029
0.027
0.025
0.022
0.019
0.014
0.003
-0.004
-0.009
-0.012
-0.015
-0.017
-0.018
-0.019
-0.019
-0.02
-0.02
-0.019
-0.018
-0.017
-0.015
-0.014
-0.012
-0.011
-0.009
-0.006
-0.003
-0.003
-0.005
-0.009
-0.014
-0.018
-0.023
-0.027
-0.027
-0.022
-0.017
-0.016
-0.015
-0.013
-0.012
-0.011
-0.01
-0.009
-0.008
-0.007
-0.006
-0.005
-0.004
-0.004
-0.005
-0.005
-0.006
-0.006
-0.007
-0.007
-0.007
-0.007
-0.007
-0.007
-0.006
-0.006
-0.005
-0.005
-0.005
-0.006
-0.006
-0.007
-0.006
-0.005
-0.002
0.0
-0.005
-0.012
-0.017
-0.02
-0.022
-0.025
-0.026
-0.027
-0.026
-0.024
-0.021
-0.018
-0.016
-0.014
-0.011
-0.009
-0.006
-0.004
-0.003
-0.003
-0.004
-0.005
-0.007
-0.008
-0.011
-0.014
-0.017
-0.021
-0.028
-0.033
-0.035
-0.037
-0.039
-0.041
-0.037
-0.029
-0.022
-0.014
-0.009
-0.008
-0.007
-0.007
-0.006
-0.006
-0.006
-0.005
-0.005
-0.006
-0.007
-0.008
-0.01
-0.012
-0.013
-0.015
-0.016
-0.018
-0.019
-0.019
-0.02
-0.019
-0.018
-0.016
-0.013
-0.011
-0.008
-0.006
-0.004
-0.002
-0.001
0.0
0.001
0.002
0.004
0.005
0.006
0.006
0.006
0.005
0.004
0.003
0.002
0.0
-0.001
-0.003
-0.005
-0.007
-0.01
-0.013
-0.021
-0.028
-0.035
-0.038
-0.041
-0.043
-0.046
-0.047
-0.049
-0.05
-0.05
-0.049
-0.049
-0.048
-0.046
-0.043
-0.039
-0.033
-0.014
0.015
0.027
0.036
0.035
0.014
-0.027
-0.09
-0.172
-0.261
-0.34
-0.384
-0.389
-0.37
-0.321
-0.263
-0.198
-0.133
-0.08
-0.04
-0.024
-0.016
-0.011
-0.023
-0.035
-0.045
-0.049
-0.047
-0.043
-0.039
-0.036
-0.033
-0.031
-0.032
-0.035
-0.04
-0.043
-0.047
-0.05
-0.049
-0.044
-0.037
-0.033
-0.029
-0.025
-0.021
-0.018
-0.017
-0.017
-0.016
-0.016
-0.015
-0.014
-0.014
-0.015
-0.016
-0.017
-0.017
-0.014
-0.011
-0.01
-0.009
-0.007
-0.005
-0.002
0.0
0.001
0.003
0.005
0.007
0.009
0.012
0.015
0.018
0.022
0.026
0.03
0.034
0.038
0.041
0.044
0.047
0.052
0.059
0.064
0.066
0.068
0.071
0.072
0.067
0.057
0.051
0.045
0.039
0.035
0.035
0.036
0.038
0.041
0.044
0.048
0.05
0.046
0.038
0.034
0.031
0.029
0.026
0.023
0.02
0.018
0.015
0.013
0.01
0.005
-0.002
-0.014
-0.021
-0.026
-0.03
-0.033
-0.033
-0.031
-0.028
-0.024
-0.022
-0.02
-0.018
-0.016
-0.014
-0.012
-0.012
-0.012
-0.012
-0.012
-0.013
-0.012
-0.013
-0.013
-0.014
-0.015
-0.014
-0.012
-0.009
-0.007
-0.005
-0.004
-0.002
-0.001
0.0
0.001
0.002
0.004
0.004
0.004
0.004
0.004
0.004
0.004
0.004
0.003
0.002
0.002
0.001
0.001
0.001
0.001
0.001
0.0
-0.001
-0.001
-0.002
-0.003
-0.007
-0.008
-0.002
0.0
0.003
0.006
0.009
0.01
0.008
0.005
0.001
-0.002
-0.007
-0.014
-0.018
-0.015
-0.009
-0.005
-0.001
0.001
0.004
0.005
0.004
0.001
-0.001
-0.006
-0.015
-0.023
-0.024
-0.025
-0.027
-0.027
-0.027
-0.025
-0.022
-0.018
-0.014
-0.011
-0.008
-0.004
0.0
0.004
0.008
0.011
0.016
0.022
0.026
0.023
0.017
0.013
0.011
0.008
0.006
0.005
0.003
0.002
0.0
0.0
-0.001
-0.001
-0.002
-0.003
-0.004
-0.008
-0.007
0.003
0.014
0.025
0.031
0.035
0.038
0.041
0.044
0.045
0.041
0.035
0.029
0.022
0.017
0.017
0.025
0.033
0.037
0.041
0.044
0.048
0.051
0.053
0.056
0.057
0.057
0.057
0.057
0.056
0.054
0.052
0.049
0.046
0.043
0.041
0.039
0.037
0.035
0.033
0.03
0.028
0.027
0.026
0.026
0.026
0.027
0.029
0.031
0.035
0.039
0.057
0.086
0.1
0.108
0.113
0.113
0.103
0.077
0.028
-0.042
-0.125
-0.203
-0.262
-0.29
-0.299
-0.283
-0.237
-0.16
-0.081
-0.019
0.021
0.049
0.061
0.066
0.069
0.071
0.073
0.072
0.07
0.067
0.064
0.062
0.06
0.058
0.057
0.055
0.054
0.055
0.057
0.06
0.063
0.067
0.071
0.077
0.083
0.086
0.085
0.081
0.075
0.067
0.056
0.046
0.039
0.033
0.03
0.034
0.042
0.049
0.055
0.061
0.069
0.075
0.079
0.082
0.084
0.087
0.09
0.092
0.094
0.095
0.096
0.096
0.096
0.095
0.095
0.094
0.093
0.091
0.09
0.088
0.087
0.085
0.084
0.081
0.073
0.073
0.079
0.083
0.086
0.088
0.09
0.091
0.09
0.088
0.085
0.082
0.077
0.073
0.069
0.065
0.06
0.056
0.051
0.046
0.04
0.035
0.032
0.028
0.025
0.022
0.019
0.017
0.015
0.014
0.014
0.014
0.015
0.015
0.016
0.018
0.02
0.023
0.025
0.026
0.028
0.029
0.031
0.034
0.036
0.036
0.036
0.036
0.035
0.035
0.034
0.033
0.031
0.028
0.026
0.025
0.026
0.028
0.03
0.032
0.035
0.041
0.041
0.029
0.017
0.005
0.0
-0.003
-0.005
-0.007
-0.008
-0.01
-0.012
-0.015
-0.018
-0.021
-0.025
-0.029
-0.034
-0.042
-0.048
-0.052
-0.056
-0.061
-0.068
-0.068
-0.059
-0.054
-0.051
-0.047
-0.045
-0.044
-0.045
-0.049
-0.054
-0.061
-0.074
-0.099
-0.112
-0.118
-0.123
-0.128
-0.131
-0.133
-0.133
-0.133
-0.132
-0.13
-0.128
-0.126
-0.123
-0.119
-0.119
-0.129
-0.135
-0.14
-0.145
-0.149
-0.154
-0.158
-0.162
-0.167
-0.173
-0.183
-0.193
-0.201
-0.206
-0.209
-0.213
-0.216
-0.219
-0.22
-0.22
-0.218
-0.215
-0.212
-0.21
-0.209
-0.207
-0.203
-0.2
-0.197
-0.198
-0.2
-0.205
-0.211
-0.223
-0.236
-0.239
-0.242
-0.244
-0.246
-0.247
-0.246
-0.246
-0.246
-0.246
-0.245
-0.243
-0.24
-0.236
-0.232
-0.229
-0.226
-0.222
-0.214
-0.206
-0.202
-0.205
-0.21
-0.217
-0.224
-0.232
-0.236
-0.232
-0.226
-0.222
-0.219
-0.216
-0.212
-0.206
-0.199
-0.19
-0.178
-0.163
-0.151
-0.141
-0.134
-0.127
-0.121
-0.121
-0.127
-0.136
-0.152
-0.172
-0.181
-0.187
-0.191
-0.19
-0.181
-0.169
-0.158
-0.146
-0.135
-0.127
-0.12
-0.112
-0.103
-0.093
-0.082
-0.064
-0.04
-0.023
-0.011
-0.011
-0.018
-0.038
-0.082
-0.142
-0.212
-0.281
-0.318
-0.33
-0.318
-0.28
-0.227
-0.177
-0.134
-0.096
-0.074
-0.051
-0.027
-0.003
0.022
0.036
0.041
0.044
0.047
0.048
0.05
0.052
0.054
0.057
0.059
0.061
0.062
0.064
0.066
0.069
0.071
0.073
0.076
0.082
0.089
0.095
0.1
0.105
0.109
0.112
0.115
0.118
0.12
0.122
0.124
0.125
0.126
0.128
0.13
0.132
0.134
0.135
0.137
0.14
0.143
0.146
0.149
0.152
0.154
0.156
0.159
0.162
0.166
0.172
0.178
0.181
0.181
0.179
0.177
0.175
0.173
0.17
0.169
0.17
0.173
0.177
0.178
0.179
0.181
0.184
0.186
0.189
0.191
0.193
0.193
0.193
0.193
0.192
0.191
0.189
0.187
0.183
0.18
0.176
0.173
0.169
0.164
0.155
0.143
0.128
0.121
0.117
0.113
0.11
0.108
0.106
0.105
0.104
0.103
0.102
0.101
0.099
0.097
0.096
0.095
0.095
0.095
0.094
0.094
0.094
0.095
0.095
0.094
0.092
0.09
0.085
0.08
0.076
0.074
0.075
0.077
0.08
0.083
0.087
0.091
0.091
0.084
0.077
0.075
0.073
0.072
0.07
0.068
0.066
0.064
0.063
0.062
0.061
0.061
0.06
0.059
0.058
0.057
0.056
0.055
0.054
0.053
0.052
0.051
0.049
0.048
0.047
0.046
0.046
0.045
0.043
0.041
0.04
0.038
0.037
0.036
0.034
0.032
0.027
0.014
0.01
0.009
0.009
0.008
0.007
0.006
0.006
0.005
0.005
0.004
0.003
0.002
0.001
0.001
0.001
0.001
0.0
-0.001
-0.002
-0.004
-0.005
-0.007
-0.013
-0.016
-0.01
0.0
0.006
0.012
0.018
0.022
0.025
0.026
0.025
0.023
0.02
0.016
0.013
0.011
0.009
0.006
0.004
0.001
0.0
-0.001
-0.001
-0.001
0.0
0.001
0.003
0.006
0.01
0.014
0.02
0.025
0.028
0.027
0.024
0.02
0.016
0.012
0.008
0.005
0.005
0.008
0.013
0.017
0.02
0.023
0.026
0.029
0.032
0.032
0.031
0.028
0.023
0.018
0.013
0.008
0.001
-0.006
-0.012
-0.016
-0.015
-0.013
-0.009
-0.005
-0.003
0.0
0.002
0.005
0.008
0.011
0.014
0.018
0.022
0.026
0.032
0.043
0.043
0.031
0.0
-0.045
-0.104
-0.17
-0.231
-0.264
-0.275
-0.274
-0.255
-0.227
-0.195
-0.15
-0.107
-0.058
-0.006
0.011
0.014
0.017
0.019
0.021
0.022
0.023
0.023
0.023
0.022
0.022
0.021
0.019
0.018
0.017
0.017
0.017
0.017
0.017
0.017
0.017
0.016
0.014
0.012
0.01
0.008
0.006
0.005
0.004
0.004
0.005
0.006
0.007
0.009
0.011
0.013
0.015
0.015
0.015
0.015
0.016
0.016
0.017
0.019
0.021
0.022
0.024
0.027
0.03
0.033
0.035
0.036
0.037
0.038
0.039
0.04
0.041
0.041
0.041
0.042
0.044
0.047
0.05
0.051
0.05
0.048
0.044
0.04
0.037
0.035
0.033
0.03
0.028
0.027
0.026
0.025
0.023
0.021
0.019
0.018
0.017
0.015
0.014
0.012
0.01
0.008
0.006
0.004
0.0
-0.008
-0.016
-0.022
-0.027
-0.031
-0.033
-0.036
-0.039
-0.043
-0.045
-0.047
-0.048
-0.048
-0.049
-0.049
-0.048
-0.047
-0.046
-0.044
-0.043
-0.042
-0.042
-0.042
-0.042
-0.042
-0.041
-0.041
-0.04
-0.038
-0.036
-0.033
-0.03
-0.028
-0.027
-0.027
-0.027
-0.027
-0.027
-0.027
-0.027
-0.028
-0.027
-0.026
-0.024
-0.023
-0.022
-0.023
-0.024
-0.025
-0.027
-0.027
-0.029
-0.03
-0.032
-0.033
-0.034
-0.034
-0.035
-0.036
-0.036
-0.037
-0.036
-0.036
-0.035
-0.034
-0.034
-0.035
-0.035
-0.035
-0.035
-0.036
-0.036
-0.036
-0.036
-0.036
-0.035
-0.034
-0.034
-0.033
-0.033
-0.032
-0.031
-0.03
-0.03
-0.031
-0.031
-0.032
-0.032
-0.032
-0.032
-0.033
-0.034
-0.035
-0.035
-0.035
-0.035
-0.035
-0.035
-0.035
-0.035
-0.035
-0.034
-0.034
-0.034
-0.034
-0.033
-0.033
-0.032
-0.032
-0.032
-0.032
-0.032
-0.032
-0.031
-0.03
-0.029
-0.029
-0.029
-0.03
-0.03
-0.03
-0.03
-0.03
-0.03
-0.03
-0.03
-0.029
-0.028
-0.027
-0.027
-0.026
-0.025
-0.024
-0.022
-0.019
-0.016
-0.014
-0.012
-0.009
-0.006
-0.003
-0.003
-0.005
-0.007
-0.01
-0.012
-0.014
-0.016
-0.019
-0.022
-0.025
-0.027
-0.028
-0.028
-0.028
-0.026
-0.024
-0.021
-0.018
-0.014
-0.01
-0.006
-0.001
0.002
0.009
0.024
0.033
0.028
0.017
0.001
-0.024
-0.071
-0.127
-0.185
-0.238
-0.256
-0.266
-0.261
-0.234
-0.211
-0.172
-0.129
-0.084
-0.063
-0.053
-0.046
-0.037
-0.022
0.002
0.029
0.047
0.058
0.041
0.031
0.027
0.022
0.018
0.015
0.013
0.011
0.009
0.007
0.005
0.004
0.003
0.003
0.004
0.006
0.007
0.009
0.01
0.012
0.013
0.015
0.017
0.019
0.02
0.022
0.027
0.031
0.036
0.038
0.039
0.038
0.038
0.037
0.037
0.037
0.036
0.035
0.034
0.034
0.036
0.04
0.044
0.048
0.05
0.051
0.054
0.056
0.058
0.059
0.061
0.062
0.064
0.065
0.066
0.066
0.066
0.066
0.066
0.066
0.066
0.066
0.066
0.065
0.065
0.064
0.063
0.062
0.06
0.059
0.058
0.056
0.054
0.051
0.048
0.044
0.039
0.025
0.014
0.005
-0.001
-0.006
-0.009
-0.011
-0.012
-0.013
-0.014
-0.015
-0.015
-0.016
-0.016
-0.016
-0.016
-0.015
-0.015
-0.015
-0.015
-0.015
-0.016
-0.016
-0.017
-0.017
-0.018
-0.018
-0.019
-0.019
-0.019
-0.019
-0.019
-0.02
-0.021
-0.021
-0.021
-0.019
-0.017
-0.014
-0.012
-0.011
-0.01
-0.009
-0.007
-0.006
-0.005
-0.004
-0.004
-0.004
-0.005
-0.005
-0.006
-0.007
-0.009
-0.01
-0.011
-0.012
-0.013
-0.013
-0.015
-0.017
-0.019
-0.02
-0.02
-0.02
-0.019
-0.018
-0.016
-0.015
-0.013
-0.011
-0.008
-0.008
-0.013
-0.021
-0.026
-0.031
-0.036
-0.039
-0.039
-0.038
-0.037
-0.036
-0.035
-0.035
-0.034
-0.033
-0.032
-0.032
-0.031
-0.03
-0.03
-0.029
-0.03
-0.031
-0.031
-0.032
-0.033
-0.033
-0.034
-0.035
-0.035
-0.036
-0.035
-0.035
-0.035
-0.035
-0.036
-0.036
-0.036
-0.036
-0.035
-0.035
-0.034
-0.034
-0.034
-0.033
-0.033
-0.032
-0.032
-0.031
-0.031
-0.031
-0.031
-0.032
-0.034
-0.035
-0.036
-0.036
-0.037
-0.038
-0.039
-0.039
-0.04
-0.04
-0.042
-0.043
-0.043
-0.041
-0.036
-0.03
-0.026
-0.023
-0.019
-0.016
-0.013
-0.01
-0.007
-0.004
-0.002
0.0
0.003
0.006
0.008
0.005
-0.001
-0.009
-0.018
-0.031
-0.034
-0.035
-0.035
-0.036
-0.037
-0.037
-0.038
-0.037
-0.036
-0.034
-0.032
-0.028
-0.025
-0.019
-0.011
0.0
0.016
0.033
0.042
0.049
0.049
0.04
0.018
-0.026
-0.09
-0.166
-0.241
-0.293
-0.311
-0.304
-0.282
-0.226
-0.162
-0.106
-0.067
-0.053
-0.044
-0.034
-0.015
0.005
0.018
0.021
0.021
0.023
0.024
0.025
0.025
0.025
0.025
0.025
0.026
0.026
0.026
0.025
0.024
0.023
0.022
0.023
0.024
0.025
0.025
0.026
0.028
0.028
0.024
0.022
0.02
0.018
0.016
0.015
0.016
0.018
0.021
0.024
0.028
0.032
0.038
0.045
0.05
0.053
0.055
0.056
0.057
0.058
0.06
0.061
0.061
0.061
0.061
0.061
0.062
0.062
0.063
0.063
0.064
0.064
0.064
0.065
0.065
0.066
0.067
0.067
0.068
0.069
0.07
0.071
0.072
0.073
0.075
0.076
0.077
0.078
0.077
0.075
0.072
0.069
0.065
0.061
0.057
0.05
0.042
0.034
0.027
0.022
0.018
0.014
0.01
0.007
0.005
0.003
0.001
0.0
0.0
-0.001
-0.002
-0.003
-0.004
-0.005
-0.008
-0.01
-0.012
-0.012
-0.011
-0.01
-0.008
-0.006
-0.003
0.001
0.002
0.0
0.0
0.0
-0.001
-0.002
-0.003
-0.003
-0.004
-0.005
-0.006
-0.006
-0.006
-0.006
-0.004
-0.003
-0.001
-0.001
0.0
0.0
0.001
0.002
0.003
0.004
0.005
0.006
0.008
0.01
0.011
0.01
0.008
0.005
0.002
0.0
-0.002
-0.005
-0.007
-0.009
-0.01
-0.009
-0.008
-0.006
-0.005
-0.004
-0.002
0.0
0.001
0.003
0.003
0.002
0.001
0.0
-0.002
-0.004
-0.007
-0.01
-0.01
-0.007
-0.001
0.008
0.023
0.039
0.055
0.072
0.091
0.111
0.13
0.148
0.163
0.17
0.175
0.178
0.179
0.177
0.172
0.165
0.153
0.135
0.106
0.077
0.06
0.03
0.003
-0.012
-0.025
-0.032
-0.038
-0.042
-0.046
-0.049
-0.053
-0.056
-0.059
-0.062
-0.065
-0.068
-0.071
-0.074
-0.076
-0.077
-0.075
-0.072
-0.068
-0.064
-0.061
-0.058
-0.056
-0.053
-0.05
-0.047
-0.045
-0.043
-0.042
-0.04
-0.039
-0.037
-0.036
-0.035
-0.035
-0.033
-0.032
-0.03
-0.028
-0.028
-0.029
-0.032
-0.035
-0.038
-0.041
-0.044
-0.047
-0.05
-0.053
-0.055
-0.058
-0.06
-0.063
-0.066
-0.069
-0.072
-0.074
-0.075
-0.078
-0.081
-0.086
-0.089
-0.09
-0.089
-0.086
-0.083
-0.079
-0.076
-0.071
-0.065
-0.059
-0.055
-0.051
-0.048
-0.045
-0.042
-0.038
-0.034
-0.031
-0.028
-0.025
-0.021
-0.016
-0.013
-0.01
-0.009
-0.008
-0.005
-0.002
0.002
0.01
0.021
0.032
0.036
0.038
0.04
0.041
0.041
0.04
0.037
0.034
0.031
0.028
0.026
0.025
0.023
0.021
0.02
0.018
0.017
0.016
0.015
0.015
0.016
0.016
0.017
0.017
0.017
0.018
0.019
0.02
0.021
0.022
0.023
0.023
0.024
0.025
0.026
0.026
0.024
0.021
0.018
0.015
0.011
0.005
0.005
0.013
0.021
0.029
0.029
0.025
0.022
0.02
0.017
0.015
0.014
0.013
0.013
0.012
0.011
0.01
0.009
0.008
0.009
0.01
0.01
0.01
0.009
0.009
0.01
0.012
0.013
0.013
0.012
0.01
0.008
0.005
0.003
0.001
0.001
0.003
0.005
0.007
0.008
0.009
0.011
0.011
0.012
0.012
0.012
0.012
0.011
0.01
0.008
0.006
0.004
0.002
0.0
-0.003
-0.007
-0.01
-0.01
-0.009
-0.006
-0.002
0.003
0.013
0.017
0.019
0.021
0.022
0.023
0.022
0.02
0.018
0.016
0.014
0.012
0.009
0.007
0.005
0.003
0.002
0.001
0.0
0.0
0.0
0.0
0.0
0.0
0.0
-0.002
-0.002
-0.002
0.0
0.003
0.006
0.009
0.012
0.016
0.017
0.016
0.013
0.009
0.004
-0.002
-0.007
-0.01
-0.012
-0.015
-0.017
-0.018
-0.017
-0.015
-0.013
-0.011
-0.009
-0.008
-0.007
-0.005
-0.004
-0.003
-0.003
-0.002
-0.001
-0.001
-0.001
-0.001
-0.001
-0.001
-0.001
-0.001
-0.001
-0.002
-0.002
-0.003
-0.003
-0.004
-0.005
-0.006
-0.008
-0.01
-0.011
-0.012
-0.012
-0.014
-0.016
-0.017
-0.018
-0.018
-0.016
-0.013
-0.01
-0.008
-0.005
-0.001
0.002
0.005
0.005
0.003
-0.001
-0.007
-0.018
-0.029
-0.031
-0.034
-0.034
-0.029
-0.023
-0.018
-0.013
-0.008
-0.004
0.0
0.003
0.004
0.003
0.003
0.003
0.002
0.001
0.0
0.0
0.0
0.0
-0.001
-0.001
-0.001
0.0
0.0
0.002
0.005
0.007
0.009
0.01
0.012
0.014
0.017
0.021
0.023
0.024
0.023
0.022
0.02
0.017
0.013
0.006
-0.002
-0.015
-0.027
-0.034
-0.038
-0.04
-0.038
-0.033
-0.027
-0.019
-0.009
-0.002
0.001
0.005
0.01
0.014
0.02
0.03
0.045
0.056
0.063
0.059
0.045
0.014
-0.034
-0.102
-0.181
-0.261
-0.325
-0.349
-0.347
-0.315
-0.252
-0.18
-0.113
-0.074
-0.063
-0.055
-0.048
-0.042
-0.031
-0.012
0.007
0.022
0.03
0.036
0.039
0.039
0.033
0.026
0.019
0.012
0.006
0.005
0.006
0.007
0.008
0.009
0.01
0.011
0.011
0.012
0.013
0.015
0.017
0.019
0.021
0.023
0.024
0.026
0.028
0.03
0.032
0.032
0.032
0.03
0.029
0.028
0.027
0.026
0.023
0.021
0.019
0.019
0.02
0.023
0.027
0.035
0.044
0.049
0.053
0.053
0.052
0.05
0.049
0.047
0.046
0.046
0.046
0.047
0.048
0.048
0.049
0.05
0.051
0.052
0.053
0.053
0.053
0.053
0.053
0.053
0.053
0.052
0.052
0.051
0.051
0.051
0.051
0.05
0.049
0.046
0.042
0.038
0.033
0.025
0.017
0.011
0.003
-0.006
-0.012
-0.015
-0.016
-0.016
-0.017
-0.018
-0.019
-0.019
-0.019
-0.019
-0.019
-0.019
-0.019
-0.019
-0.019
-0.018
-0.018
-0.017
-0.018
-0.018
-0.019
-0.019
-0.019
-0.018
-0.018
-0.019
-0.019
-0.019
-0.019
-0.018
-0.018
-0.018
-0.018
-0.018
-0.019
-0.019
-0.018
-0.018
-0.017
-0.016
-0.015
-0.012
-0.01
-0.01
-0.011
-0.011
-0.012
-0.013
-0.014
-0.015
-0.015
-0.016
-0.016
-0.017
-0.018
-0.017
-0.017
-0.016
-0.016
-0.016
-0.017
-0.018
-0.018
-0.018
-0.018
-0.018
-0.019
-0.02
-0.02
-0.019
-0.019
-0.018
-0.019
-0.019
-0.02
-0.02
-0.022
-0.024
-0.026
-0.029
-0.032
-0.035
-0.039
-0.042
-0.044
-0.042
-0.037
-0.031
-0.028
-0.024
-0.02
-0.017
-0.016
-0.015
-0.016
-0.017
-0.019
-0.02
-0.022
-0.024
-0.026
-0.028
-0.029
-0.029
-0.028
-0.026
-0.025
-0.024
-0.024
-0.023
-0.022
-0.021
-0.021
-0.02
-0.02
-0.021
-0.021
-0.021
-0.02
-0.019
-0.018
-0.018
-0.017
-0.015
-0.013
-0.011
-0.009
-0.007
-0.006
-0.005
-0.004
-0.002
0.0
0.0
0.002
0.003
0.004
0.005
0.007
0.008
0.009
0.009
0.009
0.009
0.01
0.01
0.01
0.01
0.008
0.007
0.005
0.004
0.003
0.001
0.0
-0.001
-0.003
-0.004
-0.005
-0.008
-0.014
-0.018
-0.014
-0.005
0.008
0.029
0.05
0.066
0.076
0.083
0.068
0.026
-0.039
-0.116
-0.198
-0.274
-0.329
-0.347
-0.337
-0.307
-0.245
-0.174
-0.11
-0.063
-0.041
-0.025
-0.013
-0.007
-0.004
-0.001
0.0
0.002
0.005
0.01
0.016
0.02
0.026
0.031
0.035
0.037
0.036
0.034
0.031
0.029
0.026
0.022
0.022
0.026
0.027
0.029
0.03
0.031
0.03
0.029
0.027
0.026
0.025
0.025
0.024
0.023
0.021
0.02
0.019
0.019
0.02
0.021
0.023
0.025
0.027
0.031
0.035
0.038
0.042
0.046
0.05
0.053
0.055
0.055
0.056
0.056
0.056
0.056
0.056
0.057
0.058
0.058
0.058
0.058
0.058
0.059
0.061
0.062
0.064
0.065
0.067
0.071
0.073
0.069
0.06
0.052
0.046
0.041
0.036
0.031
0.027
0.024
0.022
0.019
0.017
0.016
0.014
0.013
0.011
0.009
0.007
0.005
0.003
0.001
-0.001
-0.003
-0.006
-0.01
-0.017
-0.023
-0.025
-0.027
-0.027
-0.029
-0.03
-0.032
-0.033
-0.033
-0.033
-0.031
-0.03
-0.028
-0.027
-0.026
-0.025
-0.023
-0.022
-0.021
-0.02
-0.02
-0.02
-0.02
-0.02
-0.02
-0.021
-0.021
-0.02
-0.02
-0.019
-0.018
-0.017
-0.016
-0.016
-0.015
-0.015
-0.016
-0.017
-0.018
-0.019
-0.02
-0.021
-0.021
-0.021
-0.022
-0.022
-0.022
-0.021
-0.021
-0.021
-0.021
-0.021
-0.022
-0.022
-0.023
-0.023
-0.023
-0.023
-0.023
-0.023
-0.022
-0.022
-0.021
-0.02
-0.02
-0.021
-0.021
-0.022
-0.023
-0.024
-0.024
-0.025
-0.025
-0.026
-0.026
-0.026
-0.025
-0.026
-0.027
-0.029
-0.03
-0.03
-0.028
-0.026
-0.024
-0.023
-0.022
-0.02
-0.019
-0.017
-0.016
-0.016
-0.016
-0.017
-0.018
-0.019
-0.021
-0.023
-0.025
-0.027
-0.029
-0.033
-0.036
-0.035
-0.029
-0.021
-0.014
-0.005
0.0
0.002
0.003
0.004
0.005
0.006
0.007
0.007
0.008
0.008
0.008
0.008
0.008
0.007
0.007
0.006
0.006
0.006
0.005
0.005
0.004
0.004
0.004
0.003
0.001
0.0
-0.002
-0.004
-0.006
-0.009
-0.013
-0.022
-0.027
-0.028
-0.029
-0.029
-0.031
-0.032
-0.029
-0.021
-0.009
0.009
0.03
0.045
0.053
0.059
0.058
0.048
0.017
-0.034
-0.109
-0.193
-0.269
-0.319
-0.335
-0.328
-0.304
-0.25
-0.189
-0.131
-0.082
-0.042
-0.028
-0.021
-0.017
-0.022
-0.028
-0.033
-0.032
-0.021
-0.003
0.015
0.024
0.029
0.032
0.033
0.034
0.033
0.031
0.03
0.028
0.027
0.026
0.025
0.024
0.022
0.021
0.021
0.02
0.02
0.02
0.02
0.021
0.023
0.024
0.025
0.026
0.027
0.028
0.029
0.029
0.03
0.03
0.03
0.03
0.031
0.032
0.033
0.035
0.037
0.039
0.041
0.044
0.048
0.052
0.055
0.058
0.061
0.063
0.066
0.069
0.072
0.074
0.074
0.072
0.07
0.068
0.067
0.067
0.066
0.064
0.062
0.06
0.058
0.057
0.055
0.053
0.05
0.047
0.044
0.041
0.037
0.033
0.028
0.022
0.019
0.016
0.014
0.012
0.01
0.008
0.006
0.003
0.0
-0.001
-0.004
-0.007
-0.01
-0.013
-0.016
-0.018
-0.021
-0.023
-0.025
-0.027
-0.029
-0.032
-0.034
-0.037
-0.04
-0.042
-0.042
-0.04
-0.036
-0.031
-0.024
-0.015
-0.009
-0.005
-0.003
-0.001
0.0
0.0
-0.001
-0.005
-0.011
-0.016
-0.02
-0.024
-0.027
-0.031
-0.033
-0.035
-0.036
-0.036
-0.035
-0.034
-0.033
-0.031
-0.029
-0.028
-0.027
-0.026
-0.025
-0.023
-0.022
-0.02
-0.019
-0.018
-0.017
-0.017
-0.018
-0.019
-0.02
-0.021
-0.023
-0.025
-0.027
-0.029
-0.031
-0.032
-0.033
-0.035
-0.036
-0.037
-0.037
-0.036
-0.034
-0.033
-0.032
-0.031
-0.03
-0.029
-0.028
-0.026
-0.025
-0.024
-0.023
-0.023
-0.023
-0.023
-0.024
-0.025
-0.027
-0.029
-0.031
-0.034
-0.036
-0.038
-0.04
-0.043
-0.047
-0.049
-0.051
-0.05
-0.047
-0.043
-0.038
-0.031
-0.02
-0.014
-0.012
-0.01
-0.008
-0.005
-0.003
-0.002
-0.001
-0.001
-0.001
-0.001
-0.001
-0.002
-0.003
-0.005
-0.007
-0.008
-0.01
-0.012
-0.014
-0.017
-0.02
-0.023
-0.025
-0.027
-0.029
-0.032
-0.034
-0.037
-0.04
-0.041
-0.042
-0.041
-0.039
-0.036
-0.032
-0.027
-0.02
-0.007
0.002
0.011
0.018
0.022
0.018
0.007
-0.022
-0.082
-0.157
-0.231
-0.294
-0.326
-0.337
-0.328
-0.299
-0.248
-0.191
-0.13
-0.064
-0.004
0.014
0.011
-0.021
-0.052
-0.062
-0.056
-0.038
-0.012
0.015
0.023
0.026
0.028
0.018
0.012
0.008
0.006
0.004
0.003
0.002
0.001
0.001
0.001
0.001
0.001
0.002
0.004
0.006
0.008
0.01
0.012
0.014
0.017
0.019
0.021
0.023
0.025
0.026
0.028
0.029
0.03
0.031
0.032
0.032
0.032
0.032
0.032
0.032
0.032
0.033
0.034
0.035
0.037
0.038
0.039
0.041
0.042
0.043
0.045
0.047
0.048
0.05
0.052
0.054
0.057
0.06
0.062
0.064
0.065
0.067
0.068
0.068
0.068
0.067
0.065
0.063
0.06
0.058
0.054
0.049
0.038
0.027
0.02
0.015
0.01
0.006
0.002
-0.001
-0.005
-0.008
-0.01
-0.012
-0.013
-0.015
-0.016
-0.018
-0.019
-0.021
-0.023
-0.024
-0.026
-0.027
-0.028
-0.03
-0.031
-0.032
-0.033
-0.033
-0.033
-0.033
-0.032
-0.031
-0.031
-0.03
-0.029
-0.028
-0.027
-0.026
-0.025
-0.025
-0.024
-0.023
-0.021
-0.019
-0.018
-0.017
-0.015
-0.014
-0.013
-0.013
-0.014
-0.015
-0.016
-0.017
-0.018
-0.019
-0.021
-0.022
-0.024
-0.025
-0.026
-0.027
-0.029
-0.031
-0.033
-0.034
-0.034
-0.033
-0.032
-0.03
-0.029
-0.027
-0.024
-0.021
-0.019
-0.02
-0.022
-0.025
-0.027
-0.028
-0.029
-0.031
-0.032
-0.034
-0.036
-0.038
-0.04
-0.042
-0.043
-0.046
-0.05
-0.057
-0.057
-0.05
-0.044
-0.038
-0.033
-0.029
-0.025
-0.021
-0.017
-0.014
-0.017
-0.021
-0.024
-0.026
-0.028
-0.029
-0.031
-0.032
-0.033
-0.034
-0.035
-0.035
-0.035
-0.035
-0.035
-0.035
-0.035
-0.035
-0.035
-0.035
-0.035
-0.035
-0.036
-0.032
-0.024
-0.02
-0.016
-0.012
-0.01
-0.007
-0.005
-0.004
-0.002
-0.001
0.0
0.0
0.0
0.001
0.003
0.004
0.005
0.005
0.003
0.0
-0.003
-0.006
-0.009
-0.012
-0.015
-0.018
-0.021
-0.024
-0.026
-0.027
-0.028
-0.03
-0.033
-0.037
-0.039
-0.036
-0.028
-0.017
0.0
0.023
0.038
0.047
0.053
0.041
0.005
-0.053
-0.125
-0.197
-0.259
-0.287
-0.296
-0.282
-0.243
-0.198
-0.16
-0.131
-0.108
-0.083
-0.052
-0.015
0.02
0.033
0.027
0.016
0.004
-0.004
-0.01
-0.01
-0.002
0.004
0.01
0.014
0.016
0.017
0.017
0.018
0.02
0.021
0.022
0.021
0.02
0.018
0.016
0.014
0.012
0.01
0.011
0.014
0.016
0.017
0.018
0.019
0.02
0.021
0.023
0.024
0.025
0.025
0.026
0.027
0.028
0.029
0.029
0.03
0.031
0.032
0.034
0.036
0.038
0.04
0.042
0.045
0.049
0.052
0.054
0.055
0.056
0.056
0.056
0.057
0.058
0.059
0.062
0.065
0.068
0.071
0.073
0.076
0.078
0.08
0.08
0.079
0.077
0.075
0.073
0.07
0.067
0.062
0.056
0.048
0.04
0.033
0.028
0.023
0.018
0.014
0.011
0.009
0.008
0.006
0.005
0.003
0.002
0.0
0.0
-0.002
-0.003
-0.004
-0.006
-0.008
-0.009
-0.011
-0.012
-0.013
-0.014
-0.016
-0.017
-0.018
-0.019
-0.02
-0.02
-0.021
-0.02
-0.02
-0.02
-0.019
-0.017
-0.016
-0.014
-0.012
-0.009
-0.005
0.001
0.002
0.003
0.003
0.003
0.0
-0.001
-0.003
-0.003
-0.004
-0.004
-0.004
-0.004
-0.004
-0.004
-0.004
-0.004
-0.003
-0.003
-0.002
-0.002
-0.002
-0.002
-0.002
-0.002
-0.002
-0.002
-0.002
-0.002
-0.002
-0.003
-0.003
-0.004
-0.004
-0.005
-0.007
-0.008
-0.01
-0.012
-0.015
-0.022
-0.026
-0.024
-0.02
-0.018
-0.017
-0.015
-0.014
-0.013
-0.013
-0.012
-0.011
-0.01
-0.009
-0.008
-0.008
-0.007
-0.004
0.0
0.0
-0.005
-0.008
-0.01
-0.012
-0.014
-0.015
-0.016
-0.017
-0.017
-0.017
-0.017
-0.016
-0.015
-0.014
-0.012
-0.011
-0.009
-0.007
-0.006
-0.005
-0.003
-0.001
0.0
0.001
0.003
0.004
0.006
0.008
0.01
0.011
0.013
0.014
0.016
0.018
0.02
0.021
0.021
0.018
0.015
0.011
0.008
0.006
0.002
-0.001
-0.004
-0.007
-0.009
-0.009
-0.008
-0.008
-0.006
-0.005
-0.002
0.002
-0.004
-0.015
-0.026
-0.033
-0.038
-0.036
-0.026
-0.01
0.006
0.03
0.057
0.076
0.082
0.072
0.043
-0.009
-0.075
-0.147
-0.219
-0.28
-0.315
-0.319
-0.303
-0.262
-0.213
-0.16
-0.103
-0.05
-0.01
0.014
0.023
0.026
0.023
0.016
0.01
0.004
0.0
0.0
0.002
0.006
0.009
0.012
0.015
0.015
0.013
0.012
0.01
0.008
0.009
0.018
0.029
0.038
0.04
0.041
0.042
0.041
0.035
0.032
0.03
0.029
0.027
0.026
0.025
0.025
0.024
0.024
0.024
0.024
0.025
0.026
0.027
0.028
0.03
0.03
0.031
0.033
0.034
0.036
0.038
0.04
0.042
0.044
0.047
0.05
0.054
0.057
0.06
0.063
0.066
0.07
0.074
0.077
0.078
0.078
0.076
0.075
0.073
0.071
0.069
0.068
0.065
0.063
0.062
0.06
0.058
0.056
0.054
0.053
0.051
0.05
0.048
0.046
0.043
0.037
0.03
0.025
0.019
0.013
0.01
0.011
0.014
0.017
0.021
0.013
0.006
0.002
-0.002
-0.006
-0.009
-0.017
-0.027
-0.033
-0.037
-0.036
-0.027
-0.023
-0.021
-0.02
-0.018
-0.018
-0.017
-0.017
-0.016
-0.016
-0.015
-0.014
-0.013
-0.012
-0.012
-0.011
-0.011
-0.01
-0.011
-0.011
-0.011
-0.011
-0.01
-0.01
-0.008
-0.005
-0.001
0.0
-0.002
-0.005
-0.008
-0.011
-0.014
-0.013
-0.01
-0.004
0.003
0.011
0.013
0.014
0.016
0.017
0.017
0.014
0.009
0.004
-0.001
-0.01
-0.015
-0.013
-0.007
-0.002
0.002
0.007
0.01
0.012
0.015
0.019
0.019
0.015
0.011
0.009
0.006
0.005
0.007
0.012
0.019
0.03
0.049
0.067
0.082
0.095
0.107
0.128
0.151
0.173
0.187
0.201
0.217
0.236
0.247
0.253
0.249
0.221
0.185
0.146
0.106
0.067
0.029
-0.003
-0.026
-0.033
-0.036
-0.036
-0.035
-0.034
-0.032
-0.043
-0.063
-0.074
-0.076
-0.077
-0.078
-0.077
-0.074
-0.069
-0.061
-0.051
-0.048
-0.045
-0.044
-0.042
-0.041
-0.042
-0.043
-0.046
-0.049
-0.051
-0.055
-0.057
-0.058
-0.054
-0.05
-0.046
-0.041
-0.037
-0.035
-0.034
-0.033
-0.031
-0.029
-0.027
-0.026
-0.026
-0.029
-0.034
-0.039
-0.044
-0.052
-0.056
-0.056
-0.057
-0.057
-0.057
-0.057
-0.057
-0.058
-0.061
-0.065
-0.07
-0.074
-0.081
-0.086
-0.088
-0.09
-0.092
-0.094
-0.094
-0.093
-0.089
-0.087
-0.084
-0.081
-0.078
-0.073
-0.064
-0.051
-0.04
-0.032
-0.022
-0.015
-0.009
-0.004
0.001
0.006
0.008
0.009
0.01
0.012
0.013
0.015
0.016
0.018
0.019
0.02
0.021
0.021
0.021
0.02
0.02
0.019
0.018
0.018
0.018
0.017
0.016
0.015
0.015
0.015
0.014
0.013
0.011
0.009
0.01
0.013
0.017
0.02
0.024
0.027
0.029
0.027
0.025
0.023
0.021
0.02
0.019
0.018
0.017
0.016
0.015
0.014
0.014
0.014
0.014
0.015
0.016
0.018
0.02
0.022
0.023
0.025
0.026
0.03
0.033
0.033
0.028
0.021
0.016
0.009
0.005
0.003
0.002
0.001
0.001
0.0
0.0
0.0
0.0
-0.001
-0.001
0.0
0.0
0.0
0.0
0.002
0.003
0.004
0.004
0.005
0.006
0.006
0.007
0.008
0.009
0.009
0.009
0.009
0.009
0.008
0.007
0.006
0.006
0.005
0.004
0.004
0.004
0.004
0.004
0.003
0.002
0.001
-0.001
-0.004
-0.005
-0.002
0.001
0.003
0.007
0.01
0.011
0.01
0.008
0.006
0.005
0.005
0.004
0.003
0.002
0.001
0.0
0.0
0.0
0.0
0.0
0.0
-0.001
-0.001
0.0
0.0
0.0
0.0
0.0
0.0
0.0
0.0
0.0
0.0
-0.001
-0.002
-0.002
-0.002
-0.002
-0.003
-0.004
-0.005
-0.005
-0.006
-0.006
-0.006
-0.007
-0.008
-0.009
-0.01
-0.011
-0.011
-0.011
-0.01
-0.008
-0.006
-0.003
0.0
0.001
0.003
0.006
0.008
0.009
0.009
0.007
0.003
0.0
-0.004
-0.006
-0.008
-0.01
-0.012
-0.014
-0.017
-0.019
-0.02
-0.021
-0.022
-0.022
-0.022
-0.022
-0.021
-0.02
-0.019
-0.017
-0.015
-0.014
-0.012
-0.01
-0.004
-0.004
-0.008
-0.012
-0.017
-0.018
-0.015
-0.013
-0.011
-0.008
-0.007
-0.006
-0.007
-0.009
-0.01
-0.012
-0.013
-0.014
-0.016
-0.017
-0.018
-0.018
-0.018
-0.018
-0.018
-0.018
-0.017
-0.016
-0.014
-0.012
-0.011
-0.01
-0.009
-0.008
-0.007
-0.005
-0.003
-0.002
0.0
0.001
0.004
0.006
0.008
0.01
0.012
0.015
0.019
0.022
0.022
0.019
0.014
0.009
0.005
0.002
0.0
-0.004
-0.007
-0.01
-0.012
-0.014
-0.015
-0.016
-0.017
-0.019
-0.023
-0.025
-0.025
-0.021
-0.014
0.006
0.032
0.043
0.051
0.055
0.043
0.007
-0.049
-0.119
-0.191
-0.251
-0.291
-0.304
-0.299
-0.284
-0.242
-0.189
-0.14
-0.097
-0.06
-0.033
-0.025
-0.02
-0.016
-0.013
-0.007
0.006
0.017
0.022
0.027
0.029
0.029
0.028
0.025
0.022
0.019
0.017
0.014
0.011
0.009
0.007
0.005
0.004
0.002
0.0
-0.002
-0.004
-0.003
0.001
0.008
0.019
0.032
0.039
0.043
0.043
0.035
0.031
0.027
0.024
0.021
0.019
0.02
0.022
0.025
0.028
0.031
0.034
0.038
0.042
0.046
0.049
0.051
0.052
0.054
0.055
0.057
0.059
0.06
0.06
0.059
0.057
0.056
0.054
0.052
0.051
0.049
0.047
0.046
0.044
0.043
0.043
0.044
0.045
0.046
0.047
0.049
0.05
0.052
0.053
0.055
0.056
0.055
0.052
0.047
0.041
0.031
0.017
0.009
0.005
0.003
0.001
0.0
0.0
0.0
0.0
0.0
0.0
-0.002
-0.003
-0.004
-0.005
-0.006
-0.007
-0.008
-0.011
-0.013
-0.015
-0.02
-0.029
-0.029
-0.03
-0.031
-0.032
-0.032
-0.03
-0.026
-0.021
-0.016
-0.01
-0.007
-0.01
-0.016
-0.019
-0.023
-0.026
-0.029
-0.031
-0.033
-0.035
-0.039
-0.045
-0.044
-0.031
-0.021
-0.011
-0.004
-0.002
-0.001
-0.001
0.0
0.001
0.002
-0.001
-0.007
-0.01
-0.012
-0.013
-0.014
-0.015
-0.016
-0.017
-0.018
-0.019
-0.019
-0.019
-0.019
-0.019
-0.019
-0.019
-0.019
-0.02
-0.02
-0.021
-0.021
-0.022
-0.022
-0.022
-0.022
-0.022
-0.022
-0.023
-0.024
-0.025
-0.025
-0.026
-0.027
-0.028
-0.029
-0.03
-0.031
-0.034
-0.037
-0.04
-0.04
-0.037
-0.032
-0.026
-0.017
-0.004
0.002
0.007
0.012
0.015
0.01
0.0
-0.004
-0.009
-0.013
-0.016
-0.019
-0.021
-0.022
-0.023
-0.023
-0.023
-0.023
-0.024
-0.024
-0.025
-0.025
-0.02
-0.011
-0.001
0.009
0.014
0.016
0.019
0.021
0.022
0.017
0.007
0.0
-0.006
-0.011
-0.015
-0.017
-0.019
-0.02
-0.021
-0.023
-0.024
-0.026
-0.026
-0.027
-0.026
-0.024
-0.021
-0.016
-0.01
0.001
0.021
0.033
0.041
0.046
0.046
0.042
0.032
0.004
-0.048
-0.116
-0.191
-0.262
-0.318
-0.341
-0.34
-0.312
-0.265
-0.215
-0.17
-0.133
-0.114
-0.085
-0.056
-0.023
0.0
0.003
0.006
0.008
0.01
0.011
0.013
0.014
0.015
0.015
0.016
0.016
0.016
0.015
0.014
0.014
0.014
0.015
0.016
0.017
0.017
0.018
0.018
0.018
0.019
0.02
0.021
0.022
0.022
0.023
0.024
0.025
0.025
0.026
0.026
0.026
0.027
0.028
0.03
0.031
0.032
0.034
0.035
0.038
0.04
0.043
0.046
0.049
0.051
0.054
0.056
0.058
0.06
0.061
0.063
0.066
0.068
0.07
0.073
0.075
0.078
0.08
0.082
0.084
0.085
0.085
0.084
0.083
0.082
0.08
0.078
0.077
0.075
0.073
0.071
0.068
0.065
0.062
0.06
0.057
0.052
0.039
0.026
0.014
0.005
-0.002
-0.008
-0.012
-0.014
-0.015
-0.017
-0.017
-0.017
-0.017
-0.018
-0.018
-0.018
-0.019
-0.019
-0.019
-0.018
-0.018
-0.018
-0.018
-0.017
-0.017
-0.017
-0.016
-0.016
-0.016
-0.016
-0.015
-0.015
-0.014
-0.014
-0.014
-0.015
-0.015
-0.015
-0.014
-0.014
-0.013
-0.013
-0.013
-0.013
-0.013
-0.012
-0.012
-0.011
-0.011
-0.011
-0.011
-0.011
-0.011
-0.012
-0.012
-0.013
-0.013
-0.013
-0.013
-0.013
-0.013
-0.013
-0.013
-0.014
-0.014
-0.013
-0.013
-0.013
-0.012
-0.012
-0.012
-0.011
-0.011
-0.01
-0.01
-0.01
-0.011
-0.011
-0.01
-0.01
-0.009
-0.008
-0.008
-0.008
-0.01
-0.012
-0.014
-0.017
-0.021
-0.025
-0.029
-0.028
-0.022
-0.012
0.0
0.014
0.029
0.048
0.073
0.086
0.093
0.099
0.102
0.103
0.102
0.098
0.093
0.087
0.078
0.064
0.05
0.013
-0.024
-0.046
-0.062
-0.073
-0.063
-0.045
-0.025
-0.008
0.003
0.007
0.011
0.015
0.012
-0.006
-0.013
-0.017
-0.021
-0.024
-0.028
-0.031
-0.034
-0.037
-0.039
-0.041
-0.042
-0.043
-0.044
-0.044
-0.043
-0.042
-0.041
-0.039
-0.038
-0.037
-0.037
-0.036
-0.035
-0.035
-0.035
-0.034
-0.033
-0.032
-0.031
-0.03
-0.029
-0.026
-0.024
-0.023
-0.026
-0.032
-0.039
-0.044
-0.048
-0.052
-0.056
-0.06
-0.063
-0.066
-0.068
-0.07
-0.071
-0.073
-0.074
-0.075
-0.076
-0.078
-0.079
-0.08
-0.082
-0.083
-0.084
-0.084
-0.085
-0.084
-0.083
-0.081
-0.079
-0.076
-0.074
-0.071
-0.067
-0.063
-0.054
-0.045
-0.036
-0.03
-0.025
-0.02
-0.016
-0.011
-0.007
-0.003
0.0
0.003
0.008
0.013
0.017
0.021
0.024
0.025
0.027
0.029
0.032
0.033
0.034
0.034
0.034
0.032
0.031
0.03
0.029
0.027
0.024
0.028
0.033
0.038
0.038
0.033
0.03
0.028
0.026
0.025
0.025
0.025
0.024
0.024
0.023
0.023
0.024
0.025
0.026
0.027
0.028
0.029
0.03
0.032
0.034
0.035
0.034
0.031
0.027
0.023
0.018
0.01
0.009
0.013
0.015
0.015
0.016
0.018
0.019
0.02
0.02
0.021
0.022
0.022
0.023
0.023
0.022
0.021
0.019
0.017
0.016
0.015
0.013
0.011
0.01
0.009
0.008
0.007
0.007
0.007
0.005
0.004
0.002
0.001
0.0
0.0
-0.001
-0.002
-0.002
-0.002
-0.001
0.0
0.001
0.003
0.003
0.004
0.004
0.004
0.005
0.005
0.005
0.004
0.004
0.004
0.004
0.005
0.005
0.005
0.005
0.004
0.003
0.002
0.0
0.0
-0.001
-0.002
-0.004
-0.005
-0.006
-0.006
-0.006
-0.005
-0.005
-0.004
-0.002
-0.001
0.0
0.001
0.001
0.001
0.001
0.002
0.002
0.003
0.003
0.003
0.004
0.005
0.006
0.007
0.008
0.009
0.009
0.009
0.01
0.01
0.011
0.01
0.01
0.009
0.009
0.008
0.008
0.007
0.005
0.003
0.001
0.0
-0.001
-0.002
-0.005
-0.01
-0.015
-0.018
-0.019
-0.02
-0.022
-0.024
-0.027
-0.027
-0.022
-0.015
-0.009
-0.005
-0.002
0.001
0.004
0.008
0.011
0.014
0.017
0.019
0.021
0.023
0.025
0.027
0.027
0.025
0.022
0.017
0.011
0.0
-0.016
-0.022
-0.026
-0.029
-0.032
-0.033
-0.033
-0.032
-0.029
-0.026
-0.023
-0.019
-0.016
-0.012
-0.007
-0.003
0.001
0.007
0.021
0.037
0.044
0.049
0.049
0.038
0.011
-0.032
-0.09
-0.154
-0.216
-0.262
-0.277
-0.272
-0.256
-0.219
-0.179
-0.142
-0.108
-0.076
-0.057
-0.042
-0.031
-0.023
-0.012
0.003
0.014
0.021
0.026
0.026
0.024
0.022
0.02
0.019
0.018
0.017
0.016
0.014
0.013
0.011
0.009
0.007
0.005
0.003
0.002
0.0
-0.001
-0.004
-0.006
-0.008
-0.007
-0.004
0.0
0.006
0.016
0.028
0.032
0.033
0.035
0.037
0.037
0.038
0.036
0.031
0.025
0.02
0.015
0.009
0.003
-0.001
-0.004
-0.003
0.0
0.004
0.011
0.024
0.042
0.049
0.052
0.055
0.058
0.06
0.061
0.061
0.062
0.062
0.062
0.061
0.061
0.059
0.057
0.055
0.054
0.052
0.048
0.045
0.044
0.045
0.047
0.048
0.05
0.051
0.045
0.035
0.028
0.022
0.017
0.012
0.009
0.005
0.002
-0.001
-0.004
-0.006
-0.009
-0.012
-0.015
-0.018
-0.021
-0.023
-0.025
-0.027
-0.03
-0.032
-0.034
-0.035
-0.036
-0.038
-0.038
-0.038
-0.037
-0.036
-0.034
-0.033
-0.033
-0.032
-0.031
-0.03
-0.029
-0.028
-0.028
-0.027
-0.026
-0.025
-0.023
-0.021
-0.02
-0.02
-0.02
-0.02
-0.02
-0.02
-0.021
-0.022
-0.023
-0.024
-0.025
-0.025
-0.025
-0.027
-0.029
-0.03
-0.03
-0.028
-0.025
-0.023
-0.021
-0.02
-0.019
-0.018
-0.017
-0.016
-0.016
-0.016
-0.017
-0.018
-0.018
-0.019
-0.019
-0.02
-0.021
-0.021
-0.022
-0.023
-0.024
-0.025
-0.025
-0.026
-0.025
-0.025
-0.024
-0.023
-0.022
-0.021
-0.02
-0.018
-0.018
-0.017
-0.017
-0.018
-0.018
-0.018
-0.018
-0.017
-0.017
-0.014
-0.013
-0.013
-0.016
-0.019
-0.022
-0.025
-0.027
-0.03
-0.031
-0.031
-0.03
-0.028
-0.024
-0.02
-0.016
-0.011
-0.004
0.002
0.006
0.008
0.009
0.011
0.014
0.015
0.012
0.006
0.001
-0.001
-0.003
-0.005
-0.007
-0.01
-0.012
-0.015
-0.018
-0.02
-0.023
-0.025
-0.029
-0.035
-0.04
-0.041
-0.037
-0.03
-0.02
-0.003
0.013
0.03
0.042
0.051
0.051
0.038
0.002
-0.047
-0.11
-0.182
-0.253
-0.31
-0.338
-0.338
-0.31
-0.249
-0.176
-0.112
-0.062
-0.032
-0.024
-0.019
-0.013
-0.006
0.0
0.007
0.016
0.023
0.026
0.026
0.025
0.024
0.023
0.022
0.022
0.022
0.022
0.021
0.02
0.019
0.019
0.019
0.019
0.021
0.022
0.024
0.026
0.028
0.03
0.03
0.031
0.032
0.032
0.032
0.032
0.032
0.032
0.033
0.034
0.036
0.038
0.039
0.041
0.043
0.045
0.047
0.049
0.051
0.052
0.054
0.056
0.058
0.061
0.064
0.066
0.069
0.071
0.074
0.075
0.077
0.078
0.078
0.078
0.078
0.078
0.078
0.078
0.078
0.079
0.08
0.081
0.081
0.079
0.075
0.071
0.066
0.062
0.057
0.052
0.047
0.042
0.039
0.035
0.032
0.028
0.023
0.018
0.014
0.009
0.005
0.003
0.001
0.0
-0.001
-0.002
-0.004
-0.005
-0.007
-0.009
-0.012
-0.014
-0.015
-0.016
-0.017
-0.018
-0.02
-0.021
-0.022
-0.024
-0.027
-0.03
-0.032
-0.034
-0.035
-0.034
-0.033
-0.031
-0.028
-0.025
-0.021
-0.017
-0.016
-0.018
-0.021
-0.022
-0.024
-0.026
-0.028
-0.03
-0.03
-0.029
-0.027
-0.024
-0.023
-0.021
-0.019
-0.017
-0.014
-0.012
-0.012
-0.012
-0.012
-0.013
-0.013
-0.014
-0.015
-0.017
-0.019
-0.021
-0.022
-0.023
-0.023
-0.024
-0.025
-0.025
-0.025
-0.025
-0.025
-0.024
-0.024
-0.024
-0.024
-0.025
-0.025
-0.026
-0.026
-0.026
-0.026
-0.026
-0.025
-0.025
-0.024
-0.023
-0.022
-0.021
-0.021
-0.02
-0.02
-0.019
-0.018
-0.018
-0.017
-0.016
-0.015
-0.015
-0.014
-0.014
-0.014
-0.014
-0.014
-0.013
-0.012
-0.01
-0.007
-0.005
-0.007
-0.011
-0.014
-0.017
-0.019
-0.02
-0.018
-0.014
-0.009
-0.002
0.007
0.015
0.02
0.026
0.029
0.029
0.024
0.017
0.009
0.0
-0.005
-0.008
-0.009
-0.011
-0.012
-0.013
-0.014
-0.015
-0.016
-0.016
-0.015
-0.014
-0.012
-0.01
-0.008
-0.004
-0.001
0.007
0.025
0.037
0.045
0.048
0.045
0.038
0.017
-0.023
-0.084
-0.161
-0.239
-0.301
-0.32
-0.317
-0.28
-0.225
-0.172
-0.126
-0.085
-0.049
-0.029
-0.009
0.01
0.018
0.023
0.026
0.029
0.031
0.032
0.032
0.033
0.033
0.032
0.032
0.031
0.03
0.029
0.028
0.027
0.026
0.024
0.019
0.016
0.019
0.026
0.031
0.035
0.039
0.042
0.043
0.042
0.04
0.037
0.035
0.032
0.029
0.025
0.024
0.026
0.03
0.037
0.045
0.055
0.059
0.06
0.061
0.062
0.063
0.063
0.063
0.063
0.063
0.064
0.065
0.065
0.066
0.067
0.068
0.07
0.071
0.072
0.074
0.075
0.076
0.079
0.083
0.088
0.091
0.092
0.089
0.086
0.082
0.079
0.077
0.074
0.071
0.068
0.065
0.061
0.058
0.054
0.049
0.044
0.038
0.032
0.027
0.022
0.017
0.011
0.005
0.0
-0.004
-0.012
-0.021
-0.024
-0.027
-0.029
-0.03
-0.028
-0.024
-0.021
-0.017
-0.015
-0.014
-0.016
-0.019
-0.022
-0.024
-0.026
-0.028
-0.028
-0.028
-0.026
-0.025
-0.025
-0.024
-0.023
-0.022
-0.02
-0.02
-0.02
-0.021
-0.022
-0.023
-0.024
-0.025
-0.027
-0.029
-0.03
-0.031
-0.031
-0.029
-0.028
-0.027
-0.026
-0.024
-0.022
-0.019
-0.017
-0.017
-0.019
-0.021
-0.024
-0.024
-0.025
-0.027
-0.029
-0.031
-0.032
-0.032
-0.031
-0.028
-0.026
-0.024
-0.022
-0.019
-0.016
-0.014
-0.012
-0.011
-0.011
-0.01
-0.01
-0.008
-0.007
-0.012
-0.019
-0.024
-0.028
-0.031
-0.033
-0.034
-0.034
-0.034
-0.033
-0.032
-0.031
-0.031
-0.03
-0.029
-0.027
-0.027
-0.026
-0.025
-0.025
-0.025
-0.024
-0.024
-0.025
-0.026
-0.027
-0.029
-0.03
-0.031
-0.032
-0.033
-0.034
-0.036
-0.037
-0.036
-0.032
-0.027
-0.018
-0.004
0.002
0.005
0.008
0.011
0.012
0.012
0.011
0.009
0.006
0.002
-0.004
-0.018
-0.027
-0.032
-0.036
-0.04
-0.042
-0.044
-0.047
-0.052
-0.052
-0.045
-0.04
-0.037
-0.034
-0.029
-0.024
-0.017
-0.002
0.016
0.032
0.047
0.058
0.065
0.054
0.019
-0.046
-0.131
-0.221
-0.305
-0.369
-0.392
-0.389
-0.35
-0.286
-0.211
-0.136
-0.076
-0.04
-0.03
-0.024
-0.017
-0.012
-0.007
-0.002
0.001
0.005
0.007
0.009
0.01
0.01
0.01
0.011
0.012
0.014
0.016
0.016
0.014
0.012
0.01
0.007
0.004
0.001
0.001
0.005
0.009
0.011
0.012
0.013
0.015
0.016
0.018
0.019
0.021
0.023
0.024
0.025
0.026
0.027
0.028
0.029
0.029
0.03
0.032
0.034
0.037
0.039
0.041
0.041
0.041
0.04
0.039
0.037
0.034
0.03
0.038
0.05
0.06
0.065
0.067
0.068
0.07
0.07
0.071
0.072
0.072
0.072
0.071
0.07
0.068
0.066
0.063
0.06
0.058
0.055
0.052
0.05
0.047
0.044
0.04
0.037
0.033
0.03
0.026
0.022
0.017
0.012
0.008
0.003
0.0
-0.002
-0.005
-0.008
-0.014
-0.022
-0.027
-0.03
-0.031
-0.032
-0.033
-0.033
-0.034
-0.034
-0.034
-0.034
-0.034
-0.033
-0.032
-0.032
-0.031
-0.03
-0.03
-0.029
-0.029
-0.028
-0.028
-0.028
-0.027
-0.027
-0.026
-0.025
-0.025
-0.025
-0.024
-0.024
-0.024
-0.024
-0.024
-0.024
-0.024
-0.024
-0.024
-0.024
-0.024
-0.025
-0.025
-0.025
-0.025
-0.024
-0.024
-0.025
-0.025
-0.026
-0.026
-0.026
-0.027
-0.027
-0.028
-0.029
-0.03
-0.031
-0.031
-0.031
-0.032
-0.032
-0.032
-0.031
-0.03
-0.029
-0.028
-0.027
-0.027
-0.027
-0.027
-0.025
-0.024
-0.023
-0.022
-0.024
-0.026
-0.029
-0.031
-0.032
-0.034
-0.035
-0.037
-0.039
-0.04
-0.041
-0.042
-0.043
-0.044
-0.044
-0.044
-0.044
-0.043
-0.042
-0.041
-0.04
-0.038
-0.037
-0.036
-0.035
-0.033
-0.032
-0.029
-0.027
-0.024
-0.019
-0.013
-0.009
-0.006
-0.003
0.0
0.001
0.002
0.004
0.004
0.005
0.005
0.004
0.002
0.0
-0.004
-0.009
-0.017
-0.028
-0.029
-0.03
-0.032
-0.034
-0.035
-0.035
-0.034
-0.032
-0.029
-0.025
-0.022
-0.02
-0.016
-0.012
-0.008
-0.003
0.002
0.015
0.029
0.035
0.04
0.039
0.026
-0.007
-0.065
-0.142
-0.223
-0.29
-0.33
-0.344
-0.339
-0.322
-0.275
-0.207
-0.134
-0.071
-0.042
-0.034
-0.03
-0.025
-0.022
-0.018
0.0
0.018
0.025
0.024
0.014
0.006
0.0
-0.005
-0.008
-0.008
-0.005
0.0
0.003
0.006
0.008
0.01
0.013
0.016
0.019
0.021
0.023
0.025
0.027
0.029
0.03
0.031
0.032
0.033
0.034
0.034
0.035
0.035
0.035
0.036
0.036
0.037
0.037
0.038
0.038
0.039
0.039
0.041
0.042
0.043
0.045
0.046
0.048
0.051
0.059
0.064
0.068
0.07
0.073
0.075
0.078
0.079
0.08
0.08
0.079
0.077
0.075
0.074
0.072
0.07
0.069
0.067
0.066
0.064
0.061
0.059
0.056
0.054
0.051
0.048
0.043
0.037
0.033
0.03
0.027
0.024
0.02
0.016
0.012
0.007
0.002
-0.001
-0.005
-0.009
-0.014
-0.018
-0.022
-0.032
-0.041
-0.044
-0.047
-0.045
-0.036
-0.031
-0.028
-0.025
-0.022
-0.021
-0.019
-0.018
-0.017
-0.016
-0.015
-0.015
-0.014
-0.014
-0.013
-0.011
-0.006
-0.007
-0.014
-0.018
-0.02
-0.022
-0.024
-0.026
-0.027
-0.027
-0.028
-0.028
-0.028
-0.028
-0.027
-0.026
-0.025
-0.024
-0.023
-0.023
-0.022
-0.022
-0.021
-0.021
-0.02
-0.02
-0.021
-0.021
-0.021
-0.021
-0.021
-0.022
-0.023
-0.025
-0.027
-0.029
-0.03
-0.031
-0.032
-0.032
-0.033
-0.034
-0.034
-0.034
-0.034
-0.035
-0.036
-0.036
-0.037
-0.036
-0.036
-0.036
-0.036
-0.036
-0.036
-0.035
-0.034
-0.033
-0.033
-0.033
-0.034
-0.034
-0.034
-0.035
-0.035
-0.035
-0.035
-0.035
-0.034
-0.034
-0.033
-0.033
-0.032
-0.031
-0.029
-0.026
-0.023
-0.017
-0.004
0.003
0.008
0.012
0.014
0.014
0.011
0.005
0.0
-0.004
-0.008
-0.013
-0.017
-0.021
-0.024
-0.027
-0.031
-0.035
-0.04
-0.045
-0.046
-0.044
-0.041
-0.036
-0.033
-0.029
-0.026
-0.023
-0.019
-0.015
-0.009
0.002
0.019
0.033
0.043
0.05
0.053
0.041
0.005
-0.053
-0.125
-0.204
-0.278
-0.332
-0.351
-0.35
-0.322
-0.268
-0.204
-0.143
-0.096
-0.074
-0.065
-0.06
-0.046
-0.016
0.017
0.038
0.046
0.049
0.045
0.037
0.024
0.011
0.006
0.002
0.0
0.0
0.004
0.008
0.009
0.01
0.011
0.013
0.014
0.015
0.016
0.017
0.018
0.02
0.021
0.022
0.023
0.024
0.024
0.024
0.025
0.026
0.028
0.029
0.031
0.032
0.035
0.037
0.039
0.041
0.043
0.044
0.045
0.046
0.048
0.05
0.052
0.056
0.062
0.066
0.063
0.057
0.053
0.05
0.046
0.045
0.047
0.052
0.057
0.062
0.068
0.073
0.076
0.08
0.083
0.087
0.09
0.091
0.091
0.089
0.085
0.081
0.071
0.057
0.045
0.03
0.02
0.013
0.009
0.009
0.01
0.013
0.016
0.02
0.011
0.005
0.003
0.0
-0.001
-0.002
-0.004
-0.006
-0.007
-0.009
-0.01
-0.011
-0.013
-0.015
-0.021
-0.03
-0.034
-0.037
-0.038
-0.038
-0.034
-0.029
-0.023
-0.015
-0.011
-0.008
-0.004
-0.005
-0.016
-0.026
-0.035
-0.04
-0.042
-0.045
-0.048
-0.048
-0.04
-0.029
-0.021
-0.02
-0.019
-0.019
-0.018
-0.018
-0.017
-0.017
-0.017
-0.017
-0.016
-0.016
-0.015
-0.015
-0.016
-0.017
-0.017
-0.017
-0.017
-0.017
-0.016
-0.016
-0.017
-0.017
-0.017
-0.017
-0.018
-0.021
-0.021
-0.017
-0.014
-0.012
-0.01
-0.009
-0.011
-0.015
-0.02
-0.023
-0.027
-0.03
-0.033
-0.034
-0.034
-0.033
-0.032
-0.031
-0.03
-0.029
-0.029
-0.028
-0.028
-0.027
-0.027
-0.026
-0.026
-0.026
-0.027
-0.027
-0.027
-0.028
-0.028
-0.028
-0.027
-0.027
-0.026
-0.026
-0.024
-0.023
-0.022
-0.021
-0.02
-0.019
-0.018
-0.017
-0.016
-0.015
-0.014
-0.013
-0.011
-0.009
-0.006
-0.005
-0.004
-0.004
-0.004
-0.005
-0.005
-0.006
-0.008
-0.01
-0.012
-0.014
-0.016
-0.018
-0.02
-0.022
-0.024
-0.026
-0.028
-0.028
-0.029
-0.029
-0.028
-0.028
-0.027
-0.025
-0.023
-0.02
-0.016
-0.002
0.018
0.043
0.05
0.054
0.051
0.024
-0.018
-0.08
-0.159
-0.245
-0.319
-0.358
-0.36
-0.332
-0.266
-0.186
-0.107
-0.042
-0.01
0.0
-0.009
-0.022
-0.031
-0.026
-0.011
0.017
0.04
0.048
0.048
0.038
0.022
0.006
0.0
-0.004
-0.006
-0.006
-0.002
0.003
0.006
0.01
0.014
0.017
0.018
0.018
0.018
0.018
0.018
0.018
0.018
0.017
0.016
0.016
0.017
0.019
0.021
0.022
0.024
0.026
0.026
0.026
0.024
0.021
0.017
0.027
0.034
0.039
0.043
0.045
0.047
0.047
0.045
0.044
0.042
0.04
0.037
0.033
0.03
0.033
0.04
0.046
0.053
0.058
0.062
0.065
0.067
0.068
0.07
0.072
0.073
0.073
0.072
0.071
0.069
0.067
0.065
0.063
0.059
0.053
0.048
0.043
0.039
0.035
0.031
0.027
0.022
0.015
0.009
0.005
0.003
0.001
0.0
-0.002
-0.003
-0.004
-0.004
-0.005
-0.007
-0.008
-0.01
-0.012
-0.013
-0.014
-0.016
-0.017
-0.018
-0.018
-0.019
-0.019
-0.02
-0.02
-0.021
-0.022
-0.023
-0.024
-0.026
-0.028
-0.029
-0.03
-0.03
-0.029
-0.028
-0.027
-0.025
-0.023
-0.022
-0.02
-0.018
-0.017
-0.017
-0.017
-0.016
-0.015
-0.014
-0.012
-0.011
-0.01
-0.008
-0.007
-0.006
-0.005
-0.004
-0.004
-0.004
-0.003
0.0
0.001
-0.002
-0.01
-0.018
-0.027
-0.032
-0.034
-0.036
-0.04
-0.04
-0.035
-0.033
-0.032
-0.031
-0.03
-0.029
-0.029
-0.029
-0.028
-0.028
-0.027
-0.027
-0.027
-0.027
-0.027
-0.026
-0.026
-0.025
-0.025
-0.025
-0.024
-0.024
-0.023
-0.023
-0.023
-0.023
-0.024
-0.024
-0.023
-0.023
-0.022
-0.021
-0.021
-0.02
-0.019
-0.018
-0.018
-0.018
-0.019
-0.019
-0.02
-0.021
-0.022
-0.022
-0.023
-0.023
-0.022
-0.021
-0.021
-0.02
-0.018
-0.015
-0.012
-0.008
-0.005
-0.002
0.0
0.002
0.006
0.009
0.011
0.012
0.012
0.01
0.008
0.005
0.002
-0.004
-0.016
-0.025
-0.031
-0.037
-0.04
-0.041
-0.038
-0.035
-0.032
-0.03
-0.028
-0.025
-0.023
-0.02
-0.017
-0.011
0.009
0.035
0.063
0.082
0.088
0.076
0.038
-0.037
-0.133
-0.232
-0.317
-0.371
-0.378
-0.366
-0.309
-0.235
-0.161
-0.101
-0.058
-0.03
-0.005
0.003
0.007
0.009
0.009
0.005
0.0
-0.005
-0.004
0.005
0.01
0.014
0.018
0.02
0.021
0.022
0.022
0.022
0.022
0.022
0.021
0.019
0.017
0.014
0.012
0.01
0.007
0.004
0.001
0.0
0.001
0.005
0.01
0.014
0.017
0.019
0.022
0.025
0.029
0.031
0.032
0.033
0.033
0.034
0.035
0.035
0.036
0.036
0.036
0.037
0.039
0.04
0.042
0.045
0.048
0.051
0.053
0.055
0.057
0.059
0.06
0.061
0.063
0.066
0.068
0.069
0.07
0.072
0.074
0.076
0.078
0.078
0.075
0.07
0.065
0.06
0.056
0.051
0.044
0.039
0.035
0.033
0.03
0.028
0.025
0.022
0.019
0.016
0.013
0.01
0.006
0.001
-0.005
-0.011
-0.013
-0.014
-0.015
-0.017
-0.017
-0.016
-0.016
-0.015
-0.014
-0.013
-0.013
-0.013
-0.016
-0.019
-0.021
-0.023
-0.026
-0.028
-0.03
-0.032
-0.033
-0.034
-0.033
-0.032
-0.03
-0.027
-0.025
-0.022
-0.02
-0.017
-0.014
-0.011
-0.009
-0.008
-0.008
-0.01
-0.013
-0.016
-0.02
-0.023
-0.027
-0.031
-0.035
-0.036
-0.035
-0.032
-0.029
-0.025
-0.021
-0.016
-0.011
-0.009
-0.008
-0.008
-0.006
-0.005
-0.013
-0.021
-0.026
-0.03
-0.033
-0.035
-0.037
-0.039
-0.042
-0.041
-0.034
-0.03
-0.028
-0.025
-0.023
-0.021
-0.02
-0.019
-0.019
-0.019
-0.018
-0.018
-0.018
-0.019
-0.021
-0.023
-0.025
-0.027
-0.03
-0.037
-0.039
-0.037
-0.036
-0.035
-0.033
-0.032
-0.031
-0.032
-0.032
-0.033
-0.034
-0.035
-0.039
-0.036
-0.02
-0.01
-0.007
-0.004
-0.002
-0.003
-0.007
-0.013
-0.021
-0.029
-0.032
-0.035
-0.038
-0.037
-0.03
-0.024
-0.019
-0.014
-0.009
-0.003
0.0
0.004
0.009
0.012
0.015
0.016
0.017
0.021
0.026
0.016
0.007
0.002
-0.003
-0.011
-0.018
-0.022
-0.025
-0.029
-0.032
-0.035
-0.036
-0.037
-0.036
-0.034
-0.033
-0.03
-0.028
-0.022
-0.008
0.009
0.025
0.05
0.077
0.085
0.09
0.084
0.049
-0.012
-0.095
-0.186
-0.27
-0.333
-0.359
-0.357
-0.32
-0.25
-0.172
-0.11
-0.068
-0.045
-0.031
-0.019
-0.011
-0.003
0.0
0.003
0.005
0.006
0.008
0.009
0.011
0.013
0.015
0.016
0.018
0.019
0.021
0.023
0.025
0.029
0.033
0.034
0.032
0.028
0.022
0.017
0.01
0.006
0.005
0.004
0.003
0.001
0.0
0.003
0.011
0.02
0.031
0.038
0.043
0.047
0.049
0.045
0.038
0.034
0.031
0.028
0.026
0.024
0.023
0.022
0.021
0.022
0.023
0.024
0.026
0.029
0.032
0.037
0.047
0.064
0.079
0.087
0.09
0.091
0.092
0.091
0.088
0.083
0.079
0.074
0.07
0.064
0.059
0.055
0.053
0.05
0.048
0.047
0.045
0.043
0.041
0.04
0.039
0.037
0.036
0.034
0.031
0.029
0.026
0.024
0.02
0.017
0.012
0.007
0.001
-0.002
-0.006
-0.01
-0.015
-0.019
-0.023
-0.024
-0.023
-0.021
-0.019
-0.017
-0.014
-0.008
0.0
-0.012
-0.022
-0.027
-0.032
-0.035
-0.036
-0.036
-0.033
-0.029
-0.025
-0.022
-0.02
-0.016
-0.012
-0.009
-0.006
-0.005
-0.006
-0.007
-0.008
-0.01
-0.011
-0.014
-0.018
-0.022
-0.026
-0.026
-0.025
-0.023
-0.021
-0.019
-0.017
-0.015
-0.012
-0.011
-0.009
-0.009
-0.008
-0.008
-0.009
-0.01
-0.011
-0.013
-0.014
-0.015
-0.016
-0.017
-0.018
-0.019
-0.02
-0.022
-0.023
-0.025
-0.027
-0.028
-0.029
-0.029
-0.029
-0.028
-0.027
-0.025
-0.023
-0.022
-0.021
-0.02
-0.02
-0.02
-0.02
-0.02
-0.02
-0.02
-0.02
-0.02
-0.019
-0.017
-0.016
-0.015
-0.015
-0.014
-0.014
-0.013
-0.011
-0.01
-0.009
-0.008
-0.006
-0.003
0.0
0.004
0.006
0.007
0.009
0.011
0.016
0.015
0.006
0.002
0.0
-0.003
-0.005
-0.006
-0.008
-0.01
-0.013
-0.014
-0.015
-0.016
-0.016
-0.016
-0.016
-0.016
-0.016
-0.017
-0.018
-0.02
-0.021
-0.017
-0.007
0.007
0.025
0.035
0.043
0.042
0.027
-0.012
-0.077
-0.154
-0.229
-0.292
-0.333
-0.337
-0.317
-0.258
-0.184
-0.11
-0.051
-0.028
-0.023
-0.019
-0.016
-0.012
-0.009
-0.006
-0.004
-0.002
0.0
0.005
0.009
0.013
0.016
0.02
0.024
0.028
0.031
0.032
0.03
0.026
0.021
0.017
0.011
0.007
0.01
0.015
0.018
0.019
0.021
0.023
0.025
0.026
0.028
0.03
0.032
0.033
0.034
0.035
0.035
0.036
0.036
0.037
0.038
0.039
0.04
0.041
0.043
0.045
0.047
0.049
0.05
0.052
0.053
0.054
0.055
0.056
0.057
0.058
0.06
0.061
0.063
0.064
0.067
0.069
0.071
0.073
0.074
0.074
0.074
0.073
0.072
0.071
0.069
0.066
0.063
0.06
0.057
0.054
0.051
0.046
0.039
0.033
0.027
0.021
0.017
0.012
0.008
0.003
0.0
-0.002
-0.004
-0.006
-0.008
-0.01
-0.012
-0.014
-0.016
-0.017
-0.019
-0.02
-0.021
-0.022
-0.022
-0.022
-0.023
-0.023
-0.023
-0.024
-0.024
-0.024
-0.025
-0.027
-0.028
-0.026
-0.025
-0.024
-0.023
-0.023
-0.023
-0.022
-0.022
-0.021
-0.019
-0.018
-0.018
-0.018
-0.018
-0.018
-0.017
-0.015
-0.014
-0.013
-0.013
-0.014
-0.014
-0.015
-0.016
-0.018
-0.019
-0.022
-0.023
-0.025
-0.027
-0.029
-0.031
-0.034
-0.041
-0.047
-0.051
-0.048
-0.042
-0.036
-0.03
-0.022
-0.017
-0.017
-0.018
-0.02
-0.021
-0.021
-0.022
-0.022
-0.022
-0.024
-0.026
-0.028
-0.029
-0.03
-0.031
-0.032
-0.033
-0.035
-0.036
-0.037
-0.038
-0.038
-0.038
-0.039
-0.039
-0.039
-0.038
-0.037
-0.036
-0.034
-0.033
-0.033
-0.032
-0.031
-0.03
-0.029
-0.028
-0.027
-0.027
-0.026
-0.025
-0.023
-0.022
-0.02
-0.019
-0.017
-0.015
-0.013
-0.012
-0.011
-0.01
-0.009
-0.01
-0.011
-0.012
-0.014
-0.016
-0.019
-0.021
-0.024
-0.027
-0.029
-0.032
-0.036
-0.04
-0.046
-0.054
-0.06
-0.061
-0.06
-0.057
-0.052
-0.035
-0.007
0.028
0.056
0.067
0.067
0.055
0.022
-0.035
-0.112
-0.199
-0.278
-0.329
-0.345
-0.337
-0.312
-0.266
-0.212
-0.154
-0.104
-0.071
-0.052
-0.036
-0.024
-0.011
-0.001
0.005
0.01
0.013
0.013
0.012
0.011
0.011
0.01
0.01
0.009
0.008
0.008
0.006
0.005
0.005
0.005
0.006
0.007
0.008
0.009
0.011
0.012
0.014
0.016
0.018
0.02
0.023
0.03
0.034
0.031
0.026
0.023
0.02
0.018
0.016
0.015
0.017
0.02
0.024
0.027
0.029
0.03
0.032
0.034
0.037
0.039
0.041
0.043
0.046
0.049
0.051
0.053
0.054
0.055
0.057
0.061
0.068
0.075
0.079
0.082
0.086
0.091
0.092
0.085
0.081
0.078
0.074
0.071
0.067
0.064
0.061
0.058
0.054
0.049
0.045
0.041
0.037
0.033
0.028
0.023
0.017
0.012
0.01
0.008
0.006
0.004
0.002
0.0
-0.002
-0.005
-0.007
-0.01
-0.013
-0.016
-0.019
-0.024
-0.028
-0.031
-0.032
-0.033
-0.034
-0.036
-0.038
-0.038
-0.035
-0.029
-0.026
-0.023
-0.021
-0.019
-0.017
-0.016
-0.015
-0.014
-0.013
-0.012
-0.011
-0.009
-0.009
-0.008
-0.007
-0.003
-0.003
-0.007
-0.012
-0.018
-0.015
-0.012
-0.011
-0.009
-0.008
-0.008
-0.01
-0.014
-0.018
-0.021
-0.024
-0.027
-0.03
-0.033
-0.035
-0.035
-0.034
-0.031
-0.027
-0.024
-0.018
-0.009
-0.005
-0.002
0.0
0.0
0.0
-0.003
-0.008
-0.012
-0.017
-0.021
-0.024
-0.026
-0.027
-0.028
-0.03
-0.031
-0.032
-0.033
-0.033
-0.033
-0.034
-0.034
-0.033
-0.032
-0.031
-0.029
-0.028
-0.026
-0.025
-0.024
-0.022
-0.021
-0.02
-0.018
-0.015
-0.013
-0.011
-0.01
-0.01
-0.011
-0.013
-0.015
-0.017
-0.02
-0.025
-0.028
-0.025
-0.019
-0.014
-0.009
-0.005
-0.001
0.001
0.004
0.007
0.01
0.013
0.014
0.015
0.014
0.012
0.01
0.006
0.0
-0.013
-0.025
-0.033
-0.038
-0.042
-0.046
-0.045
-0.036
-0.029
-0.025
-0.02
-0.017
-0.014
-0.012
-0.009
-0.002
0.009
0.022
0.036
0.049
0.056
0.047
0.021
-0.03
-0.099
-0.177
-0.253
-0.318
-0.355
-0.359
-0.34
-0.288
-0.218
-0.143
-0.073
-0.02
0.002
0.01
0.01
0.002
-0.004
-0.009
-0.013
-0.012
-0.008
-0.001
0.003
0.01
0.014
0.016
0.017
0.018
0.019
0.021
0.022
0.023
0.023
0.023
0.023
0.023
0.023
0.023
0.022
0.021
0.02
0.019
0.018
0.017
0.017
0.015
0.014
0.014
0.017
0.022
0.027
0.033
0.038
0.042
0.045
0.047
0.05
0.052
0.053
0.054
0.054
0.053
0.052
0.051
0.05
0.048
0.046
0.044
0.044
0.047
0.05
0.053
0.056
0.058
0.06
0.063
0.066
0.069
0.072
0.075
0.078
0.079
0.079
0.077
0.074
0.07
0.065
0.056
0.047
0.042
0.039
0.037
0.035
0.034
0.031
0.029
0.026
0.024
0.021
0.018
0.015
0.01
0.004
0.0
-0.007
-0.012
-0.015
-0.017
-0.019
-0.021
-0.022
-0.023
-0.024
-0.025
-0.027
-0.028
-0.03
-0.031
-0.032
-0.033
-0.033
-0.033
-0.033
-0.032
-0.032
-0.031
-0.029
-0.028
-0.027
-0.026
-0.024
-0.023
-0.022
-0.02
-0.019
-0.018
-0.016
-0.014
-0.011
-0.007
-0.003
-0.001
-0.001
-0.002
-0.005
-0.009
-0.013
-0.019
-0.028
-0.033
-0.036
-0.038
-0.04
-0.042
-0.044
-0.045
-0.044
-0.041
-0.038
-0.035
-0.033
-0.031
-0.029
-0.026
-0.024
-0.021
-0.019
-0.018
-0.017
-0.016
-0.016
-0.016
-0.017
-0.018
-0.019
-0.021
-0.022
-0.024
-0.025
-0.027
-0.029
-0.033
-0.042
-0.047
-0.052
-0.056
-0.058
-0.055
-0.048
-0.036
-0.027
-0.025
-0.025
-0.024
-0.024
-0.024
-0.024
-0.024
-0.024
-0.024
-0.024
-0.023
-0.022
-0.022
-0.021
-0.021
-0.021
-0.02
-0.02
-0.019
-0.019
-0.018
-0.017
-0.016
-0.014
-0.013
-0.013
-0.012
-0.012
-0.013
-0.014
-0.015
-0.017
-0.019
-0.021
-0.024
-0.027
-0.03
-0.032
-0.033
-0.034
-0.034
-0.033
-0.032
-0.031
-0.029
-0.025
-0.021
-0.014
0.002
0.021
0.036
0.046
0.052
0.041
0.007
-0.056
-0.138
-0.222
-0.298
-0.351
-0.369
-0.36
-0.337
-0.288
-0.234
-0.181
-0.135
-0.097
-0.064
-0.031
0.004
0.038
0.051
0.052
0.043
0.029
0.012
-0.001
-0.01
-0.015
-0.018
-0.02
-0.022
-0.021
-0.016
-0.008
0.0
0.009
0.016
0.02
0.022
0.023
0.024
0.025
0.025
0.026
0.025
0.025
0.025
0.025
0.025
0.025
0.025
0.025
0.025
0.025
0.026
0.027
0.028
0.028
0.029
0.03
0.032
0.034
0.036
0.039
0.043
0.048
0.052
0.055
0.057
0.059
0.061
0.062
0.064
0.065
0.066
0.067
0.068
0.069
0.07
0.072
0.074
0.076
0.078
0.078
0.076
0.073
0.07
0.067
0.063
0.059
0.059
0.059
0.06
0.061
0.062
0.063
0.063
0.059
0.052
0.042
0.025
0.01
0.0
-0.007
-0.01
-0.012
-0.013
-0.015
-0.016
-0.017
-0.017
-0.017
-0.018
-0.019
-0.02
-0.02
-0.021
-0.022
-0.022
-0.022
-0.023
-0.023
-0.024
-0.024
-0.024
-0.024
-0.023
-0.023
-0.023
-0.022
-0.021
-0.021
-0.02
-0.019
-0.019
-0.018
-0.018
-0.017
-0.015
-0.013
-0.012
-0.011
-0.01
-0.01
-0.01
-0.01
-0.011
-0.011
-0.012
-0.013
-0.014
-0.014
-0.015
-0.015
-0.015
-0.015
-0.015
-0.015
-0.015
-0.014
-0.013
-0.013
-0.014
-0.014
-0.015
-0.015
-0.015
-0.015
-0.016
-0.016
-0.017
-0.017
-0.018
-0.018
-0.019
-0.021
-0.023
-0.025
-0.026
-0.028
-0.031
-0.036
-0.025
-0.017
-0.013
-0.009
-0.006
-0.004
-0.004
-0.005
-0.008
-0.012
-0.014
-0.017
-0.018
-0.02
-0.023
-0.025
-0.028
-0.029
-0.031
-0.032
-0.034
-0.036
-0.036
-0.036
-0.035
-0.034
-0.032
-0.03
-0.028
-0.025
-0.022
-0.018
-0.014
-0.003
0.012
0.017
0.02
0.023
0.024
0.024
0.02
0.015
0.009
0.003
-0.006
-0.014
-0.021
-0.031
-0.04
-0.043
-0.044
-0.046
-0.047
-0.047
-0.046
-0.041
-0.035
-0.031
-0.027
-0.024
-0.019
-0.015
-0.009
-0.002
0.011
0.029
0.038
0.045
0.045
0.031
-0.004
-0.066
-0.144
-0.223
-0.288
-0.321
-0.332
-0.321
-0.29
-0.246
-0.201
-0.155
-0.107
-0.064
-0.032
-0.007
0.017
0.027
0.028
0.02
0.008
-0.004
-0.011
-0.016
-0.018
-0.014
-0.006
0.008
0.02
0.024
0.027
0.027
0.021
0.017
0.013
0.01
0.009
0.01
0.013
0.017
0.02
0.021
0.022
0.023
0.024
0.025
0.026
0.026
0.027
0.027
0.029
0.03
0.03
0.03
0.031
0.031
0.031
0.032
0.033
0.033
0.033
0.034
0.034
0.035
0.037
0.039
0.041
0.045
0.049
0.054
0.06
0.066
0.072
0.081
0.084
0.084
0.085
0.086
0.086
0.083
0.077
0.069
0.061
0.056
0.054
0.052
0.051
0.05
0.049
0.048
0.046
0.045
0.043
0.041
0.039
0.037
0.035
0.033
0.031
0.029
0.027
0.025
0.022
0.019
0.015
0.011
0.004
-0.006
-0.016
-0.021
-0.024
-0.027
-0.029
-0.03
-0.03
-0.031
-0.032
-0.032
-0.032
-0.033
-0.034
-0.036
-0.031
-0.021
-0.018
-0.015
-0.013
-0.011
-0.009
-0.009
-0.009
-0.008
-0.008
-0.009
-0.009
-0.009
-0.01
-0.011
-0.012
-0.012
-0.012
-0.014
-0.015
-0.016
-0.017
-0.017
-0.015
-0.013
-0.01
-0.007
-0.001
-0.001
-0.006
-0.009
-0.011
-0.013
-0.014
-0.015
-0.016
-0.017
-0.018
-0.019
-0.02
-0.02
-0.02
-0.02
-0.021
-0.021
-0.022
-0.023
-0.025
-0.028
-0.022
-0.016
-0.01
-0.011
-0.017
-0.02
-0.022
-0.023
-0.024
-0.025
-0.026
-0.027
-0.029
-0.031
-0.032
-0.033
-0.034
-0.035
-0.036
-0.037
-0.039
-0.045
-0.047
-0.044
-0.037
-0.03
-0.022
-0.016
-0.012
-0.01
-0.009
-0.007
-0.006
-0.005
-0.004
-0.004
-0.004
-0.005
-0.006
-0.008
-0.01
-0.013
-0.016
-0.019
-0.022
-0.026
-0.031
-0.034
-0.035
-0.034
-0.032
-0.029
-0.025
-0.018
-0.006
0.004
0.012
0.016
0.019
0.021
0.023
0.023
0.023
0.021
0.017
0.011
0.002
-0.013
-0.024
-0.03
-0.035
-0.039
-0.042
-0.046
-0.05
-0.052
-0.049
-0.039
-0.025
-0.006
0.01
0.027
0.044
0.056
0.063
0.068
0.06
0.034
-0.008
-0.065
-0.133
-0.205
-0.268
-0.305
-0.317
-0.307
-0.278
-0.228
-0.183
-0.144
-0.108
-0.075
-0.042
-0.023
-0.009
0.0
0.004
0.005
0.007
0.008
0.009
0.009
0.01
0.01
0.011
0.011
0.013
0.014
0.016
0.018
0.022
0.024
0.024
0.021
0.017
0.015
0.012
0.01
0.008
0.006
0.007
0.008
0.009
0.011
0.013
0.014
0.016
0.018
0.02
0.023
0.025
0.028
0.031
0.034
0.037
0.041
0.043
0.043
0.042
0.042
0.041
0.04
0.038
0.035
0.042
0.046
0.048
0.05
0.052
0.053
0.054
0.055
0.057
0.058
0.059
0.061
0.062
0.064
0.065
0.066
0.068
0.07
0.071
0.071
0.068
0.065
0.06
0.056
0.053
0.05
0.047
0.043
0.04
0.037
0.035
0.034
0.033
0.032
0.031
0.028
0.022
0.007
0.0
-0.002
-0.004
-0.006
-0.008
-0.01
-0.012
-0.015
-0.016
-0.018
-0.02
-0.023
-0.025
-0.028
-0.034
-0.039
-0.039
-0.033
-0.026
-0.019
-0.012
-0.006
-0.003
-0.003
-0.002
0.0
0.002
0.001
-0.006
-0.009
-0.011
-0.013
-0.015
-0.017
-0.018
-0.02
-0.021
-0.023
-0.023
-0.024
-0.023
-0.023
-0.022
-0.02
-0.019
-0.018
-0.017
-0.016
-0.016
-0.015
-0.015
-0.014
-0.014
-0.013
-0.011
-0.008
-0.007
-0.007
-0.01
-0.015
-0.02
-0.024
-0.027
-0.03
-0.033
-0.035
-0.037
-0.037
-0.036
-0.033
-0.029
-0.024
-0.021
-0.018
-0.013
-0.009
-0.005
-0.002
-0.002
-0.004
-0.009
-0.013
-0.017
-0.02
-0.023
-0.026
-0.03
-0.033
-0.034
-0.035
-0.035
-0.035
-0.034
-0.032
-0.031
-0.029
-0.026
-0.025
-0.024
-0.024
-0.023
-0.023
-0.022
-0.021
-0.021
-0.021
-0.02
-0.02
-0.02
-0.02
-0.02
-0.021
-0.022
-0.023
-0.023
-0.024
-0.024
-0.023
-0.023
-0.022
-0.022
-0.02
-0.018
-0.017
-0.015
-0.014
-0.012
-0.011
-0.009
-0.007
-0.004
-0.001
0.001
0.004
0.006
0.008
0.008
0.007
0.005
0.002
0.0
-0.004
-0.009
-0.015
-0.022
-0.028
-0.034
-0.039
-0.043
-0.047
-0.049
-0.049
-0.047
-0.043
-0.037
-0.026
-0.004
0.022
0.043
0.057
0.068
0.068
0.053
0.014
-0.05
-0.132
-0.221
-0.298
-0.337
-0.35
-0.333
-0.283
-0.209
-0.137
-0.085
-0.059
-0.052
-0.045
-0.039
-0.031
-0.002
0.022
0.03
0.033
0.033
0.03
0.025
0.022
0.018
0.016
0.015
0.013
0.012
0.009
0.005
0.003
0.007
0.015
0.019
0.021
0.023
0.025
0.027
0.028
0.03
0.031
0.031
0.031
0.031
0.031
0.031
0.03
0.029
0.028
0.027
0.027
0.026
0.026
0.025
0.025
0.026
0.031
0.037
0.041
0.045
0.048
0.052
0.055
0.058
0.06
0.062
0.065
0.067
0.07
0.073
0.073
0.072
0.07
0.067
0.066
0.065
0.065
0.064
0.064
0.064
0.063
0.064
0.064
0.063
0.062
0.06
0.059
0.058
0.057
0.056
0.054
0.052
0.049
0.047
0.044
0.041
0.036
0.029
0.023
0.018
0.014
0.01
0.007
0.0
-0.01
-0.018
-0.021
-0.023
-0.025
-0.026
-0.028
-0.029
-0.03
-0.031
-0.031
-0.031
-0.03
-0.029
-0.027
-0.025
-0.023
-0.022
-0.021
-0.02
-0.018
-0.018
-0.017
-0.016
-0.015
-0.014
-0.013
-0.011
-0.011
-0.01
-0.01
-0.011
-0.011
-0.011
-0.011
-0.011
-0.012
-0.012
-0.013
-0.013
-0.013
-0.012
-0.011
-0.01
-0.01
-0.01
-0.009
-0.008
-0.007
-0.007
-0.007
-0.009
-0.012
-0.016
-0.02
-0.023
-0.026
-0.03
-0.033
-0.035
-0.036
-0.035
-0.033
-0.03
-0.027
-0.025
-0.023
-0.021
-0.018
-0.016
-0.014
-0.012
-0.012
-0.013
-0.014
-0.014
-0.015
-0.017
-0.018
-0.021
-0.024
-0.026
-0.027
-0.026
-0.024
-0.023
-0.022
-0.021
-0.019
-0.018
-0.016
-0.015
-0.015
-0.017
-0.019
-0.021
-0.023
-0.024
-0.026
-0.028
-0.03
-0.031
-0.032
-0.031
-0.031
-0.029
-0.028
-0.027
-0.025
-0.024
-0.023
-0.022
-0.022
-0.021
-0.02
-0.019
-0.017
-0.016
-0.015
-0.014
-0.014
-0.014
-0.014
-0.015
-0.015
-0.016
-0.017
-0.018
-0.019
-0.019
-0.015
-0.011
-0.008
-0.005
-0.001
0.002
0.007
0.011
0.016
0.02
0.022
0.022
0.019
0.013
0.007
-0.004
-0.021
-0.029
-0.033
-0.037
-0.04
-0.042
-0.042
-0.042
-0.041
-0.039
-0.037
-0.033
-0.028
-0.018
0.0
0.03
0.059
0.074
0.089
0.091
0.071
0.014
-0.075
-0.188
-0.299
-0.382
-0.401
-0.392
-0.327
-0.241
-0.167
-0.126
-0.113
-0.104
-0.099
-0.079
-0.04
0.002
0.023
0.031
0.021
0.013
0.007
0.002
0.0
0.001
0.005
0.009
0.012
0.014
0.016
0.018
0.019
0.021
0.022
0.023
0.023
0.022
0.022
0.021
0.02
0.019
0.017
0.016
0.015
0.015
0.014
0.013
0.012
0.011
0.009
0.008
0.007
0.006
0.006
0.006
0.006
0.008
0.011
0.014
0.017
0.021
0.024
0.033
0.051
0.06
0.065
0.068
0.071
0.071
0.069
0.065
0.061
0.057
0.051
0.046
0.046
0.05
0.054
0.055
0.057
0.059
0.061
0.062
0.064
0.065
0.066
0.066
0.066
0.065
0.064
0.062
0.059
0.055
0.051
0.042
0.025
0.016
0.01
0.007
0.004
0.002
0.0
-0.001
-0.004
-0.007
-0.01
-0.012
-0.015
-0.018
-0.021
-0.023
-0.025
-0.025
-0.024
-0.023
-0.02
-0.019
-0.016
-0.012
-0.012
-0.013
-0.016
-0.018
-0.011
-0.006
-0.003
-0.001
0.0
0.0
0.0
-0.002
-0.004
-0.007
-0.009
-0.011
-0.013
-0.016
-0.018
-0.021
-0.022
-0.023
-0.024
-0.025
-0.026
-0.026
-0.025
-0.023
-0.021
-0.019
-0.018
-0.016
-0.015
-0.013
-0.011
-0.007
-0.003
-0.001
-0.003
-0.008
-0.012
-0.016
-0.02
-0.023
-0.027
-0.029
-0.03
-0.032
-0.032
-0.033
-0.034
-0.035
-0.036
-0.036
-0.036
-0.035
-0.032
-0.03
-0.028
-0.026
-0.024
-0.022
-0.02
-0.018
-0.016
-0.015
-0.015
-0.014
-0.014
-0.015
-0.016
-0.017
-0.019
-0.021
-0.023
-0.025
-0.026
-0.027
-0.029
-0.031
-0.033
-0.033
-0.033
-0.032
-0.031
-0.029
-0.027
-0.025
-0.021
-0.018
-0.018
-0.021
-0.025
-0.028
-0.03
-0.032
-0.034
-0.036
-0.037
-0.036
-0.033
-0.03
-0.027
-0.025
-0.023
-0.022
-0.02
-0.018
-0.016
-0.014
-0.012
-0.011
-0.009
-0.007
-0.005
-0.004
-0.003
-0.002
-0.001
0.0
0.003
0.006
0.007
0.007
0.003
-0.001
-0.006
-0.011
-0.014
-0.018
-0.023
-0.027
-0.031
-0.033
-0.033
-0.033
-0.031
-0.029
-0.026
-0.023
-0.018
-0.008
0.004
0.02
0.041
0.056
0.066
0.071
0.068
0.059
0.035
-0.006
-0.065
-0.133
-0.2
-0.248
-0.264
-0.259
-0.24
-0.191
-0.131
-0.069
-0.009
0.039
0.076
0.095
0.111
0.128
0.139
0.146
0.149
0.143
0.13
0.122
0.114
0.107
0.104
0.104
0.106
0.11
0.113
0.115
0.118
0.12
0.122
0.124
0.125
0.126
0.126
0.125
0.124
0.122
0.119
0.119
0.126
0.134
0.142
0.147
0.15
0.153
0.154
0.149
0.139
0.134
0.129
0.125
0.122
0.119
0.117
0.116
0.116
0.116
0.116
0.115
0.115
0.115
0.115
0.114
0.114
0.116
0.119
0.122
0.123
0.125
0.125
0.123
0.119
0.115
0.113
0.112
0.111
0.11
0.108
0.106
0.104
0.102
0.1
0.099
0.098
0.096
0.095
0.093
0.091
0.089
0.081
0.064
0.048
0.03
0.019
0.014
0.011
0.008
0.006
0.003
0.002
0.0
0.0
-0.002
-0.004
-0.007
-0.009
-0.011
-0.013
-0.016
-0.021
-0.026
-0.03
-0.033
-0.035
-0.036
-0.038
-0.04
-0.041
-0.043
-0.044
-0.045
-0.046
-0.047
-0.048
-0.049
-0.05
-0.051
-0.052
-0.053
-0.054
-0.055
-0.056
-0.056
-0.056
-0.056
-0.057
-0.058
-0.059
-0.059
-0.059
-0.06
-0.061
-0.063
-0.065
-0.067
-0.068
-0.069
-0.069
-0.069
-0.069
-0.07
-0.069
-0.069
-0.068
-0.068
-0.069
-0.07
-0.071
-0.073
-0.075
-0.077
-0.078
-0.081
-0.083
-0.086
-0.088
-0.091
-0.096
-0.106
-0.107
-0.101
-0.091
-0.097
-0.155
-0.224
-0.259
-0.318
-0.418
-0.5
-0.548
-0.581
-0.604
-0.611
-0.59
-0.55
-0.548
-0.614
-0.795
-1.07
-1.423
-1.81
-2.138
-2.371
-2.614
-2.927
-3.222
-3.432
-3.497
-3.389
-3.2
-3.044
-3.013
-3.066
-3.141
-3.215
-3.336
-3.624
-4.094
-4.648
-5.173
-5.508
-5.608
-5.498
-5.125
-4.42
-3.379
-2.119
-0.863
0.119
0.704
0.865
0.887
0.836
0.765
0.761
0.815
0.896
0.946
0.982
1.01
0.982
0.906
0.795
0.693
0.638
0.62
0.628
0.65
0.683
0.724
0.781
0.813
0.781
0.717
0.657
0.628
0.618
0.628
0.639
0.649
0.657
0.679
0.709
0.703
0.642
0.525
0.409
0.316
0.257
0.236
0.229
0.236
0.257
0.317
0.416
0.505
0.519
0.524
0.514
0.506
0.501
0.497
0.495
0.498
0.505
0.518
0.558
0.586
0.551
0.473
0.387
0.304
0.246
0.214
0.19
0.136
0.056
0.024
0.024
0.038
0.045
0.054
0.064
0.08
0.104
0.151
0.228
0.322
0.394
0.439
0.493
0.523
0.493
0.433
0.382
0.362
0.355
0.352
0.353
0.358
0.372
0.396
0.441
0.471
0.471
0.437
0.398
0.365
0.356
0.353
0.351
0.351
0.358
0.376
0.408
0.409
0.384
0.326
0.273
0.248
0.238
0.238
0.244
0.252
0.266
0.298
0.349
0.376
0.351
0.287
0.21
0.143
0.097
0.075
0.066
0.067
0.077
0.106
0.166
0.199
0.21
0.202
0.179
0.151
0.131
0.124
0.12
0.118
0.114
0.119
0.151
0.17
0.148
0.106
0.074
0.051
0.043
0.04
0.041
0.045
0.056
0.088
0.129
0.133
0.109
0.051
0.0
-0.035
-0.05
-0.057
-0.062
-0.062
-0.055
-0.035
0.016
0.047
0.022
-0.031
-0.079
-0.107
-0.115
-0.121
-0.122
-0.12
-0.114
-0.104
-0.072
-0.019
-0.003
-0.006
-0.032
-0.057
-0.064
-0.068
-0.072
-0.074
-0.078
-0.083
-0.09
-0.093
-0.095
-0.096
-0.097
-0.098
-0.099
-0.101
-0.103
-0.105
-0.109
-0.112
-0.117
-0.123
-0.153
-0.21
-0.313
-0.463
-0.646
-0.816
-0.899
-0.894
-0.787
-0.573
-0.312
-0.086
0.008
-0.017
-0.17
-0.319
-0.42
-0.449
-0.441
-0.377
-0.28
-0.182
-0.099
-0.058
-0.091
-0.16
-0.248
-0.318
-0.345
-0.345
-0.321
-0.282
-0.239
-0.19
-0.134
-0.11
-0.114
-0.155
-0.198
-0.216
-0.223
-0.225
-0.224
-0.22
-0.21
-0.18
-0.132
-0.109
-0.137
-0.19
-0.238
-0.26
-0.267
-0.259
-0.245
-0.232
-0.212
-0.171
-0.106
-0.079
-0.088
-0.158
-0.248
-0.319
-0.424
-0.624
-0.936
-1.378
-1.964
-2.686
-3.503
-4.368
-5.21
-5.861
-6.18
-5.991
-5.358
-4.414
-3.227
-1.966
-0.847
0.003
0.516
0.678
0.59
0.461
0.389
0.378
0.396
0.424
0.425
0.402
0.378
0.364
0.338
0.287
0.201
0.114
0.048
0.023
0.023
0.052
0.094
0.138
0.185
0.243
0.309
0.334
0.332
0.293
0.26
0.24
0.232
0.232
0.239
0.259
0.282
0.31
0.339
0.349
0.336
0.298
0.253
0.214
0.189
0.18
0.176
0.179
0.186
0.207
0.25
0.277
0.277
0.252
0.223
0.213
0.21
0.208
0.207
0.207
0.21
0.215
0.224
0.224
0.2
0.121
0.003
-0.104
-0.182
-0.222
-0.227
-0.211
-0.17
-0.12
-0.049
0.03
0.091
0.145
0.158
0.161
0.163
0.165
0.168
0.171
0.177
0.196
0.24
0.26
0.259
0.228
0.197
0.17
0.151
0.144
0.142
0.144
0.15
0.165
0.197
0.216
0.215
0.185
0.151
0.14
0.137
0.135
0.134
0.135
0.141
0.151
0.171
0.177
0.159
0.107
0.056
0.023
0.006
-0.004
-0.012
-0.012
-0.006
0.01
0.061
0.086
0.084
0.051
0.014
-0.006
-0.013
-0.016
-0.017
-0.015
-0.01
0.0
0.039
0.077
0.076
0.036
-0.065
-0.162
-0.233
-0.27
-0.272
-0.261
-0.257
-0.253
-0.25
-0.247
-0.243
-0.228
-0.213
-0.213
-0.221
-0.225
-0.214
-0.183
-0.109
-0.006
0.078
0.103
0.064
-0.007
-0.074
-0.109
-0.121
-0.126
-0.125
-0.121
-0.112
-0.068
0.007
0.041
0.036
-0.021
-0.084
-0.133
-0.146
-0.151
-0.141
-0.124
-0.102
-0.057
0.02
0.056
0.052
-0.005
-0.072
-0.128
-0.15
-0.158
-0.159
-0.155
-0.142
-0.108
-0.036
0.005
0.006
-0.031
-0.07
-0.1
-0.111
-0.112
-0.108
-0.097
-0.072
-0.025
0.035
0.063
0.028
-0.044
-0.114
-0.15
-0.162
-0.168
-0.168
-0.161
-0.147
-0.108
-0.02
0.021
0.019
-0.035
-0.096
-0.143
-0.155
-0.16
-0.16
-0.154
-0.136
-0.094
-0.018
0.018
0.015
-0.039
-0.095
-0.127
-0.138
-0.13
-0.12
-0.111
-0.098
-0.062
0.014
0.065
0.069
0.034
-0.013
-0.048
-0.061
-0.062
-0.057
-0.05
-0.04
-0.02
0.02
0.022
-0.006
-0.07
-0.123
-0.154
-0.164
-0.16
-0.149
-0.126
-0.087
-0.021
0.064
0.114
0.093
0.034
-0.025
-0.074
-0.1
-0.11
-0.11
-0.099
-0.07
-0.021
0.017
0.009
-0.071
-0.207
-0.363
-0.507
-0.604
-0.627
-0.563
-0.411
-0.197
0.018
0.183
0.256
0.22
0.134
0.018
-0.096
-0.178
-0.204
-0.176
-0.109
-0.027
0.053
0.133
0.172
0.133
0.054
-0.031
-0.102
-0.134
-0.137
-0.12
-0.088
-0.049
0.01
0.091
0.137
0.109
0.044
-0.017
-0.065
-0.082
-0.087
-0.09
-0.084
-0.069
-0.025
0.058
0.097
0.093
0.036
-0.017
-0.043
-0.051
-0.044
-0.032
-0.021
-0.009
0.028
0.102
0.145
0.144
0.096
0.046
0.018
0.008
0.008
0.015
0.025
0.043
0.081
0.141
0.171
0.136
0.068
0.007
-0.022
-0.033
-0.034
-0.027
-0.019
0.0
0.047
0.124
0.167
0.139
0.072
0.011
-0.024
-0.037
-0.041
-0.04
-0.035
-0.022
0.019
0.092
0.137
0.107
0.038
-0.022
-0.057
-0.069
-0.069
-0.062
-0.05
-0.032
0.003
0.07
0.1
0.094
0.036
-0.017
-0.06
-0.072
-0.076
-0.078
-0.072
-0.054
-0.012
0.049
0.079
0.046
-0.023
-0.082
-0.102
-0.109
-0.108
-0.099
-0.086
-0.063
-0.015
0.065
0.096
0.091
0.027
-0.041
-0.085
-0.101
-0.107
-0.105
-0.099
-0.08
-0.032
0.046
0.08
0.075
0.013
-0.048
-0.089
-0.103
-0.095
-0.082
-0.07
-0.054
-0.017
0.054
0.099
0.1
0.057
0.007
-0.031
-0.045
-0.045
-0.035
-0.021
0.0
0.038
0.095
0.102
0.081
0.015
-0.035
-0.072
-0.116
-0.156
-0.173
-0.186
-0.183
-0.146
-0.067
-0.029
-0.031
-0.084
-0.116
-0.116
-0.088
-0.057
-0.038
-0.02
0.001
0.043
0.121
0.177
0.184
0.158
0.128
0.118
0.127
0.141
0.159
0.177
0.198
0.237
0.301
0.323
0.315
0.249
0.179
0.121
0.079
0.046
0.028
0.013
0.003
0.015
0.039
0.041
0.01
-0.055
-0.11
-0.138
-0.148
-0.154
-0.154
-0.145
-0.128
-0.078
0.011
0.05
0.048
-0.005
-0.064
-0.092
-0.101
-0.105
-0.105
-0.098
-0.085
-0.046
0.029
0.057
0.051
-0.011
-0.072
-0.117
-0.138
-0.146
-0.147
-0.14
-0.124
-0.081
-0.001
0.062
0.07
0.04
-0.003
-0.031
-0.04
-0.045
-0.045
-0.041
-0.034
-0.013
0.032
0.038
0.026
-0.024
-0.079
-0.125
-0.141
-0.147
-0.152
-0.145
-0.128
-0.084
-0.02
0.01
-0.019
-0.079
-0.13
-0.158
-0.167
-0.171
-0.169
-0.163
-0.148
-0.098
-0.017
0.019
0.015
-0.041
-0.098
-0.123
-0.132
-0.132
-0.123
-0.11
-0.092
-0.058
0.011
0.071
0.079
0.054
0.019
0.007
0.008
0.02
0.033
0.048
0.058
0.082
0.122
0.123
0.095
0.035
-0.02
-0.054
-0.066
-0.07
-0.069
-0.063
-0.046
-0.004
0.066
0.093
0.088
0.029
-0.02
-0.04
-0.047
-0.047
-0.038
-0.026
-0.009
0.02
0.081
0.109
0.103
0.045
-0.015
-0.048
-0.06
-0.065
-0.063
-0.056
-0.036
0.0
0.068
0.121
0.127
0.104
0.07
0.047
0.039
0.036
0.035
0.039
0.047
0.07
0.108
0.11
0.084
0.025
-0.024
-0.048
-0.056
-0.055
-0.046
-0.032
-0.01
0.029
0.094
0.124
0.12
0.065
0.01
-0.024
-0.036
-0.037
-0.029
-0.017
0.0
0.03
0.084
0.106
0.103
0.059
0.019
-0.003
-0.011
-0.014
-0.012
-0.006
0.01
0.044
0.097
0.117
0.111
0.058
0.013
-0.007
-0.014
-0.014
-0.008
0.0
0.015
0.044
0.099
0.106
0.092
0.039
-0.008
-0.038
-0.048
-0.052
-0.051
-0.047
-0.033
0.001
0.062
0.099
0.072
0.012
-0.035
-0.056
-0.064
-0.066
-0.063
-0.054
-0.028
0.019
0.087
0.123
0.117
0.05
-0.064
-0.16
-0.222
-0.255
-0.267
-0.267
-0.253
-0.214
-0.137
-0.059
-0.014
0.016
0.026
0.02
0.013
0.008
0.006
0.011
0.025
0.065
0.119
0.124
0.094
0.031
-0.019
-0.053
-0.065
-0.069
-0.068
-0.063
-0.05
-0.007
0.068
0.112
0.111
0.063
0.008
-0.022
-0.032
-0.037
-0.038
-0.035
-0.031
-0.017
0.039
0.075
0.074
0.032
-0.013
-0.037
-0.045
-0.046
-0.039
-0.03
-0.017
0.007
0.059
0.098
0.102
0.075
0.041
0.028
0.023
0.018
0.016
0.019
0.028
0.053
0.092
0.095
0.074
0.015
-0.037
-0.054
-0.06
-0.062
-0.061
-0.056
-0.042
-0.011
0.05
0.086
0.085
0.044
-0.001
-0.024
-0.032
-0.025
-0.013
-0.002
0.013
0.04
0.085
0.097
0.088
0.03
-0.022
-0.051
-0.06
-0.065
-0.066
-0.061
-0.052
-0.028
0.027
0.067
0.068
0.033
-0.007
-0.025
-0.03
-0.013
0.003
0.017
0.024
0.02
0.008
-0.024
-0.132
-0.274
-0.419
-0.534
-0.58
-0.576
-0.508
-0.403
-0.304
-0.18
-0.055
0.039
0.076
0.072
0.018
-0.094
-0.189
-0.218
-0.182
-0.11
-0.023
0.07
0.157
0.193
0.187
0.123
0.039
-0.035
-0.07
-0.083
-0.074
-0.046
-0.014
0.027
0.085
0.124
0.127
0.103
0.064
0.038
0.029
0.026
0.028
0.035
0.045
0.065
0.096
0.103
0.088
0.041
0.0
-0.026
-0.034
-0.026
-0.014
-0.002
0.017
0.054
0.109
0.132
0.127
0.078
0.029
0.0
-0.009
-0.013
-0.011
-0.005
0.013
0.048
0.107
0.135
0.132
0.086
0.038
0.021
0.015
0.013
0.015
0.02
0.035
0.071
0.129
0.165
0.165
0.131
0.089
0.067
0.059
0.055
0.054
0.058
0.065
0.087
0.135
0.142
0.132
0.077
0.022
-0.011
-0.023
-0.029
-0.03
-0.026
-0.019
0.001
0.06
0.085
0.082
0.036
-0.013
-0.046
-0.058
-0.062
-0.06
-0.052
-0.042
-0.021
0.026
0.046
0.041
-0.004
-0.047
-0.078
-0.088
-0.088
-0.082
-0.064
-0.038
0.002
0.06
0.095
0.095
0.057
0.016
-0.017
-0.03
-0.036
-0.04
-0.04
-0.032
-0.009
0.027
0.039
0.026
-0.014
-0.053
-0.065
-0.069
-0.072
-0.074
-0.07
-0.06
-0.032
0.023
0.049
0.046
0.0
-0.048
-0.074
-0.083
-0.084
-0.079
-0.07
-0.059
-0.04
0.005
0.028
0.026
-0.013
-0.053
-0.074
-0.081
-0.081
-0.074
-0.063
-0.05
-0.032
0.012
0.036
0.045
0.033
0.0
-0.021
-0.028
-0.032
-0.032
-0.029
-0.021
0.0
0.035
0.037
0.014
-0.034
-0.076
-0.084
-0.084
-0.085
-0.084
-0.081
-0.07
-0.043
0.011
0.036
0.032
-0.018
-0.065
-0.096
-0.106
-0.106
-0.094
-0.077
-0.054
-0.019
0.033
0.06
0.057
0.016
-0.025
-0.05
-0.059
-0.063
-0.063
-0.059
-0.051
-0.027
0.017
0.049
0.06
0.046
0.036
0.031
0.027
0.023
0.021
0.018
0.016
0.015
0.013
0.009
-0.004
-0.049
-0.091
-0.109
-0.115
-0.103
-0.087
-0.073
-0.064
-0.041
0.003
0.025
0.024
-0.007
-0.033
-0.042
-0.041
-0.032
-0.007
0.022
0.055
0.1
0.148
0.149
0.108
0.002
-0.132
-0.272
-0.392
-0.467
-0.476
-0.445
-0.333
-0.186
-0.051
0.04
0.061
0.058
0.02
-0.035
-0.059
-0.067
-0.052
-0.008
0.044
0.096
0.144
0.16
0.153
0.104
0.043
-0.012
-0.04
-0.05
-0.042
-0.028
-0.009
0.029
0.085
0.119
0.121
0.096
0.056
0.014
0.006
0.006
0.005
0.006
0.012
0.029
0.074
0.107
0.109
0.086
0.056
0.029
0.02
0.017
0.02
0.026
0.035
0.053
0.093
0.123
0.125
0.103
0.08
0.073
0.068
0.067
0.068
0.073
0.081
0.104
0.141
0.154
0.141
0.1
0.063
0.05
0.05
0.059
0.07
0.082
0.09
0.112
0.154
0.176
0.173
0.133
0.089
0.063
0.054
0.049
0.048
0.051
0.057
0.075
0.106
0.117
0.103
0.06
0.013
0.001
0.0
-0.002
-0.003
-0.002
0.004
0.022
0.065
0.097
0.098
0.072
0.032
0.011
-0.001
-0.009
-0.014
-0.014
-0.007
0.002
0.015
0.03
0.016
0.004
-0.005
-0.011
-0.014
-0.015
-0.016
-0.018
-0.02
0.001
0.03
0.051
0.038
-0.001
-0.055
-0.084
-0.093
-0.084
-0.074
-0.066
-0.056
-0.045
-0.011
0.009
0.017
0.002
-0.025
-0.045
-0.054
-0.061
-0.061
-0.05
-0.034
-0.012
0.025
0.05
0.059
0.044
0.026
0.009
-0.001
-0.008
-0.015
-0.019
-0.019
-0.017
-0.013
-0.005
-0.009
-0.038
-0.051
-0.056
-0.06
-0.049
-0.037
-0.028
-0.017
-0.002
0.016
0.033
0.024
-0.006
-0.045
-0.074
-0.084
-0.089
-0.09
-0.087
-0.08
-0.06
-0.032
-0.023
-0.035
-0.072
-0.106
-0.117
-0.122
-0.122
-0.116
-0.106
-0.09
-0.062
-0.01
0.022
0.022
-0.009
-0.043
-0.054
-0.06
-0.062
-0.061
-0.056
-0.049
-0.026
-0.001
0.006
-0.008
-0.052
-0.105
-0.118
-0.121
-0.124
-0.122
-0.112
-0.097
-0.067
-0.029
-0.008
-0.02
-0.04
-0.064
-0.081
-0.092
-0.096
-0.093
-0.084
-0.071
-0.048
-0.019
-0.015
-0.039
-0.09
-0.121
-0.131
-0.135
-0.135
-0.13
-0.121
-0.109
-0.085
-0.035
-0.003
0.007
-0.008
-0.021
-0.029
-0.036
-0.044
-0.053
-0.063
-0.084
-0.111
-0.144
-0.189
-0.251
-0.311
-0.347
-0.358
-0.35
-0.324
-0.285
-0.243
-0.195
-0.131
-0.061
-0.031
-0.031
-0.066
-0.111
-0.145
-0.157
-0.162
-0.159
-0.15
-0.137
-0.114
-0.064
-0.032
-0.02
-0.02
-0.029
-0.036
-0.042
-0.047
-0.047
-0.041
-0.032
-0.017
0.005
0.024
0.035
0.023
0.001
-0.016
-0.026
-0.032
-0.035
-0.032
-0.023
0.001
0.03
0.039
0.023
-0.002
-0.019
-0.024
-0.027
-0.029
-0.03
-0.027
-0.02
-0.008
0.026
0.074
0.091
0.092
0.086
0.083
0.081
0.078
0.075
0.072
0.071
0.069
0.066
0.062
0.058
0.057
0.062
0.069
0.079
0.1
0.115
0.123
0.128
0.131
0.132
0.132
0.129
0.124
0.108
-0.031
-0.347
-0.898
-1.66
-2.516
-3.259
-3.614
-3.379
-2.555
-1.401
-0.309
0.335
0.483
0.298
0.069
-0.031
0.003
0.132
0.243
0.261
0.245
0.193
0.158
0.12
0.067
0.027
0.012
0.023
0.041
0.062
0.1
0.134
0.146
0.133
0.111
0.091
0.08
0.074
0.07
0.07
0.075
0.083
0.096
0.119
0.148
0.15
0.111
0.019
-0.063
-0.124
-0.155
-0.167
-0.167
-0.157
-0.129
-0.091
-0.051
-0.027
0.017
0.031
0.034
0.036
0.038
0.041
0.043
0.047
0.062
0.094
0.104
0.089
0.063
0.035
0.02
0.011
0.004
0.004
0.008
0.015
0.035
0.068
0.079
0.07
0.04
0.004
-0.007
-0.01
-0.013
-0.014
-0.011
-0.003
0.018
0.058
0.071
0.076
0.058
0.034
0.014
0.003
-0.004
-0.012
-0.015
-0.009
0.006
0.025
0.044
0.03
0.006
-0.016
-0.028
-0.036
-0.041
-0.042
-0.038
-0.029
-0.019
-0.007
0.007
0.006
-0.013
-0.028
-0.038
-0.048
-0.059
-0.068
-0.083
-0.138
-0.196
-0.224
-0.247
-0.273
-0.294
-0.308
-0.308
-0.291
-0.247
-0.175
-0.082
-0.005
0.04
0.063
0.085
0.081
0.044
0.017
0.004
-0.003
-0.009
-0.013
-0.013
-0.006
0.004
0.017
0.033
0.057
0.06
0.05
0.041
0.033
0.029
0.036
0.051
0.074
0.102
0.12
0.132
0.131
0.119
0.086
0.043
-0.015
-0.083
-0.153
-0.208
-0.228
-0.228
-0.212
-0.189
-0.157
-0.124
-0.09
-0.057
-0.017
0.002
0.009
0.016
0.022
0.027
0.031
0.033
0.036
0.038
0.039
0.041
0.043
0.044
0.044
0.044
0.045
0.045
0.045
0.045
0.046
0.046
0.047
0.047
0.047
0.048
0.048
0.048
0.048
0.048
0.048
0.048
0.049
0.049
0.05
0.051
0.051
0.051
0.051
0.052
0.053
0.053
0.055
0.056
0.057
0.058
0.06
0.062
0.065
0.067
0.069
0.07
0.071
0.073
0.075
0.079
0.085
0.089
0.09
0.09
0.089
0.089
0.089
0.089
0.09
0.09
0.09
0.089
0.089
0.088
0.086
0.084
0.082
0.079
0.077
0.075
0.072
0.068
0.065
0.061
0.058
0.054
0.049
0.043
0.037
0.032
0.028
0.024
0.022
0.02
0.018
0.017
0.016
0.015
0.014
0.013
0.011
0.009
0.007
0.005
0.004
0.002
0.001
0.0
0.0
0.0
-0.001
-0.001
-0.001
0.0
0.0
0.0
0.0
0.0
-0.001
-0.001
0.0
0.0
0.0
-0.001
-0.001
-0.002
-0.002
-0.002
-0.002
0.0
0.0
0.001
0.003
0.004
0.005
0.006
0.008
0.009
0.01
0.01
0.009
0.009
0.01
0.012
0.014
0.015
0.015
0.013
0.011
0.009
0.007
0.006
0.005
0.004
0.002
0.002
0.002
0.002
0.002
0.001
0.0
0.0
0.0
0.0
0.0
0.0
-0.001
-0.002
-0.002
-0.001
-0.001
0.0
0.0
0.0
0.0
-0.001
-0.004
-0.007
-0.009
-0.007
-0.003
0.001
0.006
0.011
0.015
0.018
0.016
0.011
0.006
0.003
0.0
-0.002
-0.005
-0.007
-0.008
-0.007
-0.006
-0.004
-0.001
0.002
0.004
0.005
0.006
0.007
0.009
0.011
0.014
0.016
0.018
0.019
0.02
0.021
0.022
0.022
0.022
0.021
0.021
0.02
0.02
0.02
0.02
0.021
0.021
0.022
0.023
0.023
0.024
0.023
0.022
0.022
0.021
0.02
0.019
0.017
0.016
0.016
0.017
0.019
0.021
0.022
0.024
0.025
0.027
0.03
0.032
0.035
0.038
0.044
0.058
0.068
0.063
0.051
0.032
0.005
-0.037
-0.083
-0.131
-0.181
-0.198
-0.205
-0.21
-0.193
-0.164
-0.133
-0.105
-0.074
-0.041
-0.009
0.011
0.024
0.033
0.04
0.044
0.045
0.046
0.047
0.047
0.047
0.047
0.048
0.049
0.049
0.051
0.052
0.054
0.055
0.056
0.057
0.058
0.059
0.06
0.06
0.061
0.061
0.061
0.062
0.062
0.064
0.065
0.067
0.068
0.07
0.072
0.074
0.075
0.076
0.077
0.077
0.078
0.078
0.079
0.08
0.081
0.084
0.087
0.093
0.099
0.102
0.102
0.099
0.096
0.093
0.089
0.086
0.086
0.093
0.1
0.104
0.107
0.11
0.112
0.114
0.116
0.118
0.12
0.121
0.122
0.122
0.122
0.121
0.119
0.117
0.115
0.113
0.11
0.107
0.104
0.101
0.099
0.095
0.091
0.086
0.08
0.072
0.064
0.056
0.05
0.044
0.038
0.032
0.028
0.025
0.024
0.024
0.023
0.023
0.022
0.021
0.021
0.021
0.021
0.021
0.021
0.021
0.021
0.021
0.021
0.022
0.022
0.023
0.023
0.024
0.025
0.025
0.025
0.024
0.023
0.023
0.022
0.021
0.02
0.02
0.02
0.02
0.02
0.019
0.019
0.019
0.019
0.019
0.018
0.017
0.016
0.015
0.015
0.015
0.016
0.016
0.016
0.016
0.016
0.016
0.016
0.015
0.015
0.013
0.012
0.011
0.011
0.011
0.011
0.011
0.011
0.011
0.011
0.012
0.013
0.012
0.011
0.009
0.008
0.008
0.009
0.009
0.009
0.008
0.007
0.008
0.009
0.009
0.01
0.009
0.008
0.008
0.008
0.008
0.009
0.008
0.008
0.008
0.008
0.008
0.008
0.007
0.006
0.004
0.003
0.003
0.002
0.001
0.0
-0.001
-0.002
-0.003
-0.003
-0.004
-0.005
-0.007
-0.008
-0.009
-0.011
-0.012
-0.014
-0.016
-0.018
-0.019
-0.019
-0.019
-0.018
-0.017
-0.016
-0.013
-0.011
-0.007
-0.004
-0.002
0.0
0.002
0.004
0.007
0.01
0.013
0.014
0.015
0.014
0.011
0.007
0.003
-0.001
-0.006
-0.01
-0.015
-0.02
-0.025
-0.029
-0.032
-0.032
-0.03
-0.027
-0.024
-0.019
-0.015
-0.01
-0.004
0.001
0.007
0.013
0.018
0.023
0.031
0.041
0.041
0.025
-0.016
-0.066
-0.122
-0.183
-0.243
-0.284
-0.299
-0.3
-0.29
-0.261
-0.216
-0.166
-0.117
-0.066
-0.04
-0.031
-0.028
-0.024
-0.021
-0.019
-0.017
-0.016
-0.015
-0.014
-0.013
-0.013
-0.013
-0.013
-0.013
-0.013
-0.012
-0.011
-0.01
-0.008
-0.006
-0.004
-0.003
-0.002
-0.001
-0.001
-0.001
-0.001
-0.001
-0.001
0.0
0.001
0.004
0.007
0.009
0.009
0.007
0.005
0.003
0.001
-0.002
-0.005
-0.007
-0.005
0.001
0.008
0.011
0.014
0.017
0.019
0.021
0.023
0.025
0.027
0.029
0.029
0.029
0.029
0.029
0.029
0.03
0.031
0.032
0.033
0.034
0.035
0.036
0.037
0.037
0.038
0.039
0.04
0.041
0.042
0.046
0.05
0.053
0.053
0.048
0.039
0.03
0.022
0.014
0.005
-0.001
-0.008
-0.014
-0.02
-0.024
-0.026
-0.028
-0.029
-0.03
-0.031
-0.032
-0.032
-0.032
-0.032
-0.032
-0.033
-0.034
-0.035
-0.036
-0.037
-0.038
-0.039
-0.04
-0.04
-0.041
-0.041
-0.041
-0.042
-0.043
-0.044
-0.045
-0.049
-0.053
-0.057
-0.057
-0.053
-0.048
-0.043
-0.041
-0.039
-0.037
-0.035
-0.033
-0.031
-0.029
-0.028
-0.027
-0.026
-0.025
-0.025
-0.025
-0.026
-0.027
-0.028
-0.03
-0.032
-0.034
-0.036
-0.037
-0.039
-0.04
-0.041
-0.042
-0.044
-0.045
-0.047
-0.048
-0.049
-0.05
-0.05
-0.05
-0.051
-0.052
-0.052
-0.053
-0.054
-0.055
-0.056
-0.057
-0.058
-0.058
-0.058
-0.058
-0.057
-0.056
-0.055
-0.055
-0.054
-0.053
-0.052
-0.051
-0.051
-0.05
-0.05
-0.05
-0.05
-0.05
-0.051
-0.051
-0.052
-0.051
-0.051
-0.051
-0.051
-0.051
-0.051
-0.051
-0.05
-0.049
-0.049
-0.049
-0.049
-0.048
-0.047
-0.046
-0.046
-0.046
-0.046
-0.046
-0.045
-0.044
-0.042
-0.04
-0.038
-0.038
-0.037
-0.036
-0.035
-0.034
-0.035
-0.036
-0.036
-0.037
-0.037
-0.035
-0.032
-0.03
-0.029
-0.028
-0.026
-0.024
-0.022
-0.021
-0.021
-0.021
-0.021
-0.021
-0.022
-0.023
-0.025
-0.028
-0.031
-0.033
-0.035
-0.037
-0.039
-0.041
-0.042
-0.042
-0.039
-0.035
-0.03
-0.023
-0.008
0.012
0.025
0.035
0.035
0.025
-0.001
-0.046
-0.095
-0.145
-0.194
-0.239
-0.259
-0.271
-0.279
-0.269
-0.241
-0.198
-0.15
-0.12
-0.094
-0.075
-0.061
-0.042
-0.019
-0.01
-0.007
-0.004
-0.001
0.0
0.002
0.003
0.004
0.005
0.006
0.007
0.008
0.007
0.005
0.004
0.003
0.003
0.003
0.002
0.002
0.002
0.004
0.006
0.008
0.009
0.009
0.01
0.01
0.01
0.011
0.012
0.012
0.012
0.012
0.013
0.015
0.018
0.02
0.021
0.023
0.025
0.028
0.03
0.033
0.034
0.036
0.037
0.039
0.041
0.043
0.045
0.046
0.048
0.049
0.05
0.052
0.053
0.055
0.057
0.059
0.061
0.064
0.066
0.068
0.069
0.07
0.07
0.068
0.066
0.063
0.06
0.058
0.055
0.053
0.051
0.049
0.046
0.044
0.042
0.038
0.033
0.027
0.021
0.015
0.01
0.005
0.0
-0.005
-0.01
-0.015
-0.019
-0.021
-0.023
-0.023
-0.024
-0.026
-0.028
-0.03
-0.032
-0.033
-0.033
-0.031
-0.028
-0.025
-0.022
-0.021
-0.019
-0.017
-0.015
-0.013
-0.012
-0.011
-0.01
-0.009
-0.007
-0.006
-0.005
-0.005
-0.006
-0.007
-0.007
-0.008
-0.009
-0.011
-0.012
-0.014
-0.014
-0.015
-0.015
-0.015
-0.016
-0.016
-0.017
-0.017
-0.018
-0.02
-0.023
-0.025
-0.026
-0.027
-0.026
-0.025
-0.023
-0.022
-0.021
-0.019
-0.017
-0.015
-0.012
-0.011
-0.01
-0.011
-0.012
-0.013
-0.014
-0.015
-0.018
-0.021
-0.023
-0.025
-0.026
-0.026
-0.025
-0.024
-0.023
-0.021
-0.018
-0.016
-0.015
-0.015
-0.016
-0.016
-0.017
-0.019
-0.02
-0.021
-0.023
-0.024
-0.025
-0.025
-0.025
-0.025
-0.024
-0.023
-0.022
-0.022
-0.02
-0.019
-0.018
-0.018
-0.017
-0.017
-0.016
-0.016
-0.016
-0.015
-0.014
-0.014
-0.013
-0.012
-0.01
-0.008
-0.007
-0.006
-0.004
-0.003
-0.002
-0.001
0.0
0.0
0.0
0.0
0.0
-0.001
-0.001
-0.002
-0.003
-0.004
-0.005
-0.007
-0.008
-0.009
-0.011
-0.014
-0.017
-0.019
-0.022
-0.026
-0.03
-0.033
-0.036
-0.036
-0.035
-0.031
-0.024
-0.016
-0.001
0.024
0.042
0.055
0.055
0.042
0.023
-0.003
-0.053
-0.107
-0.162
-0.215
-0.239
-0.255
-0.265
-0.254
-0.221
-0.176
-0.146
-0.114
-0.081
-0.053
-0.033
-0.017
-0.004
0.005
0.014
0.022
0.028
0.032
0.035
0.037
0.04
0.042
0.043
0.044
0.044
0.043
0.042
0.041
0.039
0.037
0.034
0.032
0.03
0.028
0.026
0.022
0.018
0.015
0.014
0.017
0.024
0.032
0.039
0.044
0.05
0.056
0.063
0.068
0.07
0.069
0.068
0.067
0.066
0.064
0.063
0.061
0.059
0.057
0.057
0.059
0.064
0.069
0.074
0.077
0.079
0.082
0.085
0.088
0.09
0.092
0.093
0.095
0.096
0.098
0.099
0.099
0.1
0.1
0.1
0.099
0.099
0.098
0.096
0.094
0.091
0.089
0.086
0.083
0.079
0.076
0.073
0.07
0.066
0.062
0.056
0.049
0.041
0.036
0.032
0.028
0.025
0.022
0.02
0.019
0.017
0.014
0.012
0.01
0.009
0.007
0.006
0.004
0.002
0.0
-0.001
-0.002
-0.003
-0.005
-0.007
-0.009
-0.011
-0.012
-0.012
-0.013
-0.012
-0.012
-0.01
-0.008
-0.005
-0.003
-0.001
0.0
0.001
0.002
0.004
0.006
0.007
0.008
0.009
0.009
0.009
0.009
0.008
0.006
0.004
0.003
0.002
0.002
0.001
0.001
0.001
0.002
0.002
0.003
0.003
0.002
0.002
0.001
0.0
0.0
0.0
0.0
-0.001
-0.002
-0.003
-0.004
-0.007
-0.01
-0.012
-0.013
-0.013
-0.012
-0.012
-0.013
-0.014
-0.015
-0.015
-0.015
-0.015
-0.014
-0.013
-0.013
-0.014
-0.015
-0.015
-0.016
-0.016
-0.016
-0.016
-0.016
-0.017
-0.016
-0.016
-0.015
-0.014
-0.014
-0.014
-0.014
-0.015
-0.015
-0.016
-0.016
-0.017
-0.017
-0.017
-0.017
-0.016
-0.016
-0.016
-0.017
-0.018
-0.019
-0.019
-0.02
-0.021
-0.022
-0.024
-0.024
-0.024
-0.022
-0.019
-0.016
-0.013
-0.01
-0.007
-0.003
0.0
0.003
0.006
0.009
0.013
0.017
0.02
0.021
0.019
0.015
0.009
0.003
-0.002
-0.007
-0.012
-0.018
-0.023
-0.028
-0.031
-0.032
-0.032
-0.031
-0.03
-0.029
-0.026
-0.022
-0.018
-0.008
0.012
0.025
0.033
0.037
0.037
0.03
0.015
-0.027
-0.082
-0.142
-0.197
-0.218
-0.227
-0.234
-0.237
-0.23
-0.212
-0.185
-0.147
-0.11
-0.074
-0.047
-0.028
-0.015
-0.002
0.009
0.016
0.021
0.026
0.029
0.029
0.024
0.018
0.013
0.009
0.004
0.001
0.001
0.002
0.005
0.008
0.012
0.016
0.021
0.024
0.025
0.025
0.024
0.024
0.024
0.023
0.022
0.02
0.019
0.018
0.017
0.016
0.016
0.016
0.017
0.02
0.023
0.026
0.03
0.032
0.035
0.036
0.038
0.039
0.041
0.043
0.045
0.048
0.051
0.053
0.056
0.058
0.06
0.062
0.064
0.067
0.069
0.07
0.072
0.074
0.076
0.078
0.079
0.079
0.077
0.074
0.07
0.067
0.064
0.061
0.059
0.058
0.056
0.054
0.052
0.05
0.048
0.045
0.043
0.04
0.038
0.036
0.034
0.032
0.03
0.027
0.022
0.012
0.004
0.0
-0.002
-0.004
-0.005
-0.007
-0.009
-0.011
-0.013
-0.014
-0.015
-0.016
-0.017
-0.017
-0.018
-0.018
-0.017
-0.016
-0.015
-0.015
-0.014
-0.014
-0.014
-0.014
-0.013
-0.012
-0.012
-0.012
-0.012
-0.012
-0.011
-0.01
-0.009
-0.007
-0.007
-0.006
-0.005
-0.004
-0.003
-0.002
-0.002
-0.003
-0.004
-0.005
-0.005
-0.005
-0.003
-0.002
-0.002
-0.001
0.003
0.003
-0.004
-0.008
-0.011
-0.014
-0.017
-0.02
-0.021
-0.021
-0.021
-0.021
-0.021
-0.02
-0.018
-0.016
-0.014
-0.012
-0.011
-0.011
-0.01
-0.009
-0.006
-0.003
-0.001
-0.001
-0.002
-0.002
-0.002
-0.002
-0.001
-0.001
-0.002
-0.003
-0.005
-0.006
-0.007
-0.008
-0.009
-0.009
-0.009
-0.009
-0.008
-0.007
-0.006
-0.006
-0.006
-0.007
-0.009
-0.011
-0.015
-0.018
-0.015
-0.011
-0.01
-0.009
-0.008
-0.006
-0.005
-0.003
-0.002
0.0
0.0
0.001
0.002
0.003
0.003
0.004
0.004
0.005
0.006
0.006
0.007
0.008
0.008
0.009
0.008
0.008
0.007
0.006
0.005
0.004
0.003
0.001
0.0
-0.001
-0.003
-0.005
-0.007
-0.01
-0.013
-0.017
-0.019
-0.02
-0.019
-0.017
-0.013
-0.009
-0.003
0.004
0.016
0.025
0.032
0.038
0.046
0.045
0.026
-0.025
-0.09
-0.15
-0.202
-0.227
-0.242
-0.253
-0.253
-0.239
-0.204
-0.157
-0.108
-0.064
-0.047
-0.033
-0.019
-0.005
0.004
0.008
0.01
0.011
0.013
0.014
0.015
0.016
0.016
0.017
0.018
0.02
0.021
0.022
0.022
0.022
0.022
0.022
0.022
0.022
0.022
0.022
0.022
0.023
0.025
0.028
0.03
0.031
0.031
0.031
0.031
0.032
0.032
0.032
0.032
0.031
0.03
0.029
0.028
0.028
0.029
0.031
0.033
0.035
0.037
0.039
0.041
0.043
0.045
0.047
0.049
0.051
0.056
0.061
0.067
0.072
0.076
0.08
0.085
0.091
0.096
0.099
0.1
0.097
0.093
0.088
0.084
0.08
0.076
0.073
0.069
0.065
0.062
0.06
0.058
0.055
0.052
0.049
0.047
0.046
0.045
0.043
0.041
0.038
0.036
0.033
0.03
0.027
0.022
0.017
0.012
0.009
0.008
0.007
0.005
0.004
0.003
0.001
0.0
-0.001
-0.003
-0.005
-0.007
-0.009
-0.01
-0.01
-0.01
-0.011
-0.012
-0.014
-0.018
-0.022
-0.023
-0.021
-0.017
-0.014
-0.013
-0.012
-0.011
-0.01
-0.009
-0.008
-0.007
-0.006
-0.006
-0.005
-0.005
-0.005
-0.006
-0.006
-0.005
-0.005
-0.004
-0.004
-0.004
-0.004
-0.003
-0.003
-0.003
-0.003
-0.005
-0.006
-0.006
-0.006
-0.005
-0.005
-0.004
-0.004
-0.003
-0.002
-0.001
-0.001
-0.002
-0.003
-0.005
-0.005
-0.005
-0.005
-0.006
-0.006
-0.006
-0.006
-0.005
-0.003
-0.003
-0.003
-0.004
-0.006
-0.006
-0.007
-0.007
-0.007
-0.007
-0.007
-0.006
-0.005
-0.003
-0.002
-0.002
-0.002
-0.002
-0.003
-0.003
-0.003
-0.003
-0.003
-0.001
0.0
0.0
-0.003
-0.008
-0.01
-0.012
-0.015
-0.017
-0.02
-0.022
-0.023
-0.024
-0.024
-0.023
-0.022
-0.019
-0.016
-0.013
-0.009
-0.006
-0.003
0.0
0.001
0.003
0.006
0.009
0.012
0.015
0.017
0.019
0.02
0.019
0.018
0.015
0.012
0.008
0.004
0.001
-0.002
-0.006
-0.009
-0.014
-0.02
-0.024
-0.027
-0.028
-0.027
-0.024
-0.02
-0.014
-0.006
0.01
0.039
0.056
0.068
0.073
0.068
0.055
0.036
0.007
-0.043
-0.099
-0.159
-0.214
-0.253
-0.268
-0.269
-0.26
-0.237
-0.195
-0.149
-0.105
-0.079
-0.054
-0.024
-0.004
0.005
0.012
0.017
0.019
0.021
0.022
0.023
0.024
0.024
0.025
0.026
0.027
0.027
0.026
0.024
0.022
0.019
0.017
0.015
0.011
0.006
0.003
0.007
0.014
0.022
0.025
0.028
0.03
0.031
0.032
0.033
0.035
0.036
0.037
0.037
0.038
0.039
0.04
0.041
0.042
0.043
0.043
0.044
0.045
0.046
0.048
0.05
0.052
0.055
0.057
0.06
0.064
0.066
0.069
0.071
0.073
0.075
0.078
0.081
0.084
0.087
0.09
0.093
0.096
0.099
0.1
0.101
0.1
0.098
0.096
0.093
0.09
0.086
0.082
0.079
0.076
0.074
0.072
0.069
0.066
0.063
0.06
0.056
0.051
0.047
0.043
0.039
0.036
0.033
0.029
0.023
0.012
0.006
0.004
0.002
0.0
-0.001
-0.003
-0.003
-0.001
0.001
0.004
0.008
0.012
0.014
0.013
0.01
0.007
0.005
0.003
0.0
-0.001
-0.004
-0.006
-0.008
-0.009
-0.009
-0.008
-0.006
-0.004
-0.002
0.0
0.002
0.005
0.007
0.009
0.01
0.011
0.013
0.016
0.019
0.021
0.022
0.021
0.019
0.017
0.014
0.012
0.011
0.01
0.008
0.007
0.005
0.004
0.003
0.002
0.001
0.0
0.0
-0.001
-0.001
-0.001
0.0
0.0
0.001
0.003
0.003
0.004
0.006
0.007
0.007
0.006
0.005
0.004
0.003
0.002
0.002
0.003
0.003
0.003
0.006
0.009
0.008
0.006
0.006
0.005
0.004
0.003
0.003
0.003
0.002
0.001
0.0
-0.001
-0.001
-0.002
-0.001
-0.001
0.0
0.0
0.0
0.001
0.003
0.005
0.006
0.006
0.005
0.005
0.006
0.006
0.008
0.009
0.011
0.017
0.022
0.024
0.023
0.021
0.019
0.017
0.015
0.013
0.012
0.012
0.011
0.011
0.012
0.012
0.013
0.014
0.014
0.008
0.002
-0.002
-0.005
-0.009
-0.012
-0.014
-0.016
-0.017
-0.016
-0.014
-0.01
-0.005
0.0
0.006
0.015
0.029
0.036
0.03
0.017
-0.002
-0.03
-0.073
-0.119
-0.168
-0.214
-0.254
-0.269
-0.268
-0.252
-0.229
-0.196
-0.162
-0.128
-0.095
-0.063
-0.034
-0.005
0.004
0.007
0.01
0.012
0.014
0.015
0.016
0.018
0.02
0.021
0.022
0.022
0.022
0.021
0.021
0.02
0.019
0.018
0.017
0.016
0.017
0.018
0.019
0.02
0.021
0.022
0.023
0.024
0.025
0.025
0.026
0.026
0.027
0.029
0.031
0.033
0.034
0.036
0.037
0.038
0.04
0.041
0.042
0.042
0.043
0.044
0.046
0.048
0.049
0.05
0.052
0.053
0.055
0.056
0.057
0.058
0.058
0.058
0.059
0.06
0.061
0.062
0.062
0.061
0.061
0.061
0.061
0.06
0.059
0.056
0.053
0.051
0.049
0.048
0.046
0.044
0.041
0.039
0.037
0.035
0.033
0.029
0.025
0.019
0.015
0.011
0.007
0.004
0.0
-0.003
-0.007
-0.009
-0.011
-0.012
-0.013
-0.014
-0.016
-0.017
-0.018
-0.019
-0.02
-0.021
-0.022
-0.023
-0.024
-0.024
-0.023
-0.022
-0.021
-0.021
-0.02
-0.018
-0.017
-0.016
-0.015
-0.015
-0.014
-0.013
-0.012
-0.012
-0.012
-0.012
-0.012
-0.012
-0.012
-0.012
-0.012
-0.012
-0.012
-0.012
-0.011
-0.01
-0.009
-0.008
-0.008
-0.008
-0.008
-0.008
-0.008
-0.008
-0.008
-0.008
-0.007
-0.006
-0.004
-0.003
-0.002
-0.002
-0.003
-0.004
-0.005
-0.007
-0.009
-0.011
-0.013
-0.014
-0.015
-0.016
-0.016
-0.017
-0.017
-0.017
-0.016
-0.015
-0.014
-0.013
-0.013
-0.012
-0.012
-0.011
-0.011
-0.01
-0.011
-0.011
-0.012
-0.013
-0.013
-0.014
-0.014
-0.015
-0.015
-0.016
-0.016
-0.015
-0.015
-0.016
-0.018
-0.02
-0.021
-0.022
-0.02
-0.018
-0.015
-0.013
-0.012
-0.011
-0.009
-0.007
-0.006
-0.005
-0.004
-0.005
-0.006
-0.007
-0.008
-0.009
-0.011
-0.013
-0.015
-0.018
-0.021
-0.023
-0.026
-0.028
-0.032
-0.035
-0.037
-0.038
-0.037
-0.035
-0.032
-0.027
-0.023
-0.017
-0.009
0.003
0.012
0.017
0.025
0.032
0.022
-0.004
-0.054
-0.124
-0.201
-0.271
-0.316
-0.331
-0.319
-0.286
-0.237
-0.192
-0.165
-0.138
-0.113
-0.092
-0.067
-0.038
-0.016
-0.009
-0.007
-0.006
-0.005
-0.004
-0.004
-0.004
-0.003
-0.002
-0.002
-0.001
-0.001
-0.002
-0.003
-0.004
-0.005
-0.005
-0.006
-0.007
-0.007
-0.007
-0.006
-0.006
-0.005
-0.004
-0.003
-0.002
-0.001
0.0
0.002
0.002
0.003
0.003
0.003
0.004
0.005
0.006
0.006
0.007
0.008
0.009
0.011
0.013
0.014
0.015
0.015
0.016
0.017
0.018
0.019
0.019
0.02
0.021
0.022
0.024
0.025
0.027
0.029
0.03
0.031
0.032
0.033
0.033
0.034
0.034
0.035
0.037
0.038
0.039
0.04
0.041
0.041
0.041
0.041
0.04
0.039
0.036
0.033
0.031
0.028
0.026
0.023
0.021
0.016
0.006
-0.002
-0.011
-0.016
-0.021
-0.025
-0.029
-0.032
-0.034
-0.035
-0.035
-0.035
-0.036
-0.036
-0.037
-0.037
-0.038
-0.038
-0.039
-0.041
-0.041
-0.042
-0.042
-0.041
-0.04
-0.039
-0.038
-0.037
-0.035
-0.033
-0.03
-0.028
-0.026
-0.024
-0.023
-0.022
-0.021
-0.02
-0.019
-0.018
-0.017
-0.017
-0.017
-0.016
-0.016
-0.016
-0.016
-0.016
-0.016
-0.015
-0.014
-0.014
-0.013
-0.013
-0.014
-0.014
-0.014
-0.014
-0.014
-0.014
-0.014
-0.014
-0.013
-0.012
-0.011
-0.011
-0.011
-0.012
-0.012
-0.012
-0.012
-0.013
-0.014
-0.015
-0.016
-0.015
-0.014
-0.013
-0.013
-0.012
-0.012
-0.012
-0.012
-0.012
-0.013
-0.015
-0.017
-0.019
-0.02
-0.021
-0.022
-0.024
-0.025
-0.026
-0.027
-0.027
-0.03
-0.034
-0.038
-0.041
-0.041
-0.039
-0.035
-0.031
-0.028
-0.027
-0.026
-0.025
-0.023
-0.021
-0.019
-0.017
-0.016
-0.014
-0.013
-0.012
-0.01
-0.01
-0.009
-0.009
-0.01
-0.01
-0.011
-0.011
-0.012
-0.014
-0.015
-0.016
-0.017
-0.017
-0.018
-0.019
-0.02
-0.021
-0.022
-0.023
-0.024
-0.025
-0.026
-0.028
-0.029
-0.031
-0.034
-0.039
-0.041
-0.038
-0.031
-0.021
-0.004
0.025
0.045
0.06
0.066
0.061
0.046
0.004
-0.064
-0.15
-0.241
-0.32
-0.349
-0.359
-0.338
-0.276
-0.204
-0.139
-0.098
-0.088
-0.079
-0.069
-0.057
-0.034
-0.002
0.018
0.031
0.03
0.015
0.005
-0.001
-0.007
-0.011
-0.014
-0.016
-0.017
-0.018
-0.019
-0.02
-0.02
-0.022
-0.024
-0.025
-0.022
-0.014
-0.006
-0.003
-0.001
0.0
0.001
0.003
0.004
0.006
0.007
0.008
0.008
0.008
0.008
0.007
0.007
0.006
0.006
0.006
0.007
0.008
0.009
0.011
0.013
0.015
0.018
0.02
0.022
0.024
0.025
0.027
0.029
0.031
0.034
0.037
0.041
0.044
0.047
0.051
0.054
0.056
0.057
0.057
0.056
0.054
0.052
0.05
0.049
0.047
0.045
0.043
0.043
0.043
0.043
0.042
0.041
0.039
0.037
0.035
0.033
0.03
0.026
0.021
0.015
0.009
0.003
-0.003
-0.013
-0.019
-0.022
-0.023
-0.024
-0.025
-0.025
-0.026
-0.027
-0.028
-0.029
-0.029
-0.028
-0.028
-0.027
-0.027
-0.027
-0.027
-0.027
-0.026
-0.025
-0.024
-0.023
-0.023
-0.023
-0.022
-0.022
-0.022
-0.022
-0.022
-0.022
-0.022
-0.021
-0.018
-0.016
-0.021
-0.029
-0.033
-0.036
-0.039
-0.041
-0.042
-0.043
-0.042
-0.04
-0.037
-0.033
-0.03
-0.027
-0.024
-0.021
-0.019
-0.017
-0.015
-0.014
-0.013
-0.014
-0.015
-0.016
-0.018
-0.02
-0.021
-0.023
-0.026
-0.029
-0.032
-0.033
-0.033
-0.032
-0.029
-0.026
-0.022
-0.015
-0.012
-0.017
-0.027
-0.033
-0.037
-0.042
-0.046
-0.049
-0.049
-0.047
-0.044
-0.041
-0.038
-0.036
-0.035
-0.034
-0.032
-0.029
-0.026
-0.024
-0.023
-0.022
-0.021
-0.02
-0.019
-0.019
-0.02
-0.021
-0.022
-0.022
-0.022
-0.021
-0.021
-0.021
-0.021
-0.022
-0.022
-0.022
-0.022
-0.023
-0.025
-0.017
-0.012
-0.009
-0.006
-0.003
-0.002
-0.001
0.0
0.0
0.001
0.002
0.003
0.003
0.003
0.003
0.006
0.01
-0.002
-0.014
-0.022
-0.029
-0.033
-0.035
-0.036
-0.036
-0.038
-0.04
-0.03
-0.021
-0.016
-0.012
-0.008
-0.004
0.0
0.005
0.017
0.033
0.042
0.049
0.048
0.032
-0.008
-0.082
-0.173
-0.259
-0.316
-0.334
-0.324
-0.297
-0.254
-0.209
-0.161
-0.115
-0.078
-0.044
-0.022
-0.012
-0.008
-0.005
-0.003
-0.001
0.0
0.0
0.002
0.003
0.005
0.007
0.009
0.011
0.012
0.012
0.013
0.014
0.015
0.018
0.021
0.026
0.029
0.029
0.026
0.022
0.019
0.016
0.013
0.01
0.006
0.004
0.004
0.006
0.009
0.012
0.016
0.019
0.022
0.026
0.03
0.034
0.039
0.043
0.045
0.047
0.048
0.05
0.051
0.052
0.053
0.054
0.055
0.056
0.058
0.059
0.06
0.061
0.062
0.062
0.062
0.063
0.064
0.066
0.067
0.068
0.07
0.073
0.078
0.081
0.081
0.079
0.074
0.069
0.064
0.058
0.052
0.047
0.041
0.037
0.034
0.032
0.03
0.029
0.027
0.025
0.023
0.02
0.017
0.015
0.012
0.01
0.006
0.002
-0.001
-0.005
-0.008
-0.011
-0.013
-0.015
-0.016
-0.018
-0.019
-0.022
-0.025
-0.027
-0.028
-0.027
-0.025
-0.023
-0.022
-0.021
-0.02
-0.018
-0.017
-0.015
-0.014
-0.014
-0.014
-0.013
-0.013
-0.013
-0.014
-0.015
-0.016
-0.017
-0.017
-0.017
-0.017
-0.019
-0.018
-0.01
-0.005
0.0
0.002
0.004
0.004
0.001
-0.002
-0.006
-0.009
-0.011
-0.014
-0.017
-0.019
-0.021
-0.022
-0.022
-0.023
-0.024
-0.024
-0.024
-0.024
-0.024
-0.023
-0.023
-0.023
-0.022
-0.022
-0.021
-0.02
-0.019
-0.019
-0.018
-0.018
-0.017
-0.017
-0.018
-0.021
-0.023
-0.026
-0.029
-0.031
-0.033
-0.036
-0.039
-0.041
-0.041
-0.039
-0.036
-0.033
-0.029
-0.025
-0.022
-0.019
-0.016
-0.013
-0.011
-0.009
-0.01
-0.011
-0.012
-0.015
-0.017
-0.02
-0.024
-0.028
-0.032
-0.035
-0.034
-0.03
-0.025
-0.019
-0.014
-0.007
-0.001
0.002
0.004
0.005
0.006
0.006
0.007
0.008
0.01
0.01
0.01
0.01
0.01
0.01
0.009
0.008
0.007
0.004
0.001
0.0
-0.003
-0.005
-0.007
-0.011
-0.014
-0.017
-0.02
-0.021
-0.023
-0.026
-0.03
-0.033
-0.029
-0.019
-0.004
0.017
0.038
0.056
0.067
0.075
0.062
0.021
-0.038
-0.111
-0.187
-0.255
-0.308
-0.327
-0.334
-0.319
-0.271
-0.218
-0.164
-0.106
-0.047
0.002
0.016
0.019
0.021
0.023
0.025
0.027
0.03
0.034
0.039
0.026
0.016
0.008
0.002
0.0
0.001
0.006
0.011
0.013
0.014
0.015
0.015
0.015
0.016
0.017
0.018
0.019
0.02
0.021
0.022
0.023
0.024
0.024
0.024
0.024
0.024
0.024
0.024
0.025
0.026
0.027
0.029
0.03
0.032
0.035
0.038
0.042
0.046
0.05
0.054
0.058
0.063
0.065
0.065
0.064
0.061
0.059
0.057
0.054
0.052
0.05
0.051
0.053
0.057
0.06
0.063
0.066
0.07
0.074
0.076
0.075
0.071
0.066
0.062
0.057
0.05
0.045
0.044
0.044
0.045
0.046
0.048
0.049
0.05
0.05
0.049
0.046
0.043
0.039
0.033
0.023
0.016
0.009
0.003
-0.003
-0.013
-0.021
-0.03
-0.034
-0.031
-0.026
-0.023
-0.021
-0.019
-0.017
-0.015
-0.015
-0.014
-0.014
-0.014
-0.014
-0.014
-0.015
-0.016
-0.018
-0.02
-0.021
-0.022
-0.025
-0.028
-0.029
-0.025
-0.019
-0.013
-0.006
-0.002
0.0
0.0
0.0
0.002
0.001
-0.003
-0.006
-0.008
-0.01
-0.011
-0.012
-0.013
-0.013
-0.013
-0.014
-0.014
-0.014
-0.014
-0.014
-0.014
-0.014
-0.014
-0.014
-0.014
-0.014
-0.013
-0.012
-0.012
-0.012
-0.012
-0.012
-0.013
-0.013
-0.013
-0.014
-0.014
-0.014
-0.014
-0.014
-0.014
-0.015
-0.016
-0.017
-0.017
-0.016
-0.014
-0.013
-0.013
-0.012
-0.01
-0.009
-0.008
-0.007
-0.008
-0.01
-0.013
-0.015
-0.018
-0.025
-0.025
-0.018
-0.013
-0.009
-0.006
-0.003
-0.001
0.0
0.001
0.003
0.006
0.005
-0.003
-0.008
-0.012
-0.015
-0.018
-0.019
-0.019
-0.018
-0.016
-0.013
-0.01
-0.007
-0.005
-0.002
0.001
0.004
0.006
0.006
0.005
0.003
0.001
-0.001
-0.005
-0.008
-0.014
-0.019
-0.023
-0.025
-0.027
-0.029
-0.032
-0.034
-0.036
-0.036
-0.034
-0.03
-0.026
-0.021
-0.012
-0.004
0.006
0.023
0.044
0.06
0.073
0.08
0.071
0.045
-0.009
-0.084
-0.175
-0.269
-0.344
-0.38
-0.382
-0.357
-0.297
-0.223
-0.153
-0.1
-0.071
-0.058
-0.04
-0.016
0.013
0.025
0.035
0.035
0.017
-0.01
-0.022
-0.029
-0.034
-0.023
-0.008
0.004
0.008
0.011
0.013
0.015
0.014
0.012
0.01
0.008
0.007
0.009
0.01
0.011
0.012
0.013
0.012
0.01
0.008
0.007
0.005
0.002
0.003
0.009
0.012
0.013
0.015
0.016
0.017
0.018
0.019
0.02
0.022
0.024
0.025
0.026
0.028
0.03
0.032
0.034
0.037
0.04
0.044
0.048
0.052
0.055
0.058
0.06
0.063
0.066
0.069
0.072
0.072
0.071
0.068
0.065
0.06
0.05
0.038
0.034
0.03
0.027
0.026
0.027
0.03
0.033
0.036
0.038
0.041
0.044
0.047
0.047
0.045
0.04
0.034
0.027
0.016
0.005
-0.003
-0.011
-0.017
-0.02
-0.023
-0.024
-0.024
-0.025
-0.026
-0.026
-0.027
-0.027
-0.027
-0.027
-0.027
-0.026
-0.025
-0.024
-0.022
-0.02
-0.018
-0.021
-0.028
-0.033
-0.038
-0.042
-0.045
-0.046
-0.043
-0.04
-0.037
-0.035
-0.033
-0.03
-0.028
-0.025
-0.023
-0.021
-0.02
-0.019
-0.018
-0.018
-0.017
-0.017
-0.017
-0.017
-0.017
-0.017
-0.016
-0.014
-0.013
-0.013
-0.014
-0.016
-0.018
-0.02
-0.023
-0.025
-0.028
-0.032
-0.036
-0.038
-0.039
-0.037
-0.034
-0.031
-0.029
-0.026
-0.022
-0.018
-0.015
-0.014
-0.017
-0.02
-0.024
-0.028
-0.03
-0.033
-0.038
-0.041
-0.043
-0.041
-0.037
-0.032
-0.026
-0.021
-0.012
-0.005
-0.004
-0.007
-0.011
-0.015
-0.019
-0.023
-0.027
-0.031
-0.036
-0.043
-0.046
-0.041
-0.033
-0.027
-0.023
-0.019
-0.016
-0.014
-0.012
-0.009
-0.007
-0.005
-0.004
-0.002
0.0
0.001
0.003
0.003
0.004
0.004
0.003
0.003
0.001
0.0
-0.003
-0.006
-0.009
-0.012
-0.017
-0.026
-0.029
-0.029
-0.03
-0.03
-0.029
-0.03
-0.03
-0.029
-0.026
-0.022
-0.017
-0.007
0.004
0.023
0.04
0.052
0.051
0.028
-0.027
-0.105
-0.195
-0.278
-0.34
-0.357
-0.352
-0.308
-0.249
-0.193
-0.15
-0.121
-0.098
-0.07
-0.05
-0.042
-0.038
-0.034
-0.029
-0.023
-0.016
-0.008
0.0
0.006
0.01
0.012
0.012
0.012
0.012
0.013
0.013
0.014
0.015
0.015
0.016
0.016
0.016
0.016
0.016
0.016
0.016
0.015
0.015
0.014
0.014
0.015
0.016
0.017
0.017
0.018
0.02
0.021
0.023
0.024
0.025
0.025
0.025
0.027
0.029
0.032
0.034
0.036
0.038
0.041
0.044
0.048
0.052
0.056
0.062
0.072
0.073
0.067
0.062
0.056
0.056
0.06
0.063
0.064
0.066
0.068
0.069
0.07
0.07
0.069
0.068
0.066
0.064
0.062
0.061
0.059
0.057
0.054
0.052
0.049
0.046
0.042
0.038
0.033
0.028
0.024
0.019
0.014
0.01
0.006
0.001
-0.002
-0.005
-0.008
-0.01
-0.013
-0.016
-0.018
-0.02
-0.021
-0.022
-0.024
-0.025
-0.028
-0.029
-0.03
-0.031
-0.032
-0.032
-0.033
-0.033
-0.031
-0.029
-0.027
-0.024
-0.023
-0.021
-0.019
-0.017
-0.016
-0.014
-0.013
-0.013
-0.011
-0.009
-0.007
-0.005
-0.004
-0.003
-0.004
-0.005
-0.006
-0.007
-0.009
-0.011
-0.013
-0.015
-0.017
-0.017
-0.017
-0.018
-0.02
-0.022
-0.024
-0.025
-0.025
-0.024
-0.023
-0.022
-0.022
-0.022
-0.021
-0.02
-0.018
-0.017
-0.017
-0.017
-0.017
-0.017
-0.017
-0.018
-0.019
-0.021
-0.023
-0.025
-0.025
-0.024
-0.021
-0.018
-0.016
-0.013
-0.01
-0.01
-0.012
-0.016
-0.018
-0.021
-0.025
-0.028
-0.03
-0.031
-0.03
-0.029
-0.029
-0.028
-0.027
-0.026
-0.023
-0.02
-0.017
-0.014
-0.012
-0.009
-0.006
-0.002
0.003
0.012
0.02
0.029
0.034
0.029
0.017
0.008
-0.002
-0.01
-0.015
-0.019
-0.024
-0.031
-0.035
-0.032
-0.024
-0.02
-0.017
-0.013
-0.01
-0.007
-0.004
-0.001
0.002
0.005
0.009
0.013
0.017
0.023
0.033
0.039
0.034
0.021
-0.012
-0.074
-0.151
-0.227
-0.285
-0.304
-0.297
-0.278
-0.231
-0.187
-0.149
-0.114
-0.096
-0.081
-0.065
-0.037
0.001
0.033
0.045
0.049
0.045
0.034
0.017
0.002
-0.002
-0.005
-0.008
-0.009
-0.009
-0.006
-0.001
0.002
0.004
0.006
0.009
0.011
0.015
0.018
0.02
0.022
0.023
0.024
0.024
0.024
0.025
0.026
0.027
0.028
0.03
0.032
0.035
0.037
0.04
0.042
0.044
0.045
0.046
0.047
0.048
0.049
0.05
0.051
0.052
0.054
0.055
0.057
0.057
0.056
0.054
0.051
0.048
0.043
0.038
0.033
0.026
