0,1,2,3,4,5,6,7,8,9,10,11,12,13,14,15,16,17,18,19,20,21,22,23,24,25,26,27,28,29,30,31,32,33,34,35,36,37,38,39,40,41,42,43,44,45,46,47,48,49,50,51,52,53,54,55,56,57,58,59,60,61,62,63,64,65,66,67,68,69,70,71,72,73,74,75,76,77,78,79,80,81,82,83,84,85,86,87,88,89,90,91,92,93,94,95,96,97,98,99,100,101,102,103,104,105,106,107,108,109,110,111,112,113,114,115,116,117,118,119,120,121,122,123,124,125,126,127,128,129,130,131,132,133,134,135,136,137,138,139,140,141,142,143,144,145,146,147,148,149,150,151,152,153,154,155,156,157,158,159,160,161,162,163,164,165,166,167,168,169,170,171,172,173,174,175,176,177,178,179,180,181,182,183,184,185,186,187,188,189,190,191,192,193,194,195,196,197,198,199,200,201,202,203,204,205,206,207,208,209,210,211,212,213,214,215,216,217,218,219,220,221,222,223,224,225,226,227,228,229,230,231,232,233,234,235,236,237,238,239,240,241,242,243,244,245,246,247,248,249,250,251,252,253,254,255,256,257,258,259,260,261,262,263,264,265,266,267,268,269,270,271,272,273,274,275,276,277,278,279,280,281,282,283,284,285,286,287,288,289,290,291,292,293,294,295,296,297,298,299,300,301,302,303,304,305,306,307,308,309,310,311,312,313,314,315,316,317,318,319,320,321,322,323,324,325,326,327,328,329,330,331,332,333,334,335,336,337,338,339,340,341,342,343,344,345,346,347,348,349,350,351,352,353,354,355,356,357,358,359,360,361,362,363,364,365,366,367,368,369,370,371,372,373,374,375,376,377,378,379,380,381,382,383,384,385,386,387,388,389,390,391,392,393,394,395,396,397,398,399,400,401,402,403,404,405,406,407,408,409,410,411,412,413,414,415,416,417,418,419,420,421,422,423,424,425,426,427,428,429,430,431,432,433,434,435,436,437,438,439,440,441,442,443,444,445,446,447,448,449,450,451,452,453,454,455,456,457,458,459,460,461,462,463,464,465,466,467,468,469,470,471,472,473,474,475,476,477,478,479,480,481,482,483,484,485,486,487,488,489,490,491,492,493,494,495,496,497,498,499,500,501,502,503,504,505,506,507,508,509,510,511,512,513,514,515,516,517,518,519,520,521,522,523,524,525,526,527,528,529,530,531,532,533,534,535,536,537,538,539,540,541,542,543,544,545,546,547,548,549,550,551,552,553,554,555,556,557,558,559,560,561,562,563,564,565,566,567,568,569,570,571,572,573,574,575,576,577,578,579,580,581,582,583,584,585,586,587,588,589,590,591,592,593,594,595,596,597,598,599,600,601,602,603,604,605,606,607,608,609,610,611,612,613,614,615,616,617,618,619,620,621,622,623,624,625,626,627,628,629,630,631,632,633,634,635,636,637,638,639,640,641,642,643,644,645,646,647,648,649,650,651,652,653,654,655,656,657,658,659,660,661,662,663,664,665,666,667,668,669,670,671,672,673,674,675,676,677,678,679,680,681,682,683,684,685,686,687,688,689,690,691,692,693,694,695,696,697,698,699,700,701,702,703,704,705,706,707,708,709,710,711,712,713,714,715,716,717,718,719,720,721,722,723,724,725,726,727,728,729,730,731,732,733,734,735,736,737,738,739,740,741,742,743,744,745,746,747,748,749,750,751,752,753,754,755,756,757,758,759,760,761,762,763,764,765,766,767,768,769,770,771,772,773,774,775,776,777,778,779,780,781,782,783,784,785,786,787,788,789,790,791,792,793,794,795,796,797,798,799,800,801,802,803,804,805,806,807,808,809,810,811,812,813,814,815,816,817,818,819,820,821,822,823,824,825,826,827,828,829,830,831,832,833,834,835,836,837,838,839,840,841,842,843,844,845,846,847,848,849,850,851,852,853,854,855,856,857,858,859,860,861,862,863,864,865,866,867,868,869,870,871,872,873,874,875,876,877,878,879,880,881,882,883,884,885,886,887,888,889,890,891,892,893,894,895,896,897,898,899,900,901,902,903,904,905,906,907,908,909,910,911,912,913,914,915,916,917,918,919,920,921,922,923,924,925,926,927,928,929,930,931,932,933,934,935,936,937,938,939,940,941,942,943,944,945,946,947,948,949,950,951,952,953,954,955,956,957,958,959,960,961,962,963,964,965,966,967,968,969,970,971,972,973,974,975,976,977,978,979,980,981,982,983,984,985,986,987,988,989,990,991,992,993,994,995,996,997,998,999,1000,1001,1002,1003,1004,1005,1006,1007,1008,1009,1010,1011,1012,1013,1014,1015,1016,1017,1018,1019,1020,1021,1022,1023,1024,1025,1026,1027,1028,1029,1030,1031,1032,1033,1034,1035,1036,1037,1038,1039,1040,1041,1042,1043,1044,1045,1046,1047,1048,1049,1050,1051,1052,1053,1054,1055,1056,1057,1058,1059,1060,1061,1062,1063,1064,1065,1066,1067,1068,1069,1070,1071,1072,1073,1074,1075,1076,1077,1078,1079
0.157,0.2055379050459323,0.2177006143412219,0.2573638895644345,0.2747857387879494,0.3036139984765975,0.312,0.3162894708413718,0.3251763542283136,0.3229835388578602,0.3298926836163182,0.3280939154032158,0.3299999999999999,0.331866057695925,0.3290310868577943,0.3307295731549874,0.3256228852631477,0.3239042245259265,0.3189999999999999,0.3119699790464055,0.3058243814683423,0.2958758986911471,0.2827333431416045,0.2635103790757143,0.2539999999999998,0.2419415485789391,0.2220577764151236,0.2031892410791219,0.1774370009882354,0.1579585176402004,0.145,0.1376146256326358,0.1337916474349306,0.1270216214287661,0.1240396847148105,0.1186616051578559,0.1140000000000001,0.1101637532337932,0.1050112803507137,0.1026193638881206,0.0978306164028768,0.093005713723341,0.0849999999999999,0.0741288125875602,0.0628683765669915,0.051449577994519,0.0420829608694246,0.0293278382196948,0.0189999999999999,0.0108273823111956,0.0028636837735057,-0.0014097399351188,-0.0080263553172923,-0.0154470692725813,-0.024,-0.033383597292979,-0.040973122407936,-0.0487675451822348,-0.057961088779276,-0.069411903738658,-0.083,-0.0992535389294752,-0.1085920977914591,-0.1123891453779225,-0.1182625451526301,-0.1215787496090075,-0.126,-0.1288107064796095,-0.1306288711775497,-0.1332635410956382,-0.1327989863159086,-0.1343822089376556,-0.1339999999999999,-0.1337270633841479,-0.133974646372959,-0.1317857153301771,-0.1323065566311427,-0.1303899583300418,-0.129,-0.1284570170613041,-0.126309306218774,-0.1254724360325039,-0.1228852301304292,-0.121955265875861,-0.1199999999999999,-0.1171995011961224,-0.1161289458145062,-0.112800545355757,-0.1099549068486316,-0.1061064734340654,-0.1029999999999999,-0.102827859603874,-0.1050057644695135,-0.1107862364988864,-0.1181764337743511,-0.1282235297606891,-0.1409999999999999,-0.1590225608434254,-0.1771524754290127,-0.1920764936003474,-0.2106168519303949,-0.2253834438152914,-0.2369999999999999,-0.2517261691266765,-0.2704077977669226,-0.2958358934676327,-0.3198736243890803,-0.3384308974659809,-0.355,-0.3744770685906466,-0.3981242795099568,-0.4238833113637919,-0.4550545869765958,-0.4872192027839644,-0.5179999999999999,-0.5491688648105355,-0.5754914847058066,-0.5952546550254096,-0.6135671465907676,-0.6342065978678921,-0.6549999999999999,-0.6774634824338865,-0.6974493079092003,-0.7096511939210035,-0.7202552433857577,-0.7298527031710642,-0.7409999999999999,-0.75440804238595,-0.7682247342029851,-0.7858651933735824,-0.7991786579398903,-0.8048714537722079,-0.8089999999999998,-0.813107327736825,-0.8175514413657778,-0.8206133349383237,-0.8230082120493182,-0.8254183457410161,-0.8269999999999998,-0.8279297254712967,-0.8280103361232652,-0.8280479012758012,-0.8278119863888557,-0.8267158833925387,-0.825,-0.8233126704757215,-0.8216971826404011,-0.8199670764886376,-0.818370735972595,-0.8165987396612978,-0.8139999999999997,-0.8113694121142958,-0.8094282237310364,-0.8047250634148208,-0.798888189186092,-0.7955441755319937,-0.7959999999999999,-0.8016046577017945,-0.8110285282331685,-0.8392715002566692,-0.888902447481641,-0.9387126240273274,-0.989,-1.0329220794915333,-1.0535364343495346,-1.0613879155171717,-1.0709690608477749,-1.0728615991574617,-1.056,-1.0327926826608187,-1.0059072130683744,-0.9731342929957972,-0.9412332504787276,-0.9087774260237822,-0.8849999999999999,-0.8698304581185954,-0.8573789641973559,-0.8493117616648932,-0.8378031885235191,-0.8224839537226227,-0.7979999999999999,-0.7712405829723856,-0.7490959407746968,-0.7096645071105838,-0.6610235230363606,-0.6158119889071305,-0.568,-0.5225966093155254,-0.4821225084068468,-0.4540533425057989,-0.4362217493175545,-0.4200470307342215,-0.4079999999999998,-0.3943406638755426,-0.376589120387312,-0.3571167294924812,-0.3371666040163838,-0.3181256225685132,-0.2979999999999999,-0.2808244492977507,-0.2674122663927969,-0.253433014023499,-0.2367636863284431,-0.2139368119121154,-0.1869999999999999,-0.1588035975506732,-0.1306075878784605,-0.1097765194735336,-0.0979776831514541,-0.0893776889942793,-0.082,-0.0752996439417319,-0.0691663669561179,-0.0639314252775566,-0.0591884920782438,-0.0552402953047289,-0.051,-0.0460336436136907,-0.040541498570603,-0.033738023805926,-0.0256510977572112,-0.01746398369458,-0.0109999999999999,-0.005224158827268,0.0008325156704091,0.0057938506893674,0.0090609597554357,0.0100278926091561,0.0099999999999998,0.0108225240382268,0.0111915194299334,0.0107829431454498,0.0112380342366439,0.0107681480490023,0.0099999999999999,0.008292771734081,-0.0022580011216719,-0.0152318702216865,-0.0225493833277467,-0.0293775632222502,-0.0349999999999999,-0.0406881057600175,-0.0464796415619415,-0.0501390979558045,-0.055168412509103,-0.0598658570893769,-0.0649999999999998,-0.0701914132028053,-0.0745500383087152,-0.081178783902952,-0.087338891741897,-0.0947636234051256,-0.1050000000000001,-0.1185720556700904,-0.1369540932937091,-0.1528493142514262,-0.164277906534496,-0.1737358520605611,-0.1819999999999999,-0.1917775979388866,-0.20367363404475,-0.2176199458443696,-0.2337191603550646,-0.251535510370458,-0.266,-0.2731212247347745,-0.2772643637898113,-0.2816471455996585,-0.2852400771371642,-0.2873943706363233,-0.2900000000000001,-0.2926807348024479,-0.2937072155793198,-0.2945451923806369,-0.2951367195350083,-0.2948890638059774,-0.2939999999999999,-0.2931895120627628,-0.2913959752819342,-0.2877289012267447,-0.2851411621401714,-0.282257617687344,-0.278,-0.2739210796509179,-0.2682587397011408,-0.2586955166519659,-0.2456959842108208,-0.2336541547309602,-0.219,-0.1984625895938601,-0.1731668261814681,-0.1312972973148448,-0.0749256554666328,-0.0189167333293221,0.0379999999999999,0.0969443681098691,0.1591584912812525,0.222733611495916,0.280814276015173,0.3401799121033043,0.3989999999999998,0.4517677563190271,0.5002624399333588,0.5344544137843419,0.5610549845298219,0.5923005560069312,0.6209999999999998,0.6491283354963454,0.6779701444892158,0.7057057758056939,0.7345306039320266,0.7626282234874131,0.792,0.821962190069797,0.8531071259060333,0.8848082259232383,0.9154043815199082,0.9471278373531012,0.973,0.9955058389316804,1.0150847123378943,1.0251907330929997,1.033140755425223,1.0373075069018765,1.0359999999999998,1.022616323903207,0.9852357163123836,0.935769255877546,0.8815141882752551,0.8219075501022955,0.762,0.7036057645688041,0.6445706253776043,0.582927392948847,0.5237678418524859,0.466903650772397,0.42,0.3908530853069064,0.3668542000194508,0.3467377967838934,0.3304164801273551,0.3139149151616542,0.3009999999999999,0.2892477116888415,0.2788889876912082,0.2688078890340767,0.2601420720263852,0.2564323571037173,0.2529999999999999,0.2503659987841575,0.2481401815872429,0.2456713791390734,0.2445751612246001,0.2424983582709347,0.24,0.2367325520331399,0.2336789710812296,0.2321571992813475,0.2300272539950029,0.2275103232751485,0.225,0.2217845623299085,0.2176342464665054,0.2134716854526417,0.2067859376432763,0.1970821356428804,0.1889999999999999,0.1815525122724845,0.1739648063034455,0.166232629064108,0.1574198983926056,0.147957177871533,0.1359999999999999,0.1233787036444455,0.1116557376055249,0.1002486156818315,0.0901001493124381,0.0814346074155281,0.0749999999999999,0.0698478124496414,0.066702356420041,0.0647376626019227,0.0619488347295063,0.0609265488886787,0.06,0.0589838168100567,0.0592023654570596,0.0583768414262218,0.0580122654433954,0.0578898724202,0.0569999999999999,0.0562115932841692,0.0547903872340997,0.0526090425512872,0.0499082507549934,0.0475672827733907,0.045,0.0416584041994517,0.0383910958467907,0.0348677546839757,0.0319752646904228,0.029425781364964,0.0259999999999999,0.0226215420991046,0.019441462427897,0.0155815358258098,0.011295811649172,0.0071776234243121,0.0029999999999999,-0.0011239197894682,-0.0059270457980089,-0.0107803729182626,-0.0143415305770363,-0.0175745197602886,-0.0190000000000001,-0.0196995134660657,-0.0210242210643213,-0.0204100677723386,-0.0200288342966635,-0.0198531467307367,-0.0189999999999999,-0.0190565157308506,-0.0183005625190712,-0.0179654505685257,-0.0177604839144847,-0.0169059785597324,-0.017,-0.0161971249432133,-0.0158551482875559,-0.0158082510873669,-0.0144558396792864,-0.013945680594414,-0.013,-0.0113711777493792,-0.0087102099092457,-0.0042593364459953,-0.0007662154901661,0.0028695341966802,0.0079999999999999,0.0131008656043514,0.0169184735378888,0.0194696561837599,0.0219333496850584,0.0231140641303404,0.0239999999999999,0.0257552955522349,0.0265897361950919,0.0280266256418906,0.029246405095858,0.0289773498120312,0.0299999999999999,0.0310004126192694,0.0308582793039475,0.0315180664797189,0.0321230138316371,0.0319581964967482,0.0319999999999999,0.0320600842633014,0.0314325913250154,0.0303620162970525,0.029966476082324,0.0299288197156452,0.0289999999999999,0.0288551106055575,0.0293006034056239,0.0282649978897367,0.0282631287068581,0.0290705019672819,0.0289999999999999,0.0297907143066574,0.030636523534758,0.0319113394055481,0.0335118012168401,0.0341586823368349,0.036,0.0378197131889607,0.0385921949275999,0.0396230766629662,0.0401863608471941,0.041326620117771,0.0429999999999999,0.0438715425270609,0.0446188570614432,0.0455787761505033,0.0461047720335837,0.0459977893411942,0.0469999999999998,0.0494746696110795,0.0520321628740163,0.0540909751574822,0.0528899291058369,0.0463386275569858,0.0369999999999999,0.0284123018981456,0.022593464552803,0.0189490648746911,0.0157957136391144,0.0136792591765522,0.0119999999999998,0.0094787626522663,0.0075510169135702,0.0060916509430178,0.0042544628407667,0.0027610313402443,0.0019999999999999,0.0012332757104393,0.0001480826287295,8.591170487128845e-05,-0.0003245359563274,-0.0010469051111693,-0.001,-0.0018926124816818,-0.0014908210802686,-0.0007511434439976,-0.000980495767223,0.0003008960128565,0.0009999999999998,0.0017338110953567,0.0028411299990179,0.0030780856924195,0.0027438518680844,0.00190656005298,0.0019999999999999,0.000425118728835,-0.0004437566381938,0.0001775147693971,-0.0020390437727692,-0.0030815022612556,-0.0049999999999999,-0.0077844412503426,-0.0087965587689465,-0.0133635628556117,-0.0249668165762922,-0.0534440800790698,-0.101,-0.1593622527546179,-0.2247974962201429,-0.2935028226038236,-0.36471236349565,-0.4362593373408614,-0.508,-0.5778004314685287,-0.6410539198919135,-0.6931967027331268,-0.7209789876731847,-0.7316391193516475,-0.7359999999999998,-0.7321591739963271,-0.7241141855739877,-0.6995395384680364,-0.6619787385176842,-0.6267916151289308,-0.5849999999999997,-0.5391995132225706,-0.4906709978024758,-0.4351002197205539,-0.3782203424429464,-0.3204275501888733,-0.264,-0.2076139587877187,-0.1491860399138203,-0.0916753899359413,-0.0360889929999256,0.0179403378824636,0.0749999999999998,0.1292474539199348,0.1759138939484593,0.2200025468858817,0.2536165115810811,0.2762846883941903,0.298,0.3141014861123652,0.3201018652867146,0.322044417513976,0.3234820995902032,0.3241034192062058,0.3249999999999999,0.325899793804302,0.3265017010864978,0.3280225762357387,0.3294635182160014,0.3301093886091773,0.3309999999999999,0.3326620686562687,0.3338881847013701,0.3339690473443133,0.3340735035669105,0.3338934701514843,0.3329999999999999,0.3321232620821948,0.3318405649641868,0.3324611092748116,0.3333390238125163,0.3341702582907328,0.3349999999999998,0.3358206835222968,0.3366985598948772,0.3374440389243177,0.338417696786647,0.3390458163736188,0.3390000000000001,0.3391163795805445,0.3370258768197912,0.3311156496982536,0.324342436643447,0.3176196703732605,0.3109999999999998,0.3058947399169575,0.3015591774918929,0.2979679711615434,0.2944756474568221,0.2901761960866817,0.287,0.283781201292854,0.2800929549583756,0.2775957552249725,0.2748402512116379,0.272683199993181,0.2709999999999999,0.2684417748296331,0.2666733846008207,0.2646219581291445,0.2619876442135817,0.2593955093060041,0.255,0.2484846581199025,0.2408983277524863,0.233989650221002,0.227046057756637,0.2179777582564956,0.2060000000000001,0.1917541218042176,0.1792334318901814,0.1691233171596689,0.1612544073283759,0.155946451063924,0.149,0.1399206482781924,0.1300161511775969,0.120333579523629,0.1112837347094264,0.1008604441684075,0.0909999999999999,0.0818518588845362,0.0730604296651275,0.0655936366423296,0.057886291362981,0.0506000773100247,0.044,0.0402587970227968,0.0394458708477194,0.0382470160604341,0.038109848920577,0.0378241365433138,0.037,0.037047921476566,0.0363842571466945,0.0356635780037648,0.0369063819533626,0.042465843568968,0.051,0.0594951050238619,0.0655904276314155,0.068750799744027,0.0727986240269733,0.0766353757306269,0.08,0.0842888260347037,0.0871002996898455,0.0894821064897367,0.0919776363261436,0.0944918824218323,0.0959999999999999,0.0966865378639416,0.0985393551285065,0.0990756514664113,0.0990821769692029,0.0988359007675955,0.0979999999999999,0.0981094365938129,0.0967299196978652,0.0953685418026952,0.0945382286028937,0.0925991110178223,0.0909999999999998,0.0893747857073446,0.087204897302234,0.0838839429778462,0.0811510750682645,0.0796514202282267,0.0769999999999999,0.0743925018068384,0.0726427404912092,0.0710219034947099,0.0693058767623337,0.0676906197248633,0.0659999999999999,0.0642806714184981,0.0628199475622026,0.0604918876507268,0.0580869336975962,0.0553654245363515,0.052,0.0487594205030145,0.0446058388259174,0.0409698600855829,0.0374504944253862,0.0331997910442677,0.0300000000000001,0.026745352914753,0.0231586585752064,0.0205371513070407,0.017753780525429,0.0143805833855652,0.0119999999999999,0.0088204781089497,0.0050670067517039,0.0023642381669478,-0.0018547051922536,-0.0056183881040856,-0.009,-0.0125592270415574,-0.0142239293088006,-0.0165291396778871,-0.0188862220545646,-0.0215917515564789,-0.024,-0.0283616257204418,-0.0386003006507308,-0.0555537436601506,-0.0930797565701633,-0.148678056896902,-0.21,-0.2795217412525244,-0.3522725524915057,-0.427436681626349,-0.500344237888782,-0.5683690315897858,-0.624,-0.6411138122216224,-0.6413707687622517,-0.647396947805156,-0.6400000764468933,-0.623629567599149,-0.6049999999999999,-0.5874373865565798,-0.5767482625839356,-0.5576301180618839,-0.5245038275388734,-0.4815294234735385,-0.4279999999999999,-0.370376155377325,-0.3141622486580298,-0.2592872248136196,-0.2082732624893066,-0.161881978752084,-0.1159999999999999,-0.0708204039029768,-0.0267286967258899,0.0166470135540725,0.0512952136089711,0.0754746813008585,0.098,0.1151112572627571,0.1203910152616793,0.1220523190582869,0.1231899563430143,0.1230491077607232,0.124,0.1240240619882374,0.1245609617330911,0.1252046353383362,0.1250615300589339,0.1262684903415936,0.1269999999999999,0.1278319824097247,0.1281078699489002,0.1282636746079616,0.1293208264044662,0.1288554501053525,0.1289999999999999,0.1291179782053849,0.1288011832481714,0.1292360020559758,0.128767213282365,0.1292053705340648,0.1299999999999999,0.1299967393631345,0.130027214869576,0.1299664182533632,0.1300178015422055,0.1300078809346866,0.1299999999999999,0.1291804768303739,0.1288267723549634,0.1291398432408917,0.1289271205512646,0.1289714392878813,0.1279999999999998,0.1270872173620699,0.1264421803296954,0.125429163200208,0.1245507455059221,0.1225834936138065,0.121,0.1186048859203838,0.1163119609119953,0.115414218806938,0.1128170760033131,0.1106381084224368,0.1079999999999998,0.105282696688822,0.1039062063889195,0.1016225988216572,0.1006471629631414,0.0951641638174704,0.083,0.0727227012523185,0.0642269788294316,0.0569292226195656,0.0525139939360496,0.0493862740514846,0.046,0.0425625637303085,0.0400498064490958,0.037100630370625,0.0336334434544683,0.0303366683838318,0.027,0.0236796435106839,0.0203208728102495,0.0167792473027747,0.0119462538289003,0.0069916222351449,-0.0009999999999999,-0.0165162593089751,-0.0323077406007204,-0.0425415008622603,-0.0495747473247874,-0.0550161399310385,-0.06,-0.0643146543589948,-0.0671804588695584,-0.0688577229214043,-0.0685144424232482,-0.0651087696657168,-0.0599999999999999,-0.0542768435122979,-0.0476278755710517,-0.0411847553529043,-0.0337000434903436,-0.0239780983073977,-0.0139999999999999,-0.0039591415936953,0.0050484474603003,0.0118284673239449,0.0166733961479868,0.0194644955725554,0.0220000000000001,0.0245909954632231,0.0263593228812689,0.0279956538884172,0.0296685318268833,0.0313232350952579,0.033,0.035433633076995,0.0380995080887133,0.040383379302696,0.0431201351461684,0.045377734492132,0.047,0.0479201135045035,0.048494521386725,0.0497904986422821,0.0497285260692186,0.0489140283958838,0.0489999999999999,0.0490035438632104,0.0490312132741043,0.0489018924968243,0.0492668480317681,0.0501614954356648,0.0509999999999998,0.052624636930897,0.0543704667601311,0.0559840719341737,0.0576577432541887,0.0593579514790308,0.0609999999999998,0.0618612561856784,0.0626848173078124,0.0631704328497696,0.0628816255065201,0.0630746536834943,0.0629999999999998,0.0621304155316178,0.0618979527124288,0.062082012307945,0.061939134431806,0.0620340268891102,0.062,0.0619603545726888,0.0620805338281212,0.0618835077411925,0.0621416966974307,0.0618437505327184,0.0609999999999999,0.0602719832129548,0.0585876085428135,0.0574894334661341,0.0564322009525734,0.0547133092631132,0.0539999999999999,0.0532104442892246,0.052284175843415,0.0515304260073726,0.0506660445876548,0.0498103028648343,0.049,0.049007466879644,0.0484636593715718,0.0474308744742296,0.0465540028979914,0.0445626581072068,0.043,0.0414789101712596,0.0388830621434166,0.0369817641031769,0.0352689470984507,0.0337894706825714,0.033,0.0313936392770504,0.0296036902676953,0.0280249456307213,0.0264656713694067,0.0259405783195977,0.025,0.0232600016306815,0.0223292641672914,0.0212016165545121,0.0190484769177552,0.0164838377686534,0.0139999999999999,0.0115170782291813,0.0089642817277454,0.0065540898315358,0.0039272666443299,0.0016018514765497,-2.5263741715914668e-17,-0.0016235751706835,-0.0034828552682086,-0.0042334689863104,-0.0038688236603393,-0.0040233747226217,-0.0029999999999999,-0.0011953425169225,-0.0004856109548755,0.0012871176476473,0.0042491000975897,0.0077219293461731,0.0109999999999999,0.0142021138292631,0.0184525416593593,0.0219656036158618,0.0256068151348853,0.0297643306533724,0.033,0.0362913301057195,0.0401360976788756,0.0450750980549771,0.0497011221435167,0.0539231593136472,0.0589999999999999,0.0632721537743087,0.0667514203514706,0.0696168212472704,0.0718315993480885,0.0731312742811695,0.073,0.0722514360484616,0.0706715870123084,0.0691161282212546,0.0668849227568077,0.0632759900680654,0.06,0.0559319148113373,0.0515256876816008,0.0475052889546884,0.0408612161479995,0.0308733354052774,0.021,0.0134071821488805,0.0060981801411724,-0.0015826420923477,-0.0089417993057069,-0.0165300073138643,-0.024,-0.0314640847481777,-0.0391023451243526,-0.046081078413669,-0.052640745347402,-0.0592975313242204,-0.0649999999999999,-0.0699442785285945,-0.0755899093817739,-0.0815765480080793,-0.0871471387520434,-0.0918752056632475,-0.096,-0.1001258899118939,-0.1048680397283673,-0.1101571065184105,-0.1148097718355627,-0.1202420275870664,-0.1269999999999999,-0.1329523502075716,-0.1380069263047318,-0.1430318251192285,-0.1478221867794218,-0.1517582401389639,-0.1559999999999999,-0.160291424974667,-0.1635999850944138,-0.1672004039904398,-0.1697998203606501,-0.1713714044713614,-0.174,-0.176541620089508,-0.1796449039148965,-0.1873695412788061,-0.2013635505374518,-0.2231850089999116,-0.2559999999999999,-0.2990875996907204,-0.3541410275017422,-0.4216700884771729,-0.4942146543712781,-0.5676882430171838,-0.64,-0.7102730359691203,-0.7752685954844668,-0.8224786440624526,-0.8458828433553828,-0.8554570869020162,-0.86,-0.8551700903953551,-0.842298409734069,-0.8246957457275935,-0.8011846513097745,-0.7755729352150715,-0.7430000000000001,-0.7041565393562668,-0.6601648987493852,-0.6086869548263117,-0.5574189099174359,-0.5013633685425597,-0.4459999999999999,-0.393752135395627,-0.3444934420481392,-0.3168719789800408,-0.288412299483784,-0.2480745563911022,-0.2100000000000001,-0.1645867498496678,-0.1173566679465794,-0.0679660035202882,-0.0305152678148485,-0.0198745995427794,-0.012,-0.0063650276784688,-0.0044447225026044,-0.006817051007869,-0.0217201757376374,-0.0336171108772216,-0.039,-0.0417433845109089,-0.0435985007334025,-0.0469832265745356,-0.0484329977118051,-0.0504888474501587
-0.0520000000000001,-0.0534718486010877,-0.0561590254678887,-0.058088907341726,-0.059272361035612,-0.0589536454609067,-0.06,-0.0609572379021132,-0.0615245195196666,-0.0623300139147721,-0.0617908472113784,-0.0620423326702193,-0.0609999999999999,-0.0600299241260827,-0.0595093467929348,-0.0586109825469825,-0.0592948569852113,-0.0588402356938467,-0.059,-0.059153242680772,-0.0587307672330728,-0.0593269291343623,-0.0586793197359285,-0.0592633832268711,-0.0599999999999999,-0.0598901349126943,-0.0607034303848732,-0.061415283504764,-0.06241830119933,-0.0631186497841712,-0.064,-0.0648355968494746,-0.0661625155023593,-0.0681211313544992,-0.0697501565666114,-0.0725656777708303,-0.0739999999999999,-0.075375713914954,-0.0792400066385106,-0.0838199763215033,-0.0891545370319583,-0.0939061250186613,-0.0989999999999999,-0.104132419859981,-0.1083130512216668,-0.1122957918585098,-0.1149370357653635,-0.1175586072657532,-0.1199999999999998,-0.1224273050223249,-0.1251338172129126,-0.1273351824387656,-0.1301557474311991,-0.1323954138859131,-0.1349999999999999,-0.1383699973295721,-0.1415828313304203,-0.1450881596047023,-0.1483809990270477,-0.153032967538453,-0.1579999999999999,-0.1649367924354906,-0.1769093881155259,-0.1888822325587732,-0.1988900902968536,-0.2075040754193699,-0.213,-0.2171183635287587,-0.2215090791096639,-0.2247165125312541,-0.2267516272679051,-0.2282297769305598,-0.2289999999999998,-0.2291786519919956,-0.2272675396716041,-0.2240329796050429,-0.2204619761991247,-0.2161357385206898,-0.212,-0.2077341742572055,-0.2048825546309189,-0.2022110111500653,-0.1987334658051868,-0.1965509793882015,-0.1929999999999999,-0.1895134039822801,-0.1865972207406509,-0.1826595102245867,-0.1801309890445226,-0.1773823402020893,-0.175,-0.1734466952258669,-0.1709159177281447,-0.1689442315027643,-0.1673204057315679,-0.1657284759473773,-0.1649999999999999,-0.1650405658485729,-0.1643823286911711,-0.1638049419146741,-0.1639927611734343,-0.1626109484485105,-0.1609999999999999,-0.1601500637768553,-0.1594025124368326,-0.1580763286084923,-0.1564856834495737,-0.155844899236617,-0.154,-0.1521917669075008,-0.151327668160069,-0.1508253829473134,-0.1509539536796789,-0.1497386600680101,-0.1499999999999999,-0.1510302899423291,-0.1507663777117854,-0.1516601120436228,-0.1519574907473763,-0.1521248280826111,-0.153,-0.1538058246218901,-0.1547336692912577,-0.1554078116517608,-0.1564228239718409,-0.1571103284702166,-0.1579999999999999,-0.1588984944222956,-0.1595448426505027,-0.1606542148432239,-0.1611818483754018,-0.1622739020638184,-0.163,-0.162916430539191,-0.1636538273481602,-0.1644763668709183,-0.1653522892596564,-0.1662049299126647,-0.1679999999999998,-0.1698104758603116,-0.1705845596237598,-0.171682636525775,-0.1718909218288662,-0.1706398887680583,-0.1679999999999998,-0.1647290029168615,-0.1602878125770676,-0.1546845456834837,-0.1503261241867429,-0.1446742463994757,-0.1379999999999999,-0.1321840784986038,-0.1262518930058153,-0.1206273747178571,-0.1146104194143886,-0.110402501068909,-0.108,-0.1054119808847818,-0.1036928908585141,-0.1018532855512896,-0.100689445576186,-0.0997043724618679,-0.0980000000000001,-0.0971734266157765,-0.0957911631136563,-0.093916572201253,-0.092377862649475,-0.0906512581488085,-0.089,-0.0873354534438457,-0.0856716898522405,-0.083984622281121,-0.0823558450989628,-0.0806463838138221,-0.079,-0.0774045557872081,-0.0750308115891333,-0.0727455111837128,-0.0716969949371786,-0.0707382737999128,-0.069,-0.0673141082379542,-0.0656824235914329,-0.0640059540930425,-0.0622886323168571,-0.0607682246143339,-0.0599999999999999,-0.058431329237742,-0.0564943600919543,-0.0554630338698743,-0.0547109952041896,-0.0537360639505909,-0.0519999999999999,-0.0510721141561174,-0.0504566613972971,-0.0494081132679832,-0.0485842640953585,-0.0465436674345748,-0.0449999999999999,-0.0434661682521657,-0.0413865246035816,-0.0404813239445212,-0.0372717022077182,-0.0319435548595888,-0.0269999999999999,-0.0220292231698153,-0.016516483137084,-0.0101993293313462,-0.0053811718490235,-0.0024841660217489,-3.1579677144893335e-17,0.002485668602381,0.0050297048693239,0.0074633233216342,0.0100287431999885,0.0124924874809935,0.015,0.0167535134454131,0.0181945529755689,0.0201663997497642,0.021504132179531,0.0234507267475975,0.025,0.0257105069991578,0.0274863545103671,0.0281452635108278,0.0281066531405721,0.029270886506542,0.03,0.0299386631064737,0.0306556041393939,0.0311442905131186,0.0310744246719405,0.0322859617524633,0.033,0.0337162497693371,0.0348945358073265,0.0351680850206326,0.036834171811306,0.0381221190547067,0.039,0.040776534835729,0.0415440323456668,0.0430692623778855,0.044334994586744,0.0452951704165867,0.0469999999999999,0.0477963416189119,0.0493272118882551,0.0505931578947758,0.0514920719645101,0.0533733961103323,0.0549999999999999,0.057440969888653,0.0600114457746256,0.0628437967566736,0.0662727337625821,0.0683639416351025,0.071,0.0744123167908128,0.0770429436760101,0.0794464503792654,0.082203168825895,0.0856803530047032,0.088,0.0895421561463314,0.0921127696864388,0.0939736038484644,0.0959346994207969,0.0984267755572012,0.1,0.102391132713661,0.1051936996648395,0.1069930052323404,0.1087117954800703,0.1102543911201619,0.1109999999999999,0.11104958821385,0.1104980614983109,0.1090099019234762,0.1073938401976584,0.1055456560054841,0.1029999999999999,0.1013065024414641,0.0992043403565045,0.0962778784537735,0.0943299022513817,0.0926523098119698,0.0909999999999999,0.0893464782847851,0.0876574777842879,0.085970360696037,0.0845198103067211,0.0838946333734809,0.0829999999999999,0.082085744700497,0.0819357092439658,0.0820982184441575,0.0817373714257765,0.080874670656828,0.081,0.0811095519891383,0.0803411178328732,0.0795070667939141,0.07866328721159,0.0778279597454134,0.0769999999999999,0.0762320699372466,0.0746860312192582,0.0733161474522996,0.0727746347292177,0.0717858261027388,0.071,0.0701941138826287,0.0693047870728852,0.0685018801028723,0.0677145731815078,0.0667206092347076,0.065,0.0641415587205775,0.0628448748714755,0.0608687204349878,0.0593838296509367,0.0577235347258214,0.0570000000000001,0.055450260985753,0.0535203869271899,0.0520929397829504,0.0504564484695977,0.0498560322152403,0.0480000000000001,0.0469193679961969,0.0472209819184077,0.0467125036584118,0.0472904823810338,0.0467545194514586,0.0460000000000001,0.0460601998803788,0.0458521101633461,0.0462120779783052,0.0457646944903936,0.0462191730556958,0.0470000000000001,0.0469500135424727,0.0471754511462208,0.04644284713901,0.0459105793952315,0.0460302339073855,0.046,0.0452129717147831,0.0443244713693194,0.043158499843472,0.0414133172745675,0.0408888144592873,0.039,0.0371710292291873,0.0356067686892373,0.0304244612076587,0.0193263965268483,-0.0065526119853596,-0.046,-0.0933545844494817,-0.1506272099119009,-0.2164377083462461,-0.290644468638434,-0.3699327459379108,-0.4479999999999999,-0.519858444550009,-0.5791639763699785,-0.615645517675851,-0.6303431891503254,-0.6363752797024149,-0.6259999999999998,-0.60128862210093,-0.5723108746305606,-0.5359772863337604,-0.5115121217947792,-0.4934545044575253,-0.4639999999999999,-0.4364511500533238,-0.4048231827925044,-0.3635971306680342,-0.3181363214323162,-0.2662010953166274,-0.2109999999999999,-0.1550082955935734,-0.1011189478282407,-0.0484108708137031,0.0009169980721041,0.0445139282454965,0.0859999999999998,0.1230522718368594,0.1557901724250952,0.1757773119571836,0.1817062606485339,0.1871617684776733,0.1909999999999999,0.192907977246545,0.1898796465045522,0.1792260187695201,0.1718268361096825,0.1683828552586713,0.166,0.1644319053469443,0.1619532873721306,0.1598535659172277,0.1585912081152945,0.1578074426773777,0.156,0.1541940215333793,0.1533877429028548,0.1524063042806673,0.1517641152457437,0.1507635892964582,0.1499999999999999,0.1499933950095867,0.1500058680812583,0.1499545560135224,0.1502198166020944,0.1511486849081275,0.151,0.1508974201996192,0.1511807088724995,0.1507698758344388,0.15124548062291,0.1507724919886169,0.1500000000000001,0.1501050828453939,0.1492313592672903,0.1490307572107364,0.1487168359705858,0.1479216338241726,0.1479999999999999,0.1472397525483356,0.1462544726424252,0.1455541488697267,0.1446566397974405,0.1437785015250558,0.1419999999999999,0.1395712706607542,0.1359992206927391,0.130579606662935,0.1246348534763856,0.1188565041174046,0.1129999999999999,0.1063645087920766,0.1000569335396929,0.0951306224460834,0.0896821809836802,0.0839089452691046,0.0789999999999999,0.0747446924615785,0.071311248598938,0.0679560823555397,0.0648765649478344,0.062543502348817,0.06,0.0574638108874683,0.0550957484126587,0.0521008088085283,0.048599046339252,0.0453804280645874,0.0419999999999999,0.0378557570467514,0.0336571363270005,0.0294832594590056,0.0253870949172437,0.0210613659947903,0.0159999999999999,0.0117329438084206,0.0078409115756117,0.0032232628047967,-8.458631229029834e-05,-0.0025620588857077,-0.006,-0.0093674005846728,-0.0126296031149656,-0.0160162372262831,-0.0193642084857045,-0.0225424202751278,-0.024,-0.0240879657033409,-0.0229568864086618,-0.0203945192842726,-0.0181455112708736,-0.0153417893457196,-0.012,-0.0087613678132064,-0.0046499475540781,-0.0006141115007691,0.0039646423760632,0.0089656694063722,0.0140000000000001,0.019887466698854,0.0249866188351356,0.0304418354611343,0.0360150639986892,0.0396839952849558,0.044,0.0490476890728166,0.0538708150914769,0.0594423700769841,0.0653620330021597,0.0711438066886187,0.0769999999999999,0.0829904058533526,0.0865597458868544,0.0873188612462008,0.0887135706971311,0.0902017024119276,0.0909999999999999,0.0926432491811185,0.093920343629435,0.0937225882958273,0.0922194813056377,0.0893891092606598,0.087,0.0861147069276557,0.085388527227844,0.0844442280963079,0.0837314492107899,0.0827384281670618,0.0809999999999999,0.0792943845226787,0.0777399872987611,0.075893724489373,0.074469367403855,0.072505109187293,0.0699999999999999,0.0683594771740184,0.0660604414504834,0.0637783589896657,0.0624752075002222,0.0605939263762325,0.0589999999999999,0.0574383418493126,0.0550015939026499,0.0525301042377211,0.0499588770002709,0.0475324750706284,0.0449999999999999,0.0424153106605655,0.0406478112420294,0.0389484691877325,0.037552290482311,0.0368693079466914,0.0359999999999999,0.0351557848333218,0.0343120745464485,0.0338095981117029,0.0341677739035377,0.0338333458086181,0.033,0.0330008296746143,0.0325045913472423,0.0312918925483117,0.0310252965997821,0.0308917964498199,0.0299999999999999,0.0299180162203811,0.0301158250118103,0.0298745633018096,0.0301059680966761,0.029965470359341,0.0309999999999998,0.0335950502511922,0.0352080038694284,0.0378422046720128,0.041213567796058,0.0434298906940247,0.0459999999999999,0.0484906891833328,0.0515208359429463,0.0551117117225109,0.0582922089507068,0.0615788966588449,0.063,0.0637218200880204,0.0649387669702734,0.0647979865603208,0.0655379483480316,0.0673507841761492,0.0689999999999999,0.0687234241783007,0.0626368607362672,0.0530012043820415,0.0404550818887079,0.0249214131417283,0.011,-0.003095784836942,-0.0161549066835023,-0.0251071760832346,-0.0356260080860122,-0.0470952822216191,-0.0559999999999999,-0.0636988133114049,-0.0688286064374702,-0.0712061989185644,-0.0723565484795869,-0.0732293226991848,-0.0749999999999999,-0.0767583893490406,-0.0777002878009937,-0.0784966890911404,-0.0792245365394718,-0.0787715489993284,-0.0769999999999998,-0.0753022332822393,-0.0737080549937314,-0.0719587842092353,-0.0703671965329192,-0.0686462630733252,-0.0670000000000001,-0.0653657549563641,-0.0635667684132628,-0.0624173744485262,-0.0617023886881164,-0.0608218212129957,-0.0599999999999998,-0.0591655201457464,-0.0583522013338813,-0.0574343749907717,-0.0568891912074984,-0.0570346079005294,-0.0569999999999999,-0.0570144344077174,-0.0565186612687282,-0.0550420410935734,-0.0532687210485893,-0.0518181729637747,-0.0519999999999999,-0.0527867855337796,-0.0546881460935798,-0.0578583233528792,-0.0595223209973477,-0.0614655485080969,-0.0629999999999999,-0.06364924845199,-0.0660429925317143,-0.0680475958808302,-0.0697185051551161,-0.0712606817063984,-0.0729999999999999,-0.0754695001821118,-0.0805558197742764,-0.0996893981047861,-0.1340091832223,-0.179114975032859,-0.2389999999999997,-0.3085555565901684,-0.3824577662455862,-0.458864240772133,-0.5337028125264559,-0.6059976953416344,-0.6669999999999998,-0.7066670750918531,-0.7255874960652001,-0.7267729210938177,-0.7153315722748098,-0.695194282600546,-0.6659999999999999,-0.6395517380462361,-0.6263512207506132,-0.6132644328529436,-0.5938683570130553,-0.5707874095799138,-0.5379999999999999,-0.4969924952622598,-0.4482257377647046,-0.390689349637514,-0.3289694931004542,-0.2671025389766716,-0.216,-0.1764552535440159,-0.1395137696738004,-0.1030399713328859,-0.0640366359486293,-0.0240753587167208,0.0159999999999999,0.0531544193767331,0.0748132980788168,0.0830728545071158,0.0871631207302203,0.0848825804208206,0.0759999999999998,0.0659137368334734,0.0565522677987424,0.0483349583199741,0.0435697883777627,0.0417640934814384,0.0409999999999998,0.0402110639129525,0.0392421719274002,0.0386348311922561,0.0375000153556136,0.0370154427231584,0.0369999999999999,0.0361191116980055,0.035952190436453,0.0359734259580852,0.0360954284297832,0.0358503255088609,0.035,0.0350350728498674,0.0343527142428775,0.0338824489305899,0.0338693922134628,0.0327732100257816,0.032,0.0304076147797905,0.029003398875711,0.0291675210628789,0.0286831919787694,0.0278482530274198,0.0269999999999999,0.0261428128496948,0.0253743047980584,0.0244563550437886,0.0236969301724731,0.0228269345639198,0.0219999999999998,0.020418623773594,0.0185225814666392,0.0172076778026269,0.0149701159714721,0.0126029586420187,0.0109999999999999,0.0093442954503829,0.0076533042272864,0.0060234749486755,0.0042827434130409,0.00276859273822,0.002,0.0004061139340421,-0.0009870584142815,-0.0010663783390787,-0.0030609706114371,-0.0053608750440529,-0.008,-0.0137413759194767,-0.0196612780152696,-0.0259173378105903,-0.0324831236347107,-0.0381934851493054,-0.0449999999999999,-0.0510138839293878,-0.0559074693755206,-0.0611219964995918,-0.0658737789205587,-0.0711288996854143,-0.0769999999999999,-0.0828729332603006,-0.0881185060539485,-0.0929016174746572,-0.0979738050237695,-0.101555011270365,-0.1039999999999999,-0.1065362613250733,-0.1088682673060953,-0.1120039579637114,-0.1150604327364222,-0.1159136166830797,-0.113,-0.1065323528645195,-0.0981068357737815,-0.0870476425722687,-0.075813073652937,-0.0674900830578464,-0.0599999999999999,-0.0525822820755299,-0.0431392362374427,-0.0291568153694253,-0.0142049472058452,-0.0018199409100049,0.0059999999999999,0.0087894669351774,0.0096331688849601,0.0105886889344124,0.0110820450253597,0.0110279333312869,0.0119999999999999,0.0129857928739675,0.0128669558425166,0.0135112399020121,0.0142285092374308,0.0153268802917192,0.017,0.0177540555047798,0.0198552043370542,0.0222879989766913,0.0234645647208673,0.0254886277675674,0.028,0.0305078695230283,0.0329262514059081,0.0359324738016749,0.0391887200807679,0.0414304199924648,0.044,0.0465033617099901,0.0494930247223174,0.0531397740046161,0.0563617671702542,0.0610124896539188,0.065,0.0674243320599208,0.0706916992067431,0.0736516010407334,0.0757710854966337,0.0772754310457596,0.0789999999999999,0.0807861798810195,0.0815848352342209,0.0829587939001811,0.0845194553492307,0.085034084340974,0.085,0.0850076345637472,0.0845573855672507,0.0829455488048721,0.0814490885878714,0.0795131866339659,0.0769999999999999,0.07534265271119,0.0731329869778667,0.0703889426739622,0.0680972862978643,0.0653931870539242,0.0619999999999999,0.0586042770139396,0.0558955846229885,0.0538458048405987,0.0526200784428468,0.0517930669417527,0.0499999999999999,0.0474589233471988,0.0455621478582881,0.0440955005908253,0.0422482014673034,0.0407294931387399,0.0389999999999999,0.0364907657887464,0.0340928307891945,0.0310523165268043,0.0277284410476298,0.0241149182214938,0.0179999999999998,0.0119486607655084,0.0069124584922679,-0.0016607255306117,-0.0122836969079112,-0.0249143849834244,-0.042,-0.0600849156404389,-0.082661895230064,-0.1131081351208037,-0.151834938702998,-0.2032504970849401,-0.2649999999999999,-0.3366664136065779,-0.4137337764747338,-0.4882197068723986,-0.5516031506933823,-0.5820305633793861,-0.581,-0.5511620441397447,-0.478795151617031,-0.3848256531391942,-0.2916691152900826,-0.2197536561794863,-0.187,-0.1741936040683798,-0.1752039030365085,-0.1881680048889568,-0.1960137255482547,-0.1932932489769157,-0.173,-0.1398484035639428,-0.1069100545391628,-0.0789994378474496,-0.0564290394500554,-0.0393988478872796,-0.033,-0.0262502379808519,-0.0152310610327505,-0.0068819838784252,0.0103900662005899,0.0334774733829543,0.0559999999999999,0.0785780191890498,0.0901271370645228,0.0944341547329814,0.0983662707854875,0.1003463410755542,0.102,0.1000168302369162,0.093890663137293,0.0860634143800248,0.0753812662870518,0.0638902236002228,0.0560000000000001,0.0503148322145303,0.0430013439471638,0.0361150652751032,0.0312026914471724,0.0272396471162842,0.023,0.0179387355177658,0.013652185270018,0.0093774734459791,0.0057994571922853,0.003538375056887,0.0009999999999999,-0.0006916756812586,-0.0028182828394371,-0.0056432030485546,-0.0079269982107047,-0.0104684952044785,-0.012,-0.0142781277467619,-0.0179034459460383,-0.0203505706199249,-0.0233696839571405,-0.0265314844244105,-0.029,-0.0323411204728834,-0.0351244157615459,-0.0374209033187675,-0.0400215123336588,-0.0425547390443661,-0.046,-0.0494086210285161,-0.0525022770337135,-0.0564872546259875,-0.0606408056864934,-0.0648638224873065,-0.069,-0.0723964374816412,-0.0754617076517166,-0.0802662631377936,-0.0888246001434828,-0.098995289515645,-0.1079999999999998,-0.1148514274985425,-0.120550580544542,-0.1266977063210954,-0.1320569030213496,-0.138536525448491,-0.1469999999999999,-0.1545106831263596,-0.162550805266562,-0.170819724030099,-0.1775200754448155,-0.1829683077625462,-0.1869999999999999,-0.1904385988374095,-0.1925114560152693,-0.1938679344661706,-0.1957434394004766,-0.1973120792200504,-0.1990000000000001,-0.1999192817195809,-0.2002045534234119,-0.1986642799944671,-0.1938237750835556,-0.1875447884392821,-0.177,-0.1634637364037393,-0.1522142741859616,-0.1414677625104135,-0.1309292701292982,-0.1209132285410482,-0.1089999999999998,-0.0949065701329666,-0.080954269499761,-0.0690577093002206,-0.0570173408331384,-0.0446477551142177,-0.0339999999999999,-0.0232677670439087,-0.0120933470193781,-0.0023826034725957,0.0067572625476282,0.0171187101656398,0.026,0.0297047075888273,0.0311663722860406,0.033255819388852,0.0342387485804997,0.0353381485308612,0.0370000000000001,0.0370279625087222,0.037533160371352,0.0382998013654978,0.0377874925797553,0.0381219180671983,0.0380000000000001,0.0371236050626228,0.0364284244500065,0.0353909328901711,0.0346559314966181,0.0324152536055492,0.03,0.0284585012662164,0.0258640947169981,0.0239094173803258,0.0198089635693585,0.0125595846248516,0.007,0.0035299832194494,0.0014724621764885,0.0004619393377616,-0.0003034093691661,-0.0011909771590092,-0.0019999999999999,-0.002779255848221,-0.0038248701296619,-0.0039817301880504,-0.0041017742241984,-0.003851270341568,-0.003,-0.0023009423404153,-0.0004603716679946,-2.3981431420117536e-05,0.0006269747161446,0.0035499070695684,0.005,0.0065713866089064,0.0084231709071438,0.0102158457282469,0.0132150039671879,0.015338541346499,0.0169999999999999,0.0179578523993913,0.018025978470262,0.017707508377559,0.0163996890696365,0.0145363506108098,0.0109999999999999,0.006784824457014,0.0021244677117747,-0.0082210133372057,-0.0281725990218408,-0.0576383025877011,-0.097,-0.1468713090759547,-0.2063820643445667,-0.2755568607886745,-0.3500679932293047,-0.4263880579210038,-0.502,-0.5710720058194253,-0.6307929956743126,-0.6670908995561117,-0.6795938952281272,-0.6854535924779119,-0.6749999999999999,-0.6492830771139542,-0.623391574897124,-0.598505973343365,-0.5835739627975967,-0.575122555705424,-0.5629999999999997,-0.546378379517752,-0.519748919676283,-0.4822661855509394,-0.4322624304862728,-0.3698963072444612,-0.303,-0.2388859722690549,-0.1834438267050518,-0.1377038730031215,-0.1017199069871521,-0.0723303862907892,-0.0430000000000001,-0.0078984991469378,0.0327730767600409,0.0727833931595604,0.1104687772846223,0.1369061874977414
0.1489999999999999,0.1548534684305652,0.1509620557726337,0.1405004885536743,0.1296188744924493,0.1206957143985301,0.1179999999999998,0.1163962334240305,0.1151466647448457,0.1142932734624808,0.1123364735773755,0.1119169893529112,0.1099999999999999,0.1081421420939136,0.1070570051082381,0.1039637302900058,0.1007817798268261,0.0971361969762382,0.0909999999999999,0.082440329026518,0.0780615913259033,0.0780049331440426,0.07604716649598,0.0749221590442811,0.074,0.0729149756272156,0.0741738330853203,0.0766217427171812,0.0808353533976423,0.0846317843859364,0.088,0.0922376717209557,0.0956938551570649,0.0988213608384179,0.1003720189027378,0.1012709214545568,0.103,0.1038985345733445,0.1045602050370862,0.10589211298333,0.1076751983427404,0.1077676410951132,0.105,0.1008898914859529,0.0965264220346085,0.0929844077257711,0.089602418621096,0.086459403213002,0.0839999999999999,0.0806838745632075,0.0778205374526826,0.0756639246001471,0.0728661283333897,0.0705863870486234,0.068,0.0646443894773428,0.0614244383851191,0.0576501093807462,0.052786229677242,0.0437303085739939,0.031,0.0207079871555417,0.0122989004173857,0.004613278150956,-0.001436164796092,-0.0100644201024191,-0.0210000000000001,-0.0289084283434912,-0.0334855701157853,-0.037141505312076,-0.0400506566818817,-0.0425104621977056,-0.0449999999999999,-0.0466749106440944,-0.0488216742988505,-0.0516924154488149,-0.0537067496375077,-0.0552842994739971,-0.056,-0.0553052266686015,-0.0531912139443655,-0.050056288003681,-0.0464985040767963,-0.0420141308164175,-0.036,-0.027037756537774,-0.0173163250671252,-0.0092367019211922,-0.0002945226744724,0.0070935943816401,0.0099999999999999,0.0123716499526876,0.0152994749205093,0.016520836017623,0.0175594391369889,0.0192987068565661,0.02,0.0207503117785845,0.021846750042849,0.0219712967669887,0.0221997929126962,0.0232308373679588,0.024,0.0239989576191909,0.0240840504162459,0.0235376756953782,0.0228651370845197,0.0229764893209507,0.0219999999999999,0.021131759771873,0.0198875962201757,0.0178109858653682,0.0163413086665425,0.0133093179695739,0.0109999999999998,0.0095000071887818,0.0068521687386688,0.0045895717917397,-0.0004977578747845,-0.0073050045156395,-0.014,-0.0209692633667747,-0.0243789693750188,-0.0259926578447598,-0.0274488797636173,-0.0282027598098065,-0.0299999999999999,-0.0317234662282251,-0.0332500028321272,-0.0351099128104856,-0.0364318264713573,-0.0371204291289985,-0.038,-0.0389388071164909,-0.0389377595765491,-0.0394493236247092,-0.0401655225385078,-0.0399439672360262,-0.0399999999999999,-0.0400213661264028,-0.0400085583344078,-0.0396994406290918,-0.038496170017769,-0.0379975394765183,-0.038,-0.0372036063905492,-0.0362980797348602,-0.0355238208515026,-0.0346574979382011,-0.0338303956692577,-0.033,-0.0322271352979897,-0.0306950784991753,-0.0293219613899438,-0.028640145901971,-0.0264967824833412,-0.025,-0.024358340053983,-0.0219464906553359,-0.0199910610961304,-0.0180877383888516,-0.0155555358988815,-0.0139999999999999,-0.0123652935056338,-0.0106441561963779,-0.0089738632765157,-0.0075213876777187,-0.0068939548746907,-0.0060000000000001,-0.0050711437769425,-0.0050173374205874,-0.004659024888901,-0.0035637207394853,-0.0028891590033065,-0.0019999999999998,-0.0010962778400376,-0.0004927318272578,0.0007850550130638,0.0007306265533522,-0.0001116047987648,-0.001,-0.0042062397295651,-0.0078309436277555,-0.0106047888768114,-0.0127423044675412,-0.0143366568636013,-0.0159999999999999,-0.0168226591028233,-0.0182527071616623,-0.0197143613912739,-0.0203455649986775,-0.0225006708757529,-0.024,-0.0246995285530721,-0.0264516704844111,-0.0275047568101782,-0.0284158780760141,-0.0290305192175826,-0.0289999999999999,-0.0297903980217999,-0.0307003510360792,-0.0314897935460921,-0.0323211696755803,-0.0331874579051302,-0.0340000000000001,-0.0347427035324646,-0.0363684027505897,-0.0376006847441707,-0.0383353122350851,-0.0390749919452522,-0.0389999999999999,-0.0397531934982648,-0.0407493324662841,-0.0414800074695061,-0.0421473338512459,-0.0420141434987246,-0.0429999999999998,-0.043187785636614,-0.0426426294686118,-0.0437571057446678,-0.0438815641794583,-0.0441784051550076,-0.0449999999999999,-0.0449783060789192,-0.0451260091237916,-0.0445200857313506,-0.0437089409273758,-0.0427845282352731,-0.042,-0.0413007489544742,-0.0395373080277171,-0.0385542012634941,-0.0373633476195813,-0.035769847673556,-0.035,-0.0333512687633303,-0.0321637375474941,-0.0316405875420049,-0.030565132526194,-0.02988933879304,-0.0289999999999999,-0.0280656165652448,-0.0280313966595185,-0.0276374933340904,-0.0265879707140524,-0.0258708080706626,-0.025,-0.0241304983569685,-0.0234050377647218,-0.0223842238307478,-0.0219170590549103,-0.0220379065565181,-0.022,-0.021176839708809,-0.0208081420633594,-0.0212046534519903,-0.0207964126112631,-0.0211906701805903,-0.022,-0.0220074540143715,-0.0219891786297464,-0.0222690917696818,-0.0235539510808406,-0.0239615625046027,-0.0239999999999999,-0.0248642111468624,-0.0255492856621852,-0.026726354092087,-0.0269137831132303,-0.0271669044901723,-0.0280000000000001,-0.0279383277554166,-0.0286885621692223,-0.0290998858138839,-0.028993885406414,-0.0289658887254498,-0.0289999999999999,-0.0298427745682335,-0.0305519589283163,-0.0320138674615553,-0.0333445418225582,-0.0327004907185781,-0.0299999999999999,-0.0265877797798321,-0.0235711793213999,-0.0193001423630295,-0.0159954953358201,-0.0149099514588895,-0.016,-0.0199140677474137,-0.0282319962691046,-0.0503736858696485,-0.0866049629278573,-0.1303627987850954,-0.183,-0.2454013560662589,-0.316638585958009,-0.3939050261263828,-0.4742535178602117,-0.5520070359608404,-0.622,-0.6797946169683122,-0.7168016157294419,-0.7351828254379167,-0.7386019583160659,-0.7310731299705876,-0.7179999999999997,-0.6938028332784103,-0.6658411432440665,-0.6415717782658515,-0.6148627496028176,-0.5845256785030138,-0.5469999999999999,-0.5011316965292283,-0.4464917642683582,-0.3837596025090687,-0.3190250036192469,-0.2542551704882416,-0.1949999999999999,-0.1415418674473772,-0.0892581601714643,-0.0396645572831786,0.0049258507640767,0.0404637198726306,0.0719999999999998,0.102621021546158,0.127017777162232,0.1495888261159768,0.1686503993053172,0.1798429778180514,0.1879999999999999,0.1932802937756631,0.1967393561885252,0.198922757589145,0.1965430828394382,0.1920985914012554,0.187,0.1810781431911102,0.176054530178815,0.1705536299797928,0.1648216333551277,0.1601088355349083,0.156,0.1526590190215494,0.1492607167382396,0.1464485010607221,0.1438212449745204,0.1403312582271577,0.138,0.1363591301523893,0.1346287817065771,0.1330060646112955,0.1314867130047217,0.1309152765477401,0.13,0.1290767727312843,0.1285483655125521,0.1268975769950354,0.125650200275655,0.1247375750972486,0.1229999999999999,0.1220758915296113,0.1214901851256173,0.120068636594688,0.1181472595599458,0.1154313967525737,0.1129999999999999,0.1092826558573854,0.1013947011788411,0.0938981221823446,0.089342203913287,0.0851963120503622,0.082,0.0795450653578491,0.076475074375919,0.0725608342249343,0.0683137754627887,0.0641643560219345,0.0599999999999999,0.0558988221278172,0.0510219326993166,0.0463018096203181,0.0424863197341421,0.0379968458474646,0.032,0.0245152971452578,0.0174486562938533,0.011681518013469,0.0077176841245537,0.0055858393516193,0.003,0.0011957186370444,-7.75656602697773e-05,-0.0025942139942229,-0.0048595157578985,-0.0076557012563453,-0.0109999999999999,-0.0142180379905024,-0.0188339356278642,-0.0241623042395074,-0.0287259870616651,-0.0328104942879539,-0.0369999999999999,-0.0419005490923079,-0.0476214428111093,-0.0537639356504709,-0.0610546081092895,-0.0683605109450693,-0.0749999999999998,-0.0825845566228884,-0.0880411297496367,-0.0896362752800181,-0.0902831404727863,-0.0911951237419884,-0.0919999999999999,-0.0927411744514043,-0.0940619193827969,-0.0923184177999638,-0.0864954555163955,-0.0809824423077936,-0.0759999999999999,-0.0717663085667186,-0.0676889254118457,-0.0640585507714188,-0.0623619178536747,-0.0592126141555114,-0.0559999999999999,-0.054400371499455,-0.0519731761854301,-0.0498857829264705,-0.0483798608911758,-0.0466492918339171,-0.0449999999999998,-0.0433883121035003,-0.0410564493644227,-0.0387461358644154,-0.0375366961000297,-0.0355266032578911,-0.0339999999999999,-0.0340401145012018,-0.0333971251022161,-0.0324859299506465,-0.0316497282627268,-0.0308573521991188,-0.0299999999999998,-0.0290802943969945,-0.0290108685070188,-0.0286661323948297,-0.0275377607815827,-0.0269677337609195,-0.027,-0.0262520640893065,-0.0251648006668654,-0.0249877977245779,-0.0249760977083118,-0.0250244167157199,-0.0249999999999999,-0.0249498357252361,-0.0251475314347013,-0.0244851282968778,-0.0238778687491927,-0.0240361773009096,-0.0239999999999999,-0.0239855508308541,-0.0240166123021793,-0.0239879402845915,-0.0240049289627749,-0.0240011374356413,-0.0239999999999999,-0.0239638433736348,-0.0245278881883252,-0.0256867258142618,-0.0259837054956374,-0.0261086408961767,-0.027,-0.0270430061599777,-0.0274210371393187,-0.0287965962743267,-0.0288917529291877,-0.0291633540150848,-0.0299999999999999,-0.0299699194775933,-0.0306057241477132,-0.0312399152922532,-0.0308065075157306,-0.0311765548960258,-0.032,-0.0319919886878892,-0.0325106073323278,-0.0336814271623627,-0.0340159920738694,-0.0340580239660654,-0.035,-0.0366835797058571,-0.0378470088655316,-0.0380419449071909,-0.0378771610580935,-0.0366096919134234,-0.034,-0.0314602193025359,-0.0290695342564076,-0.0263866609362216,-0.0242570537740629,-0.0226855156911779,-0.021,-0.0193309110077343,-0.0176599681799154,-0.016025552110249,-0.0142796668950949,-0.0127628862232939,-0.012,-0.0111817815184024,-0.0103537353982008,-0.0091846699190865,-0.0071778492810215,-0.0058195318344971,-0.0049999999999998,-0.0033977430136916,-0.0015343812073773,-0.0004485695971796,0.0003300191215553,0.0011467162000735,0.0019999999999999,0.0036522174524639,0.0048909026526345,0.0049845948297923,0.005031147424264,0.0049779085248961,0.005,0.005055102493199,0.0044399194023079,0.0033522120523404,0.002976241606691,0.002925979901274,0.002,0.0011426208339259,0.0003195835574925,-0.0001764819012824,0.0001172240220267,-6.229105492158421e-05,-3.789561257387201e-17,9.545380462634512e-05,-0.0006446374098124,-0.0015028878456198,-0.0023301856982161,-0.0031791272722149,-0.0039999999999999,-0.0040594983352088,-0.0039185876376758,-0.004084213090392,-0.0039290102624973,-0.004045319521045,-0.0040000000000001,-0.0032491732059326,-0.0016838025205345,-0.000299686627666,0.0001970727568654,0.0012391148414201,0.002,0.0027557389521961,0.0038219936599596,0.0042623840022777,0.0057362409803779,0.0071970807575781,0.0080000000000001,0.0089173459439406,0.0089943758194494,0.0091269010587482,0.0085519474713745,0.0065952149456093,0.0049999999999999,0.0033794093284923,0.0015816995163048,0.000136159028847,-0.0019520570534318,-0.0044898094806158,-0.0069999999999999,-0.01030473550273,-0.0132992037137117,-0.0144056593092304,-0.0132739871476908,-0.0103403406572406,-0.0069999999999999,-0.0036956454956848,0.0004797888283805,0.0078603131151066,0.0157797482322663,0.0194839476928397,0.0220000000000001,0.0246117368835685,0.0263484019194695,0.0277597451360934,0.0278818644451806,0.0265836499277378,0.023,0.0169144957127943,0.0021620601219268,-0.027292874674489,-0.066761744422102,-0.1156078700586193,-0.174,-0.2413430460720684,-0.3173955119951773,-0.3970947591289052,-0.4784896354251849,-0.5542845120280412,-0.6189999999999999,-0.6675603689422064,-0.6883177768816672,-0.6937810039903163,-0.6957358371760066,-0.6830876811217474,-0.658,-0.6305318291033822,-0.6025853900543804,-0.5725333833267242,-0.5368720254959435,-0.4938364830922188,-0.445,-0.3927908240169807,-0.3380563017540577,-0.2831275391819605,-0.2274412559236948,-0.1709249928123461,-0.1189999999999999,-0.0704681147934544,-0.0249075934241501,0.0168519893350688,0.0587043035101976,0.0972105922661156,0.13,0.1547104793512815,0.1655340738208894,0.1681811364293021,0.1693970708675209,0.1701714962276372,0.1709999999999999,0.1710175266500616,0.1710862461157949,0.1702990824670616,0.1680256636359919,0.1654263097584585,0.1619999999999998,0.157974122861594,0.152357440598437,0.1473528755056923,0.1454328170998209,0.1435759860102389,0.1419999999999998,0.1411875930540835,0.1402823485923957,0.1395418809644461,0.1387681810972305,0.1391320804969833,0.1389999999999999,0.1380537666698708,0.1380859313714492,0.1375455558852782,0.1366950164480397,0.1357844427557412,0.1349999999999999,0.1350378812000082,0.134416630100818,0.1334559323741057,0.1326810336689025,0.1318344695814529,0.1309999999999999,0.1301476134275093,0.1294022271959031,0.1281576115555969,0.1260578925536888,0.1235341501038912,0.1219999999999999,0.1204854033890076,0.1178666835274472,0.1160077688938636,0.114247466831811,0.1127658332674904,0.1109999999999999,0.1076397001791804,0.1045936899973221,0.0996822430728541,0.0939529233878539,0.0903089566259816,0.086,0.0804320164750061,0.0714708959363865,0.0606165421953868,0.0511586512632039,0.0395643388846816,0.0300000000000002,0.0250152380783542,0.0192980796932939,0.0139989786788982,0.0087216492686691,0.0029074131882434,-0.0029999999999999,-0.0120912088191857,-0.020000546698468,-0.024754564324318,-0.0302642150144182,-0.0347697654574423,-0.039,-0.0440779036661135,-0.0483453284392621,-0.0525426140826868,-0.0565961212849181,-0.0608983491645287,-0.0649999999999999,-0.0682896532028474,-0.0722447680703955,-0.07660165871185,-0.0803387403337559,-0.0822166646850371,-0.0829999999999999,-0.0838803304677475,-0.0844998373746841,-0.0860806817499268,-0.0872515883523916,-0.0868395720200187,-0.085,-0.0801949264430893,-0.0742889883106076,-0.0682903385584951,-0.0609272981561312,-0.0536607840743105,-0.048,-0.0430594458317363,-0.037405115425607,-0.0314339673229889,-0.0258341224623019,-0.021146474169494,-0.0169999999999999,-0.0127589462002568,-0.0093194740516985,-0.0058936889111337,-0.0031039309905262,-0.0017332305461208,-1.9263603058384935e-16,0.000955398614723,0.0014328637443222,0.0030907925892117,0.0044021456105621,0.0051571379577194,0.0059999999999999,0.006818001413413,0.0077372674799817,0.0081201869611275,0.007925287230213,0.008039975160261,0.0079999999999998,0.007948786634531,0.0081171013831774,0.0077934236864434,0.0083961758993671,0.0090083984458552,0.009,0.0106285502256176,0.0118475859429333,0.0122172781923239,0.0110787161690641,0.005749710265443,0.0009999999999999,-0.0007220164229075,-0.0023175864941576,-0.0039727016097151,-0.0057300666404123,-0.007231277714572,-0.008,-0.0088113758694532,-0.0097033591921292,-0.0104453066804743,-0.0114142001366511,-0.0120462066119528,-0.0119999999999999,-0.0127568166709884,-0.0137734828017421,-0.0143835135155365,-0.0154413741631423,-0.0160886519767548,-0.0169999999999999,-0.0187166350578991,-0.019737880253878,-0.020461814619819,-0.0213484313899834,-0.0221643968996195,-0.0229999999999999,-0.023824943025247,-0.024695383774061,-0.0254300169056658,-0.0265419849133282,-0.0284253210040194,-0.0309999999999999,-0.0343456394594858,-0.0371632434318173,-0.039130945970708,-0.0401634307119762,-0.038471537006754,-0.036,-0.0344077666911341,-0.0319599589909517,-0.0299475107997332,-0.0281348230814235,-0.0255294869058255,-0.0240000000000001,-0.0216750822605993,-0.0186286041833509,-0.017563695938139,-0.0163621704213106,-0.0147517877789831,-0.014,-0.0131727272925036,-0.0123596066787871,-0.0114022176096158,-0.0109530263802364,-0.0109267969533848,-0.01,-0.009880295905602,-0.0102215261979195,-0.0094386667589531,-0.0088732022282117,-0.0091148412582557,-0.01,-0.0101140644999822,-0.0097750416908897,-0.0105646491031342,-0.0112255462212997,-0.0122597015335635,-0.0129999999999999,-0.0129005194747835,-0.0137514796628758,-0.0139981222418243,-0.0142390826895459,-0.0151566848777206,-0.016,-0.0177244686745332,-0.0182260004832707,-0.0178195962622175,-0.0181389532327264,-0.0178780323877993,-0.017,-0.0160912663039394,-0.0159971935564599,-0.0156625021034214,-0.0145808672975367,-0.0138645155929285,-0.0129999999999998,-0.0121767753225816,-0.0112185969484101,-0.0112486215890857,-0.0124587168923261,-0.0131654961966035,-0.0149999999999998,-0.0168402396293846,-0.0175006066078282,-0.0190639697212357,-0.020386518349638,-0.0212292761323771,-0.023,-0.0247190677013255,-0.0262377208780652,-0.0281411714230896,-0.0294739037712979,-0.0315896709449087,-0.035,-0.0386717770838382,-0.0506081715986181,-0.0793407500548551,-0.1227848393253252,-0.176461760608148,-0.239,-0.3085516665287465,-0.3819976423282417,-0.4567916312196565,-0.5274675840521784,-0.5909685169425469,-0.6389999999999999,-0.6593137100999079,-0.6661239791357364,-0.6668264500700193,-0.6485227877721345,-0.6217356732230157,-0.5959999999999998,-0.574061609608853,-0.5622526287775704,-0.5493446034542996,-0.5293416885922466,-0.5013287068088949,-0.4579999999999998,-0.4008410810607924,-0.3324234834776809,-0.2589820267102065,-0.1906996998623529,-0.1322446110286038,-0.0859999999999998,-0.0502196226449804,-0.0214257364264873,0.004618298551901,0.0324203037056787,0.0620009532469582,0.0929999999999999,0.1262970922063789,0.157120997178966,0.1739693175057802,0.1781371506469881,0.1832413177730709,0.1859999999999999,0.1796989156075925,0.1718243007643532,0.1645242173518547,0.1574366789463064,0.1534055927750409,0.151,0.1493009243912904,0.1476493699173928,0.1463709568431185,0.1455754645169212,0.1435678582750516,0.142,0.1396789816183886,0.1366424955736191,0.1352784074161531,0.1328287780234359,0.130776492073452,0.1299999999999999,0.1282998502104926,0.1272728341970492,0.1264820028455547,0.1257559792337186,0.1246885118786562,0.1229999999999999,0.1221822195984649,0.1207712868307384,0.1189538620397711,0.1173150761706099,0.1157528887265124,0.1149999999999999,0.1141786469813185,0.1133513906288242,0.1124084099824286,0.1119490607310652,0.111932666598425,0.1109999999999999,0.1101656618147165,0.1088844591420569,0.1062849959053567,0.1021226704887184,0.097005461434549,0.092,0.0840966800555203,0.0726901442494269,0.0617157183702225,0.0548504558008966,0.0513316270842486,0.047,0.0419720489304349,0.0370438621224743,0.0319675715612891,0.0269962249836911,0.0220638638773259,0.018,0.0145816016032354,0.0120399304703613,0.0088402833540809,0.0040047846823867,-0.0011104465356023,-0.0079999999999999,-0.0155519981320089,-0.0229453141727762,-0.0302725958071825,-0.0364408402877178,-0.0435152726035287,-0.051,-0.0584817426515445,-0.0655789307439898,-0.071513564302171,-0.0769569786306152,-0.0791804650507702,-0.0799999999999999,-0.0809513415948336,-0.0813642140815798,-0.0832547901818081,-0.0840784534127541,-0.0839622844877973,-0.0819999999999999,-0.0762843256200479,-0.0694803741784336,-0.0596399443686638,-0.0491304035355138,-0.0416484814276464,-0.035,-0.0283635141144465,-0.0215577189629946,-0.0152428270987459,-0.0078275083911351,-0.0008924496792709,0.003,0.0071662209514937,0.0107058258982922,0.014648985532542,0.0200696211110678,0.0235942547070713,0.027,0.0297121061763617,0.0311166545729041,0.0336080316539331,0.0357101379079986,0.0373121447390898,0.0379999999999999,0.0371219731466396,0.0370196557125777,0.0363337075088568,0.0341176543168574,0.0327870546871056,0.0309999999999999,0.0284675514261138,0.0257036645125854,0.0209209108896644,0.0163553309009524,0.0119795986849513,0.0059999999999998,0.0008535061746367,-0.0032880418374869,-0.0078090920226805,-0.0132261150817044,-0.0176800277475198,-0.02,-0.0224947699350985,-0.0245023908772312,-0.0258240027550842,-0.0279490363819712,-0.0305191441011862,-0.033,-0.0354561391810523,-0.0381467167029118,-0.0399652794300181,-0.0419315370542309,-0.0444358529129285,-0.0460000000000001,-0.0476529527732154,-0.0492986179679449,-0.0511584907950399,-0.052154746583036,-0.0520451294789868,-0.0529999999999998,-0.053097766920972,-0.0529221954611815,-0.0527542162411052,-0.0515117638396527,-0.0508627382264341,-0.049,-0.0463929217521965,-0.04467074330121,-0.0429809036314532,-0.0413246098964037,-0.0397427446695765,-0.0389999999999999,-0.0374615768353953,-0.0354547439571984,-0.0342836330838746,-0.0319034132910762,-0.0296436661473625,-0.0280000000000001,-0.0262913223687702,-0.0247709116130383,-0.0228208662664775,-0.0216702759634372,-0.0207857061857898,-0.02,-0.0200182539352143,-0.0198740043660328,-0.0205211299728527,-0.0210748316831297,-0.0210673427442463,-0.0219999999999999,-0.022106873047974,-0.0218480348872337,-0.0221630528820205,-0.0218570192299987,-0.0220902240856886
-0.022,-0.021846828096388,-0.0227858993819302,-0.0232679767345819,-0.0245849832978746,-0.0232668356602326,-0.0179999999999999,-0.0152607784566637,-0.0137168088255398,-0.0123321036219142,-0.0115702854405104,-0.0096253189493593,-0.0089999999999999,-0.0090524003356235,-0.0089258428646972,-0.0090359861396409,-0.0091396638976926,-0.0102471966074213,-0.011,-0.0117847824459855,-0.0127006965649477,-0.013763273055811,-0.0158477325524062,-0.0171938717630486,-0.0179999999999999,-0.0173953921135801,-0.0150191930777894,-0.0124800934462136,-0.0101665956094107,-0.0087400127782809,-0.007,-0.0052768792466988,-0.003733597482407,-0.0021803362882583,-0.0020796339435653,-0.00192287070502,-0.002,-0.0028553877946328,-0.0035696855201519,-0.0049059024592923,-0.0067463916093472,-0.0082204341415492,-0.0089999999999999,-0.0105832432125547,-0.0124383308170209,-0.0139305757655093,-0.0155601875733948,-0.0160656339422069,-0.0169999999999999,-0.0172253677674351,-0.0160831630389719,-0.0161682516083334,-0.0156149270862067,-0.0149737613588158,-0.0149999999999999,-0.0141975776515465,-0.0133181708094464,-0.0124966069715981,-0.0116777225262243,-0.0108270306743964,-0.0100000000000001,-0.0091337803201249,-0.0088794902706773,-0.0090836911858907,-0.0090780948828558,-0.0103100158945573,-0.0110000000000001,-0.0108489293798974,-0.0122780059359085,-0.0137413697432099,-0.0140038232568244,-0.0140352603158202,-0.0139999999999998,-0.0124059393792923,-0.0110500574007249,-0.0108280529052142,-0.0092157046938022,-0.0078104165922432,-0.0069999999999999,-0.0068545783031364,-0.0077112996848829,-0.0086514095867762,-0.0111652851343923,-0.0132557089727951,-0.0139999999999998,-0.0148497061077787,-0.0156100290333815,-0.0165895806918789,-0.0172362638237662,-0.0182358873389406,-0.019,-0.0196970360862221,-0.0214408223664097,-0.0225336871637451,-0.0233578267927139,-0.0241367950451997,-0.0249999999999999,-0.0258827451182762,-0.0265666466836297,-0.0276332506440348,-0.0281994450341776,-0.0292588620277957,-0.0299999999999999,-0.0306469265233962,-0.0329474638209782,-0.0357334398396627,-0.039751939164297,-0.0436913274447297,-0.0469999999999998,-0.0503607710951986,-0.0539933671817704,-0.0596118183548206,-0.0678761289621885,-0.0840694159383516,-0.1090000000000001,-0.1405540096504884,-0.1822537524619923,-0.2351150372334452,-0.3008499859835772,-0.3766766292249567,-0.4579999999999997,-0.5409489419715051,-0.6181913067096011,-0.6873242800467915,-0.7407593692683094,-0.7713808316216352,-0.7819999999999998,-0.7772700199576604,-0.7617345850701042,-0.7331520180963418,-0.696060081995482,-0.6629559527726903,-0.636,-0.6118970892261953,-0.5854739362673876,-0.551649318775949,-0.5088361590200371,-0.4584000130129363,-0.4019999999999999,-0.3420554962597401,-0.2819419922335092,-0.2226521316433148,-0.1678343906731104,-0.118434166545205,-0.073,-0.0305035304465934,0.0118350974068995,0.0509242421770025,0.0872425884387616,0.1152304498045197,0.1259999999999998,0.1302200438477113,0.1328472668770655,0.1332603189170638,0.134264238899723,0.1324194920789843,0.1299999999999999,0.1276490877574684,0.1246775648490955,0.1232270034512799,0.1209096813993642,0.1186560210030323,0.117,0.114551845464166,0.1115020791169093,0.1075182921279156,0.1033469022453978,0.0991544593915407,0.095,0.0908194148105395,0.0871333372950606,0.0844981368959853,0.0819829563469631,0.0795090882857098,0.077,0.0745329881042117,0.0714553741275767,0.0678946076292477,0.0647392583621021,0.0613058343545308,0.058,0.053934681681415,0.049504085951293,0.0456967643799271,0.0411307057335955,0.0373535518958936,0.0340000000000001,0.0305469175438925,0.0280552818756856,0.0253615905547185,0.0231962050458692,0.0202807220966456,0.017,0.015368909988734,0.0129902799049328,0.0109417024994845,0.0091160880653776,0.0065570680250867,0.0049999999999999,0.0025610211514703,0.0004236238908094,-0.0007770377241951,-0.0028303508797975,-0.0042791290867729,-0.0069999999999999,-0.0112417147559616,-0.0146615416023151,-0.018295145775015,-0.0229968153828243,-0.0278791649564209,-0.0309999999999999,-0.0334415172640585,-0.0361155736342805,-0.0383517279279992,-0.0411454749642903,-0.0434009771983376,-0.0459999999999999,-0.0486856631109147,-0.0500818192887701,-0.0529655064644356,-0.0562180578193662,-0.0598552180592723,-0.0639999999999999,-0.0664779495603151,-0.0696825365608081,-0.0723006538729465,-0.0735167301652234,-0.0753845803884315,-0.0769999999999999,-0.0786940911838005,-0.0797855081935028,-0.0802324513046758,-0.0793165535916292,-0.0764118320886971,-0.074,-0.0700698019312958,-0.0648289689173352,-0.0600264567619576,-0.0527405016309632,-0.0444145999483736,-0.037,-0.0302086494632888,-0.0244282025316901,-0.0179893704519743,-0.0116897565643564,-0.0071673777335671,-0.003,-0.000246085147646,0.0005861391626953,0.0019425878072873,0.0036568589219268,0.0053657877210675,0.007,0.0078506384399058,0.0086847165029494,0.0094084835520817,0.0106118834512674,0.0122723605045547,0.013,0.0137929981104772,0.014716499221806,0.0154605566441015,0.0163519895962604,0.0171671912995093,0.018,0.0187677315590045,0.020321872700396,0.0216471751759572,0.0223992674935349,0.0244699441360857,0.026,0.026735739606823,0.0283769730006771,0.0296160279048117,0.0302743675270627,0.0311944839134535,0.0320000000000001,0.0327904950076643,0.0338026008670234,0.033987063225752,0.0342403995095538,0.0351147243849419,0.0349999999999999,0.0357000949939474,0.0368824761910654,0.0372134105868885,0.0387674466733119,0.0401839365443828,0.041,0.0419193255935015,0.0420123242542878,0.0420378278481421,0.0419342746213646,0.0420620903255986,0.0419999999999999,0.0411441370243163,0.0404611646827943,0.0389886492143278,0.0375553856889082,0.036854608342578,0.036,0.0351970656868707,0.0342022822039451,0.0340224446653569,0.0337399532172721,0.0329028554843092,0.033,0.0322704484140805,0.0311670612993619,0.030924468785377,0.0312103696756695,0.0322108138383856,0.033,0.0338222396833722,0.0346247445432688,0.0358900029470108,0.037570993807107,0.038052519855908,0.039,0.0406789235770192,0.0423365627484959,0.0437074413233983,0.0441817109014413,0.0452258980299505,0.0449999999999999,0.0425212594331413,0.0400611471783172,0.0371093641440371,0.0335967352964358,0.0304187206013018,0.0279999999999999,0.0255968072242019,0.0223246453680997,0.0192901777205498,0.0173183466605194,0.0156324333027018,0.0139999999999999,0.0139380600512496,0.0135621879469605,0.0125189976686943,0.0135776232777686,0.0139197701709875,0.0139999999999999,0.015672026835717,0.0172380974326805,0.0192120774158129,0.0202530001813289,0.0213343945360641,0.0229999999999999,0.0237363295177748,0.0258665324630926,0.0285300736823677,0.0310744233211442,0.0333151046928021,0.0339999999999999,0.0341598831473726,0.0322573102146699,0.02931041239758,0.027118492403894,0.0244516531453163,0.022,0.0188315194276606,0.0145085939320652,0.0114557923564653,0.0113067648607822,0.0135671120434729,0.017,0.0212178993791513,0.0243053175159464,0.0259026257213348,0.0277927855651374,0.0291876390230312,0.0299999999999999,0.0316110412279005,0.033409004073083,0.0349105506986467,0.0367692707966696,0.0382105065394997,0.039,0.0398424442336797,0.0406225641107506,0.0416095561603433,0.0420476464248102,0.0420590902063629,0.0429999999999999,0.0439187435219752,0.0440566169813671,0.0439364462127808,0.0440874630999846,0.0438747113568188,0.0429999999999999,0.042932479879855,0.0430832675886974,0.0429368133463477,0.0429301788408636,0.0416256473482673,0.0399999999999999,0.0392280038558635,0.037655820618727,0.0364065947677636,0.0355109651736267,0.0336655691315234,0.0330000000000001,0.0315761837993648,0.0287407957230725,0.0269717316142294,0.0229523471682313,0.0167258201738097,0.01,0.0031410195598002,-0.0019355581311581,-0.0075480540427036,-0.0128719138040264,-0.0168487822708429,-0.0219999999999999,-0.0270735413785016,-0.0315031293946409,-0.0347237663801577,-0.0367636151949032,-0.0382000743384172,-0.039,-0.0406682481504725,-0.041785222162538,-0.0424745027613862,-0.0431388595507455,-0.0430185487961249,-0.044,-0.0449086438827148,-0.0455606522786515,-0.0466000899421146,-0.0472653509714992,-0.0481929154589094,-0.049,-0.0498757286931024,-0.050047614815642,-0.050317853937544,-0.0512874737332944,-0.0508648654026472,-0.051,-0.051166652049706,-0.0501920078827264,-0.0499857180345663,-0.049977810160939,-0.0500113021755628,-0.0499999999999999,-0.0507375289771296,-0.0518241178610371,-0.0523052939409131,-0.0535373948525892,-0.0539762563003152,-0.0540000000000001,-0.0541531566303809,-0.0527768345309657,-0.0506909358674051,-0.0476702678668439,-0.0443661218350862,-0.0409999999999999,-0.0375815436922231,-0.034571990295262,-0.030313577350998,-0.0268915710065734,-0.0244586443258046,-0.0219999999999999,-0.0218876582165832,-0.0220440754545972,-0.0225436195262529,-0.0251552414753589,-0.0273918536651673,-0.0309999999999998,-0.0416841985120686,-0.0625294120656641,-0.0950095137495116,-0.1410804846096563,-0.1995352914314379,-0.2679999999999999,-0.3442513853575221,-0.4237151133851863,-0.5047984823206435,-0.5840192528543209,-0.6555198782536105,-0.715,-0.7547793566184534,-0.7724470151339363,-0.7713932209625438,-0.7601612349393224,-0.7485714005816928,-0.732,-0.7115479035871132,-0.6955593596519675,-0.6767298831889808,-0.6486625900086894,-0.6103747283654778,-0.5599999999999999,-0.5006920099195548,-0.434376134563364,-0.3623633580961632,-0.2911635579454953,-0.2283312141688857,-0.177,-0.1361547066874898,-0.1028567003955355,-0.0744679395028471,-0.0488578636673889,-0.0226338979932731,0.0049999999999999,0.0362435514161849,0.0683772573242421,0.0869552978342181,0.0926457697562375,0.0968421189392099,0.1,0.1018280156088193,0.1012657520096169,0.0973482450141943,0.0912941608704455,0.0834334049814192,0.0769999999999999,0.071293242553911,0.0649696571154846,0.0610150293664432,0.0597512250611235,0.0601178522496992,0.0599999999999999,0.0590782418650915,0.0590398676926807,0.0585910326690444,0.057761474193312,0.0581757230685317,0.0589999999999999,0.0590403411150451,0.0589544897292726,0.0590381682149637,0.0589785983778519,0.0590001363461378,0.0589999999999999,0.059755390627115,0.0607970796095419,0.0613099085265614,0.0626783614326814,0.0642444561566883,0.0649999999999999,0.0657699467631356,0.0672449426362902,0.0691040689567621,0.0703893980592681,0.0694920999864787,0.0639999999999999,0.0570826733843081,0.0525493860170322,0.0487707155555406,0.0460812176348904,0.0433287767071203,0.04,0.0383168557046313,0.0361057667665131,0.0337398190451592,0.0325065934577768,0.0305684139445526,0.029,0.028214683278078,0.0267692031564087,0.0247130849411009,0.0213182661103537,0.0142839775463886,0.0049999999999999,-0.002709820668601,-0.008741848013135,-0.0144192453009646,-0.0204318397105358,-0.0260677972946023,-0.032,-0.0402344467589268,-0.0487472018914615,-0.0570060688406309,-0.0650313188871643,-0.0710660510819681,-0.076,-0.0808967029315546,-0.0871480696120715,-0.0941598138150596,-0.1004569936365472,-0.1059490842449563,-0.1089999999999999,-0.1106588064992405,-0.1123501202854084,-0.1140201919413499,-0.115478964474906,-0.1161236376839534,-0.1169999999999999,-0.1164265975778357,-0.1139520646588762,-0.1116209354478555,-0.1087487927897446,-0.1052553898679937,-0.1009999999999999,-0.0960978648198806,-0.0898564173489838,-0.0830788996751296,-0.0781647947033233,-0.0728656736113121,-0.0679999999999998,-0.0639811740275624,-0.0588141615021598,-0.0546706599480457,-0.0497570373564161,-0.0439399074789639,-0.039,-0.0323997504549086,-0.0261506584898059,-0.0201477988770865,-0.0112235373892863,-0.00394991936458,-0.0009999999999999,0.0014369667092952,0.0040904486447513,0.006402462156752,0.0090955930957365,0.0113972630512881,0.013,0.0138821278884039,0.0145964865763327,0.01557260346894,0.0162844397940456,0.0171500674397215,0.0169999999999999,0.01610638849627,0.0155166148844401,0.0139258435088758,0.0126251442243812,0.0117601684592779,0.0099999999999999,0.0083038229178153,0.0067050722163428,0.004958442157681,0.0033781140851619,0.0016231945659233,8.526512829121201e-17,-0.0007834488721325,-0.0027359143751153,-0.005749360306389,-0.0077861845076844,-0.0106418724437361,-0.013,-0.0145211897642188,-0.0171943970322592,-0.018594715345263,-0.0194793483231815,-0.0214524911162958,-0.024,-0.0265301281617503,-0.0293463699263915,-0.0337321919637851,-0.0371972663825479,-0.0409203557601837,-0.0459999999999999,-0.0515399914177308,-0.0597602584011655,-0.0675796097611551,-0.0806814453519895,-0.105648864794157,-0.1369999999999999,-0.177662658545878,-0.2259530402321758,-0.2776935329707219,-0.3356508292212252,-0.3932805990015905,-0.4489999999999998,-0.4954996534176291,-0.5177324732728946,-0.5220079762153639,-0.5087464832357763,-0.4692251894133289,-0.4129999999999998,-0.3555645424298299,-0.3072700272919231,-0.2698534921741199,-0.2471934872314273,-0.2401491021233666,-0.2339999999999999,-0.2263849154396137,-0.2169830713058083,-0.1953187317684603,-0.1635140251371064,-0.1279444459831206,-0.097,-0.071320128000008,-0.0448890827938431,-0.0259686095298019,-0.0123047737205248,0.0044204344645135,0.0199999999999998,0.0348854500674231,0.0509632454015964,0.0696564856929451,0.0897290873894521,0.1043454298568175,0.1129999999999999,0.1182325091974642,0.1217267473641089,0.1245254562221306,0.1245375101659297,0.1211313142757345,0.1159999999999999,0.1101158749674547,0.1053690478811853,0.1018610664396263,0.0968009945598894,0.0922877223562454,0.089,0.0847410906736891,0.0819036514477141,0.0791747107214985,0.0757593308091891,0.073555509336558,0.0699999999999999,0.0649906798096495,0.0600861508640067,0.0543892091975846,0.046788000631704,0.0398884317929015,0.0359999999999999,0.03189185596735,0.0280785442518526,0.0252621645211715,0.0214116918687767,0.0185946979489793,0.0169999999999999,0.0153413533306677,0.0136169189764645,0.0123732332457727,0.011618765727404,0.0094641788472783,0.0069999999999999,0.0046107303718814,0.0013247376504931,-0.0021551190007865,-0.0073085648015033,-0.0130534598015007,-0.018,-0.0238196283898375,-0.0291853277630906,-0.0336064452333999,-0.0373499476312264,-0.040911678555819,-0.049,-0.0614954386343713,-0.0730338385709043,-0.0825774668768162,-0.0916270071376217,-0.1008555284744891,-0.11,-0.1191273612405895,-0.1284672136552269,-0.1368143942690717,-0.1434842660302802,-0.1491051080635553,-0.1549999999999999,-0.1609460414807176,-0.1659260969821289,-0.1714760958272912,-0.177031907280751,-0.1805720251869972,-0.183,-0.1846976992657379,-0.1867126081142044,-0.1901774089196015,-0.1927637998167882,-0.1927509092980469,-0.1889999999999999,-0.1816172235890502,-0.1735073443933057,-0.1641046939479257,-0.1543343889020115,-0.1463395809485825,-0.1350000000000001,-0.1199915366849738,-0.105157504184739,-0.0894048248859835,-0.0741836601059355,-0.0617858437508615,-0.0529999999999999,-0.0464503862138205,-0.0380173633013102,-0.0278715628237329,-0.0182648868735931,-0.0091789103042826,-5.842240271805266e-17,0.0078056953733007,0.0126398830360925,0.0156945922331215,0.0176977047153599,0.0193386759940886,0.021,0.0226629425563173,0.023930288723448,0.0238547587664018,0.0243597726145553,0.0250370039224457,0.025,0.0258384557270212,0.0261277921258615,0.0259135172838317,0.0260453028349827,0.0259861109044377,0.026,0.0259918015125004,0.026041008351391,0.0258930565026363,0.0262849544004481,0.0271071085531745,0.027,0.0269156469218651,0.0276107685920612,0.0285527326459887,0.0292823720286889,0.0302034674647014,0.0309999999999999,0.0317643700030766,0.0328608507142372,0.0329036353921097,0.0333293719785421,0.0340503971339838,0.0339999999999999,0.0348312540177302,0.0351345720648615,0.034913900733591,0.0350350036883779,0.0350011918221358,0.0349999999999999,0.0349147006931232,0.0357111665968314,0.0360445482689601,0.0362164977870521,0.0371149936601731,0.0369999999999998,0.0377568150724854,0.0382873903713045,0.0376753858874548,0.0384428801390205,0.0390253294013357,0.039,0.0390201121772507,0.0389591677852651,0.039049154180151,0.0389575683295303,0.0390238864473689,0.0389999999999999,0.0389780912747298,0.0390358500669918,0.0389612852137204,0.0390309255520204,0.0389838847657477,0.0389999999999999,0.0390111825931576,0.0389878250943871,0.03899956461003,0.0390288632467521,0.0389205455254059,0.0379999999999999,0.0371218979093105,0.0364071218187108,0.0354070403218132,0.034774795980757,0.0337021049985823,0.0320000000000001,0.0310894491765276,0.0301378421797655,0.026251091050201,0.0211595089071436,0.0186863187540475,0.017,0.0151759252084993,0.0149480255387122,0.014715940097355,0.0134961077638329,0.01299650151028,0.013,0.0121727508817219,0.0118170432993189,0.0122185217848078,0.0116395529904048,0.0109313456216485,0.0109999999999999,0.0110168394614525,0.0109813170994452,0.0110145286310166,0.0109922455616497,0.0110009012676872,0.011,0.0110341071302298,0.0104740011229316,0.0093159528627973,0.0090041658214482,0.0089127966178329,0.008,0.0071410313678915,0.0063682604319162,0.005461673622659,0.0047063961119507,0.0037968317575616,0.003,0.0029992891910904,0.0025070085527355,0.0013154803864126,0.0008563636555561,-0.0003539022002464,-0.0019999999999999,-0.0028119125265545,-0.0038253814825647,-0.0036929239878524,-0.0025810640197877,-0.0018615293996296,-0.0009999999999999,-0.0001608747976968,0.0006706968376813,0.0014796218701375,0.002365762499687,0.003137581411035,0.004,0.004899662723558,0.0054677583252938,0.0071329864852031,0.0081583766176217,0.0080347120912309,0.009,0.0098760207814739,0.0106268630038029,0.011508178746383,0.0123727439120324,0.0130701370757209,0.013,0.0130074106100576,0.0129068557582275,0.0134770480467247,0.0141184720582604,0.014033392117933,0.0149999999999999,0.0158893298772804,0.016603742319914,0.0175176772506675,0.0184867908840152,0.0204128628343601,0.022,0.0229160138156955,0.0226169065277724,0.0209028416868098,0.0195152804685779,0.017273813389928,0.0089999999999999,-0.0105527231059231,-0.0431173163416803,-0.0893936591677505,-0.1473770762007792,-0.2155489446821889,-0.2949999999999999,-0.3820204901664703,-0.4732630066833198,-0.5634154037409125,-0.6433708645816498,-0.7087805520897014,-0.7559999999999999,-0.7814465131967042,-0.7874784848561103,-0.7803257440661762,-0.7603249735811249,-0.7294016125908861,-0.6960000000000002,-0.6610669029741119,-0.6272724238979286,-0.5967658688445435,-0.5624892392108415,-0.5210469763043539,-0.47,-0.4097655190376065,-0.3441894689904876,-0.2760904509340947,-0.2099785182876534,-0.1481230111557254,-0.095,-0.0539270103632222,-0.0227222587637903,0.004047227933403,0.0355597727391819,0.0741252926645469,0.116,0.153091123624109,0.1769410206584546,0.1890020904600692,0.1900067445626573,0.1820766796463023,0.1719999999999999,0.1605016338989258,0.1482629327569916,0.138768898977311,0.1332279381074708,0.1306193395915177,0.129,0.1273028625200252,0.1261970910066976,0.1256459240916414,0.1245202347166013,0.123951345166447,0.123,0.1204575216726272,0.1186650463199521,0.1166022692714063,0.1141327945851339,0.1127398435616228,0.111,0.1092976371935535,0.10768180214631,0.1062741862766233,0.1058589972186997,0.1046575726424794,0.1029999999999999,0.1021327465765564,0.1013993029157208,0.100155703799201,0.0981893596359133,0.0968191995590656,0.096,0.0943854241189334,0.0925700589967725,0.0913840571014362,0.0907585484941941,0.0897646044378514,0.0890000000000001,0.0890472855669345,0.0883994744566348,0.0874842973311645,0.0866381024359056,0.0858853669701605,0.0849999999999999,0.0825687633806989,0.0799531960211617,0.0774678238313377,0.0752401081526202,0.0736147214995492,0.0709999999999999,0.0692109054106702,0.0678397581962871,0.0658338446899177,0.0643624911818606,0.0611930487249873,0.0570000000000001,0.0528786807898653,0.048604451718375,0.0441473258481757,0.0365078101272331,0.0271751940413427,0.0179999999999999,0.0079266847859906,-0.0005289780781556,-0.0058616744748803,-0.0092458904020948,-0.0128020722110869,-0.0169999999999999,-0.020390387164472,-0.0235751725501766,-0.0273402172012401,-0.0319547179860315,-0.0369861011415008,-0.0419999999999999,-0.0484914881270769,-0.0561394819001862,-0.0627987790373422,-0.0678439108680219,-0.0717107629007551,-0.0749999999999999,-0.0776212122084378,-0.0789198481678239,-0.0785062425950548,-0.0753529918901189,-0.0698547244900636,-0.0650000000000001,-0.0616261197655952,-0.0583822510946201,-0.0549207434678444,-0.0518870792607492,-0.0495457338712632
-0.0469999999999999,-0.0444257796841344,-0.0426048718252799,-0.0410563715627925,-0.0392650922690634,-0.037767486576421,-0.037,-0.0361834905209513,-0.0353288878598205,-0.0344508592894903,-0.0338964475209035,-0.0339744536942781,-0.0329999999999999,-0.0320703034218639,-0.031512379008822,-0.0302382807062145,-0.0300928581990314,-0.0298428703844015,-0.029,-0.0289940078393821,-0.0289259608835195,-0.0294170701760442,-0.0303399334042748,-0.0312256945414819,-0.0330000000000001,-0.035478730119867,-0.0380327065297782,-0.0404573816122755,-0.0430410728386917,-0.045497217196296,-0.049,-0.0547884170947464,-0.0598815141116481,-0.0617640245622211,-0.06219369220926,-0.0632425880137553,-0.064,-0.0640029347746374,-0.0640174193730743,-0.0639659816153791,-0.0640385854788572,-0.0639727212398959,-0.0639999999999999,-0.0640395491076697,-0.0639155171504056,-0.0641262154179786,-0.0638431308888459,-0.0641737983861606,-0.0649999999999999,-0.064989996725001,-0.0651176106962508,-0.0644856203431608,-0.063917592581474,-0.0639445676168239,-0.0629999999999999,-0.0621347798122239,-0.0613509429398858,-0.0605440712213736,-0.0594361873737536,-0.0576925646996314,-0.0569999999999999,-0.0563008148966983,-0.0545864554581428,-0.0534189113950536,-0.0526811127047697,-0.051885649196759,-0.0519999999999999,-0.0521321151677754,-0.0512333933957133,-0.0509883150154888,-0.0507994065126135,-0.0497971792394207,-0.0490000000000001,-0.0481598100157012,-0.0474101787771067,-0.0460669309182535,-0.0444671578799893,-0.0439266036560377,-0.043,-0.0413102853484017,-0.0401479876447889,-0.0400207823962277,-0.03979669237434,-0.0387891129714266,-0.038,-0.0371915431858474,-0.0362983006874179,-0.0355333307667044,-0.034643002304702,-0.0338442577667978,-0.0330000000000002,-0.0321612041689781,-0.0313374108976845,-0.0305027689747008,-0.0296557137517699,-0.0288470814361821,-0.028,-0.0271027339020634,-0.026938677298744,-0.0270237252991864,-0.0270188646853487,-0.0269247957351947,-0.026,-0.0250870196256955,-0.024937014132424,-0.0250645541592661,-0.0249288317573681,-0.0250637054192396,-0.025,-0.0241043389452055,-0.0240148475985647,-0.0235866694575933,-0.0228196843764688,-0.0230484099597112,-0.023,-0.0237716627265311,-0.0243037296157304,-0.0233724242790204,-0.0229328947158558,-0.0230340755015672,-0.023,-0.0221561116284734,-0.0219019327855719,-0.0217706627724625,-0.0204812858502921,-0.0199292351040028,-0.019,-0.0180750081846676,-0.0174991305983119,-0.0162885302555586,-0.0158904099900615,-0.014625238131321,-0.013,-0.0121954481061421,-0.011227325235986,-0.0107008264573701,-0.0092858880760889,-0.007792619322127,-0.007,-0.0061158957854512,-0.0055091470548836,-0.0039156848250959,-0.002659874160304,-0.0017097246323213,-7.184376550463235e-17,8.773552544037086e-05,0.0003440665897312,0.0021399267051761,0.0033887779970536,0.0041443903845716,0.0049999999999999,0.0066304102328365,0.0079527235995095,0.0078581924979527,0.0083217027812374,0.0091229689608674,0.01,0.0117196842410701,0.0126712897691118,0.0138702333211683,0.0156698510026361,0.017470343523819,0.0209999999999999,0.024446871145598,0.0270942706544997,0.0288016014130197,0.0291529136313454,0.0302049227522894,0.03,0.0297775680458615,0.0309310584473409,0.0308012841619079,0.0314238366390747,0.0319941530187148,0.032,0.0328919358095816,0.0330208889140257,0.0330650508206137,0.0328633228536025,0.0331831516743348,0.0339999999999999,0.0331906591516237,0.0328326890113279,0.0331557678693307,0.0327457911104729,0.0317915856652242,0.0309999999999999,0.0302753989510188,0.0285938664664373,0.0274670356409461,0.0264794046237674,0.0246092058982558,0.022,0.0138579418688429,-0.0051914569989482,-0.0352163248858957,-0.0754011484454469,-0.1272882283384387,-0.189,-0.2582987074716114,-0.3334218191232587,-0.4099600669750678,-0.4863396957479252,-0.5575524490742256,-0.6199999999999998,-0.6676368270794458,-0.6882720514138609,-0.6938293277476895,-0.6955753402037387,-0.6817766177555864,-0.6549999999999999,-0.6259089107324762,-0.5957326481512917,-0.5625618011224289,-0.5237771787880318,-0.4798510456338471,-0.4309999999999999,-0.3772063043620694,-0.319892074580651,-0.2590397176783319,-0.1954083398480831,-0.132730799491093,-0.0740000000000001,-0.0213938302984783,0.0213633672298165,0.0563666862781937,0.0862128917359034,0.1106835040752895,0.1349999999999999,0.1607747303333912,0.187384023248894,0.212082901254865,0.226055274478311,0.2304565855692647,0.2299999999999998,0.2244632308834783,0.2170091244406925,0.209399953948845,0.202503065048937,0.1983858741319695,0.1959999999999999,0.1942483967433039,0.1932871546973143,0.1925296377559247,0.1916450675931523,0.1908512961682254,0.1899999999999999,0.1884141887295595,0.1864746303527563,0.1856003942267431,0.1842067296558281,0.1814926416394791,0.18,0.178490718915423,0.1758776440524549,0.1739820047887768,0.1721928932410829,0.1693119621947875,0.165,0.1599659496821621,0.1555068365048068,0.1519634178547778,0.1486474091834047,0.145413653122966,0.1429999999999999,0.1405049576605211,0.1384692295210806,0.1372402945525707,0.1349555711289348,0.1326033072976992,0.1309999999999999,0.1293975359391611,0.1270371206337308,0.1247958165507112,0.1233541813015825,0.1202460773681795,0.1169999999999999,0.1145952282069447,0.1113092063677383,0.1080984740677713,0.1045213683175457,0.1014979792402616,0.0989999999999999,0.0963815512263805,0.0947614862688936,0.0925362931726462,0.0899526101990998,0.0859881341128391,0.0799999999999999,0.0734662992274401,0.0658666943156218,0.0588909201640498,0.050003538685532,0.0404371621489004,0.0359999999999999,0.0327368729796284,0.0296896624918505,0.0280856333886355,0.0262825510355948,0.0246305345404324,0.022,0.0193925948868379,0.0176313416365506,0.0160854046181203,0.0140575026815223,0.0115736789764773,0.01,0.007576122522098,0.0049818495911948,0.0020947259972134,-0.0009176287849919,-0.0008509770636691,-0.0009999999999999,-0.0011544978566464,-0.0007223427068025,-0.0013456771019878,-0.0006611867783996,-0.0012380132438172,-0.001,0.0001735653592891,-0.0008213137479373,0.003501170721902,0.0104595964989505,0.0148764302769605,0.02,0.0242161440094969,0.0288343150318445,0.0338217397867626,0.0374510892462135,0.0419454404566071,0.0459999999999999,0.0493716055777133,0.0517413821344394,0.0517863631165411,0.0500442163768895,0.0461402030292018,0.0429999999999999,0.0414206688278141,0.0389379740930358,0.0369434517716098,0.0352890009460941,0.033783281011612,0.0329999999999999,0.0313920411690991,0.0296100569155661,0.0280264846706604,0.0263560298979864,0.0245768577319227,0.0219999999999999,0.0202175383121208,0.0188868367182248,0.01643976430979,0.0141306814912962,0.0112934213148125,0.007,0.0034821623202178,0.0012020131819435,-0.0023905725021811,-0.0065159418037461,-0.0096476220552745,-0.0139999999999999,-0.0190792893508142,-0.0234264367994077,-0.0269111000262875,-0.0283647741222202,-0.0292049094120303,-0.0299999999999999,-0.0299701814865786,-0.0305655397263928,-0.0315704837548036,-0.0322899525580935,-0.0331867313504813,-0.0339999999999998,-0.0348149966350907,-0.0357037042089542,-0.0364416777425141,-0.0374180828112643,-0.0380445629768104,-0.0379999999999999,-0.0387500956487916,-0.0398215266316541,-0.0400404114658255,-0.0399857959678092,-0.0400093997796332,-0.04,-0.0399412617599929,-0.0406222492473744,-0.0412377621782624,-0.0408020988239262,-0.0411789889594365,-0.0419999999999999,-0.0420228350287718,-0.0419879271182167,-0.0420002419450475,-0.0420055887534442,-0.0419952323022608,-0.042,-0.0420042746610533,-0.0419964043125891,-0.0419953829848663,-0.0420189110676448,-0.0419700842874921,-0.0419999999999998,-0.0428465450563087,-0.0430959353377274,-0.0432260488272842,-0.044528984390385,-0.0450586338715206,-0.0459999999999999,-0.0469631525202455,-0.0473697422140306,-0.0492155099842937,-0.0502313289832575,-0.0513439592333766,-0.0529999999999999,-0.055077747705461,-0.0613521082434453,-0.0663881356094354,-0.0671441409221965,-0.0682613053395575,-0.0689999999999999,-0.0705452668359394,-0.0713974426493889,-0.0661469317440447,-0.059991051815776,-0.0577079874754289,-0.056,-0.0542899728344084,-0.0527028884350026,-0.0512397547407642,-0.0509011146581465,-0.0496218752299706,-0.0479999999999999,-0.0472438312165628,-0.0456235272137927,-0.0444468701947588,-0.0434776120821844,-0.0416771919807437,-0.041,-0.0403150253816627,-0.0385517982472813,-0.0374928749376025,-0.0364710096446334,-0.0346259637043615,-0.0329999999999999,-0.030649566228365,-0.0272394244511062,-0.0244244372626601,-0.0220321278120085,-0.0194805511863773,-0.0169999999999998,-0.0152630874645167,-0.0137923939935262,-0.0118031632808326,-0.0107002430075785,-0.0097135650390058,-0.008,-0.0071047702107762,-0.0064133800572308,-0.0053954961912484,-0.0048988493635642,-0.0050457120233895,-0.005,-0.0049013342496575,-0.0057083277974447,-0.0060912770997687,-0.0061013560932179,-0.0073263429375366,-0.0089999999999999,-0.0106525601503498,-0.0123596314648053,-0.0139665377727367,-0.0157020560706769,-0.0173029563991187,-0.0189999999999999,-0.0214303624794551,-0.0245356022915315,-0.0284549280812396,-0.0325488024317167,-0.0355060346158273,-0.0379999999999999,-0.0405632337111417,-0.0424025679877488,-0.0439506824070807,-0.0457013848613207,-0.0473125790987844,-0.0489999999999999,-0.0507221744700622,-0.051779869785139,-0.0521442382170608,-0.0517280655128908,-0.0508312606549988,-0.0499999999999999,-0.0483969590555832,-0.0465788868491467,-0.0450945289644969,-0.043246530038019,-0.0417297244699701,-0.04,-0.0374794623776668,-0.0355019141463612,-0.0344318456238268,-0.0338277823918758,-0.0341529749238554,-0.035,-0.0357104701308199,-0.0378927094165383,-0.0405771875990445,-0.0461170197236309,-0.0621700216290548,-0.0889999999999999,-0.1268107795391549,-0.1781092374706394,-0.2407136542779058,-0.3103549708264918,-0.382605540635294,-0.4570000000000001,-0.5300732610096487,-0.5968310142758972,-0.6523021226738878,-0.6848995350415158,-0.696092744235341,-0.6939999999999998,-0.6762477261687161,-0.6473231101468411,-0.616958957484198,-0.5895439648604675,-0.5668087214941517,-0.5469999999999997,-0.5257032030587304,-0.5004740929407362,-0.4696576573707048,-0.4297840713728534,-0.3789092919683063,-0.317,-0.2486933577221294,-0.1819488823126931,-0.1222469463969155,-0.072006742241493,-0.0303378133640991,0.0030000000000001,0.0308847016359492,0.0537975788846266,0.0712335800942262,0.0917301480864443,0.1096484160114235,0.1159999999999999,0.1185224920950111,0.1204867935690002,0.121297984499102,0.1177626346197494,0.1092136448355679,0.1009999999999999,0.0918608032891618,0.0840088517761757,0.0795047900922249,0.0754113765217689,0.0725305947356334,0.07,0.0666932072909909,0.0632888589646827,0.0600835809035411,0.0565217426369705,0.0535633050784904,0.052,0.0495330543991252,0.0474786854851845,0.0461489260210914,0.044243667058945,0.0426937646057782,0.0409999999999999,0.0400872737089239,0.0394325111539706,0.0384207617737539,0.0376929370986662,0.0368887963251249,0.037,0.0370431280669436,0.0369920600344814,0.0366650252392446,0.0357147076923896,0.0361429259300637,0.0359999999999999,0.0351142651666836,0.034441385825821,0.0333653324432407,0.0327905120603926,0.0317569469398735,0.0309999999999998,0.0302597457739801,0.0291431188092544,0.0287883279834003,0.0272079488420663,0.0258464491391502,0.0250000000000001,0.0233601066414857,0.0205039096089125,0.0126811673371148,0.0038257542688239,-0.0020759794115652,-0.0069999999999999,-0.009628330084189,-0.0119108739833825,-0.0142223332060047,-0.0156838180030494,-0.018653025366683,-0.0209999999999999,-0.0226215915483724,-0.0243847669227823,-0.0262329786804098,-0.0291880622258781,-0.0314905782026098,-0.0370000000000001,-0.0477697239624739,-0.0577939983473539,-0.0652168641408124,-0.0714162370327422,-0.0769907434209816,-0.0799999999999999,-0.0815145230781435,-0.0842228239448664,-0.0855341392403824,-0.086586095650323,-0.0882699093840527,-0.0889999999999998,-0.0891157922580027,-0.0882650881014685,-0.0877338678689889,-0.0860639604511035,-0.0836185007326268,-0.082,-0.0787523718063428,-0.0749611923907782,-0.0689054751797678,-0.0608849209439354,-0.0533094852155564,-0.0419999999999999,-0.0299558416086622,-0.0215971474824631,-0.0157253771873148,-0.0111893379294552,-0.0058873045466808,-0.0009999999999999,0.0031184874797913,0.0074841596449849,0.011002968655158,0.0143991540296208,0.0175501260863586,0.02,0.0232287396506407,0.027229603123026,0.0323558253282508,0.0406035830404816,0.0481201289722447,0.0509999999999999,0.0533827808635743,0.0562031311634953,0.0580238716633281,0.0595112524598091,0.0600809309138068,0.061,0.0619545391397166,0.0619621263631909,0.062112932384404,0.0617273052049489,0.0608348508118951,0.06,0.058402154019481,0.056546593714234,0.0551930053165733,0.0529602389587421,0.0506376277540624,0.0489999999999999,0.0457707627011739,0.042228715945783,0.0390399120846223,0.0358304621578019,0.0335111581257804,0.0299999999999999,0.026496012368705,0.0241429893644854,0.0210119173447137,0.0176988658706321,0.014299988269949,0.011,0.0084171125362791,0.0066237606045826,0.0049778553905913,0.0035484121345592,0.0028068970541281,0.001,-2.2748350757413816e-05,-0.0002669856900349,-0.0025941872904023,-0.0046852605683418,-0.006371318109729,-0.0079999999999999,-0.0095360620609368,-0.0121204953410076,-0.0139639453600918,-0.0159411106457159,-0.0184298525916758,-0.0199999999999999,-0.021665215981908,-0.0229069883507453,-0.0226851944336628,-0.0215262776136934,-0.0209409703483374,-0.0199999999999999,-0.017471709822775,-0.0156527898971745,-0.0134042384067016,-0.0092304162648825,-0.0052743380395586,-0.0019999999999999,-0.0001437070793902,0.0004669488779756,0.0023666331393835,0.0049161344964917,0.0061649415495449,0.007,0.0072273591484897,0.0051433978221415,0.0026706111424897,0.0017317300570076,0.0007679173797624,3.1579677144893343e-18,4.06397024327671e-05,-0.0005800533871337,-0.0015548587729049,-0.0023054191141554,-0.0031746207084395,-0.0039999999999999,-0.0048472386529663,-0.0055874985303193,-0.0069257177777375,-0.0085481482316944,-0.0090583929583464,-0.0100000000000001,-0.0117281540079863,-0.0127253746157418,-0.0134692983406718,-0.0143479654810783,-0.0151603847972748,-0.016,-0.0168475632794667,-0.0176023344356727,-0.0188698353477945,-0.0207521505182462,-0.02228464788721,-0.024,-0.0257642501114654,-0.0266415485473551,-0.0278482322396193,-0.029779926834172,-0.0312169545337788,-0.032,-0.0328108851185434,-0.0337334394878725,-0.0341471383133785,-0.0338628383325026,-0.0341534260960721,-0.035,-0.0349935941818817,-0.0355600359133392,-0.0362966211405381,-0.0357544694667679,-0.0362082468823042,-0.037,-0.0369563845685602,-0.0375772185836353,-0.0385953282711495,-0.0391084459002463,-0.0389590414616357,-0.039,-0.0383606591124488,-0.0360456127785159,-0.0335022272100565,-0.0309798337946514,-0.0285123374482171,-0.026,-0.0242099215004826,-0.0229460830046533,-0.0202770771816282,-0.0185950206906747,-0.0177320024563768,-0.0159999999999999,-0.0151708515586487,-0.0137432310194188,-0.0123020334692604,-0.011631567540496,-0.0095184427403769,-0.008,-0.0072403412988464,-0.0061273940437432,-0.0061030003619425,-0.0056739923044765,-0.0049414537865247,-0.0049999999999999,-0.0041922011988008,-0.0038075182876322,-0.0041787846407565,-0.00385288712817,-0.0040943294711924,-0.004,-0.0031367311297293,-0.002428324019356,-0.0013210739217579,-0.0010245634508021,-0.0008844558455071,-8.526512829121201e-17,7.45477602162402e-05,-0.0001416320160146,0.0004715732261433,0.0011873916394905,0.0009081572521447,0.0009999999999999,0.0011512259467977,0.0001850389717426,6.293814718877399e-05,-0.0002876787811589,-0.0011295583254028,-0.0019999999999999,-0.0037341642767052,-0.004623826314629,-0.0059710541324016,-0.0074273094593497,-0.0082329350756708,-0.01,-0.0115653611872364,-0.0149546475182457,-0.020126548971923,-0.0247949565361457,-0.0287462393501879,-0.0349999999999999,-0.0528639954221671,-0.0816651135790035,-0.1175586036977243,-0.1636715850225116,-0.218674355459604,-0.283,-0.3550813147806879,-0.4309769602113093,-0.5080097974810721,-0.579989742897143,-0.6454101009879115,-0.6969999999999997,-0.7256008532249187,-0.7374788010267049,-0.7378762866030034,-0.7279980289847031,-0.7096284790594172,-0.6839999999999999,-0.6592593524994349,-0.6391561447687907,-0.6172812119598846,-0.5882683319684892,-0.5478838347789667,-0.4959999999999998,-0.4380409720466217,-0.3764233233767575,-0.3127362036093395,-0.25037771154674,-0.191672448792558,-0.1389999999999999,-0.0926061483134537,-0.0521489962647089,-0.0191506300270472,0.0064348001746611,0.0268989752158986,0.0469999999999999,0.0674078549619808,0.0826023967649721,0.0927430215600854,0.1011462756601216,0.1068998835018042,0.1099999999999999,0.1103949511903154,0.1069807392673418,0.1021676763488719,0.0990203032560411,0.097863953558394,0.097,0.0953154639879977,0.0942049303188079,0.0936100243483079,0.0925787622474517,0.0918917056506237,0.091,0.0893501775841536,0.0876585438223991,0.0859973091186316,0.0843454953825754,0.0826486536949883,0.0809999999999999,0.0801029555747055,0.0794450578281961,0.0783204170131046,0.0780196587369506,0.0778857602827576,0.077,0.0769661105408017,0.076578835526746,0.0749699180523808,0.0733690540846526,0.0716483536135477,0.0699999999999999,0.0683348400109186,0.0667144612496203,0.0646206266634862,0.0620554916992047,0.0608688315677718,0.0599999999999998,0.0583449058788988,0.0566705155092913,0.0549826845485444,0.0533614893486536,0.0516120734439455,0.0489999999999999,0.0449078162420315,0.0405717388206198,0.0365963650768384,0.0322516699744849,0.0282174865066191,0.0239999999999999,0.0197322453665789,0.0163634124115559,0.012647651560792,0.0082261786446076,0.004251232309484,8.842309600570134e-17,-0.0064798759474992,-0.0141264149662176,-0.0208705324980348,-0.0255947331588601,-0.0285774978684676,-0.0319999999999999,-0.0353939082159196,-0.0385672382079474,-0.042117176186632,-0.0452151911624286,-0.0487859149164044,-0.053,-0.057901345127297,-0.0636188959123314,-0.069602446035874,-0.0749473334974701,-0.0786718090536518,-0.0819999999999999,-0.0845639610937491,-0.0870052815271947,-0.0886730112239957,-0.0871914767348564,-0.0857548723525596,-0.083,-0.078674633324749,-0.075205770855321,-0.0685150446514017,-0.0616503873230264,-0.0570256815113823,-0.051,-0.0451142370157261,-0.0389615603514378,-0.0313703434757277,-0.0242938690173158,-0.0176461735302188,-0.0109999999999999,-0.0058479771293908,-0.0016711840798744,0.002219846219718,0.0052600472197496,0.0101577486373432,0.015,0.0167351019856429,0.0183768098583657,0.0195414305510489,0.0205488000749235,0.0222945473494815,0.023,0.0237851923392974,0.0247219369021605,0.0254632595172359,0.026339514006567,0.0271860363416614,0.028,0.0279970190273699,0.0285404434103974,0.0293557040716494,0.0285472101677324,0.0279890784735275,0.0279999999999999,0.0272030605563567,0.0263004446786026,0.0255219045304237,0.0246557594866124,0.0238363118735706,0.0229999999999999,0.0221698524424669,0.0213205947939146,0.0205270488166635,0.0196252417091736,0.0188781795652238,0.0179999999999999,0.0163002469855796,0.0152777458341045,0.0142184274152522,0.0121962458814397,0.0107323174548651,0.0089999999999999,0.0072806757535998,0.0057502598443063,0.0039124111880611,0.0024016900505661,0.0006136869397581,-0.002,-0.0082336758277714,-0.0178331730133249,-0.0288889536733131,-0.0430930829989986,-0.06097887013132,-0.0849999999999998,-0.1138645186936011,-0.1468188197059167,-0.1866791669691754,-0.2315730155498808,-0.2826658915150907,-0.3359999999999999,-0.387136758718539,-0.4316506437827868,-0.4552105370959776,-0.460958015112168,-0.4525437502812388,-0.4189999999999999,-0.3686465199551033,-0.3147445762960443,-0.2621648021911199,-0.2248600585039751,-0.2090132907082746,-0.2020000000000001,-0.1975421095400122,-0.1950646552714,-0.1927534066697574,-0.1907450662503089,-0.1781887660762361,-0.1530000000000001,-0.1242445379228787,-0.091006838092623,-0.0565106833291041,-0.024691347358184,0.0017031219615942,0.0229999999999998,0.0427432914857744,0.0558916143483004,0.0670066165484144,0.0801126816254765,0.091121488860581,0.1019999999999999,0.1099949733137978,0.113883851000405,0.1165406685942767,0.1187295966881755,0.1171425730758012,0.1099999999999999,0.101884924445003,0.0908028621370514,0.0803893248963885,0.0752014581907626,0.0698768403954665,0.065,0.0600304413082494,0.0558933953305987,0.0537261001542152,0.0508115943426131,0.0485926588222233,0.0459999999999999,0.0441751260268174,0.0429179497587862,0.0407171019236488,0.0395823426831041,0.0375134665443507
0.0359999999999999,0.034581683155853,0.0312438413234528,0.0282215585994169,0.0242655973619391,0.0202720733297369,0.016,0.0094654769787253,0.0020034473901573,-0.005273825612484,-0.0111743883637756,-0.0158375536935799,-0.019,-0.0214424048299547,-0.0241695146319355,-0.0259596400571624,-0.0278946115592779,-0.030533997615269,-0.033,-0.0354109680610405,-0.0390809212193407,-0.0440208282797599,-0.0489981915219012,-0.0539328006177004,-0.0579999999999999,-0.0628535432799548,-0.0682600458928788,-0.0726186567614814,-0.0786703079053936,-0.085255404988012,-0.0919999999999999,-0.099652712056033,-0.1053061963956098,-0.1092251454991901,-0.1119461198366445,-0.1146803515580857,-0.119,-0.1232141261403491,-0.1272941315047467,-0.1312925407674816,-0.1339142014894869,-0.1366534151611526,-0.14,-0.1417635222790431,-0.1432559766201395,-0.1447816657871655,-0.1450219936868407,-0.1448814675065308,-0.1429999999999998,-0.1412013607128261,-0.1395019457320482,-0.1353472673611827,-0.1312945315767776,-0.1226295529976101,-0.109,-0.0980291071625656,-0.086940116313844,-0.0749944420060585,-0.0654636282539768,-0.0574824807358603,-0.05,-0.0403824815521325,-0.027401387860237,-0.0147241961059661,-0.0059797134611079,0.0001182791074911,0.0049999999999998,0.009813933350597,0.0163271644180007,0.0228697678462931,0.0299499069669664,0.0358423448790021,0.0379999999999999,0.0404315302028027,0.0425852331603004,0.043766579699211,0.0458580549887926,0.0471824176901177,0.0479999999999999,0.0480940381521423,0.0478394867476043,0.0482238754200832,0.0476329136034827,0.0469005856963051,0.046,0.0435667391502915,0.0409248895063086,0.0385777670521446,0.0359135844184401,0.033610782442898,0.0319999999999999,0.0303412731340657,0.0286755654146618,0.0269418277555424,0.0255525707245201,0.0248673919194881,0.0239999999999998,0.0231973804439011,0.0217572359681993,0.0202072022228997,0.0199179121658386,0.0186165259077791,0.0169999999999998,0.0162391577101109,0.0146495935152104,0.0133664873941842,0.0127332815624419,0.0118006142335224,0.0109999999999999,0.0109265421551161,0.0111743237172637,0.0104499029466918,0.009932318815019,0.00994330062439,0.0089999999999999,0.0081215413395375,0.0073925111618753,0.0064583603678665,0.0055877310512569,0.0034248379150927,3.473764485938267e-17,-0.0033643755350041,-0.0066024237760618,-0.0101173864719146,-0.0131774362484023,-0.0186877360026444,-0.034,-0.0591300092683236,-0.0919144126260427,-0.1356816256693249,-0.1895809967065954,-0.2523166894640222,-0.3239999999999999,-0.4005512278972745,-0.4768129355146611,-0.5475606099681343,-0.609373861394151,-0.6555602186738938,-0.6809999999999999,-0.6913986109375477,-0.6891917520497967,-0.6762804772056131,-0.6557873481282083,-0.628435980936708,-0.606,-0.5924745898486282,-0.5798709614759687,-0.5677646810197482,-0.551446008086387,-0.5263636742337403,-0.493,-0.4469574347779911,-0.3870536105839468,-0.3173287543293041,-0.2458333071871344,-0.1806171026612932,-0.1240000000000001,-0.077206082360012,-0.0392819683700972,-0.0075665786590015,0.021877388175525,0.053514866528195,0.0859999999999998,0.1164404250687989,0.1405970372404936,0.1529595797665472,0.1573214051990691,0.1590668102408139,0.1559999999999999,0.1500155221335037,0.1456786810768681,0.1410272247090501,0.136362329412427,0.1334381852351739,0.13,0.1273038622669686,0.1258402255937533,0.1234743802821959,0.1210824737865584,0.1183893825852292,0.115,0.1109236380330408,0.106453222085727,0.1031060105412011,0.0993404525541895,0.0952697253162624,0.0919999999999998,0.0885749952826435,0.0864843465555272,0.0851311247866314,0.0832533539727865,0.0817004292851424,0.0799999999999998,0.078319155562818,0.0766690421473611,0.0750469580035211,0.0731217539137937,0.0704625312779724,0.0679999999999999,0.0654753828663019,0.0635378978951548,0.0621068332427284,0.0602635619764578,0.0586908794628183,0.057,0.0560668686717781,0.0555191313573114,0.0540118297250956,0.0523194027237343,0.0507402251049137,0.05,0.0484732150316321,0.0464252057403202,0.0453294802465806,0.0428604744717257,0.0406166098818232,0.037,0.0295326010445781,0.0226072994708113,0.015450532042633,0.0060558155575981,-0.0039465511657446,-0.0119999999999999,-0.0170251506326733,-0.0225739030391903,-0.028205228671358,-0.03302270941217,-0.0393641812413139,-0.0459999999999999,-0.0526263244225347,-0.0593896434321834,-0.0659804025893383,-0.0724385360663691,-0.0766162165755331,-0.0789999999999999,-0.0807839661068213,-0.0815974553623784,-0.0829405141664508,-0.084534330674066,-0.0850320425643802,-0.0849999999999999,-0.0842720304288614,-0.0826798660729933,-0.0810296431030749,-0.0791711513098501,-0.0763621090726075,-0.0729999999999999,-0.0696999629048705,-0.0658256122432832,-0.0610557913355578,-0.0559631719375268,-0.0510310463600411,-0.0459999999999999,-0.0402021943816199,-0.0343224348005782,-0.0282370285232812,-0.0210824018190341,-0.0150201844561347,-0.012,-0.0103923898986601,-0.0080253489708202,-0.005798295240613,-0.0044753575257896,-0.0025793884023768,-0.0009999999999999,-0.0001876558690386,0.000746171224552,0.001337973023315,0.0026789326768275,0.0042215829299775,0.005,0.0066276019725454,0.0079325167038828,0.0079093757841642,0.0082447853247316,0.0092025652162601,0.01,0.0100610646533607,0.0098642706579446,0.0104716843585695,0.0112002796499307,0.0108438002340958,0.01,0.0099265146975034,0.0101586231899573,0.0094889631874095,0.0088655932386652,0.0090470638576298,0.009,0.0089682787398982,0.0090527627015493,0.0089365022270248,0.0090631806134781,0.0089509658883911,0.009,0.0098122026915451,0.0106802569054831,0.0114964745173237,0.0123302407471665,0.0131709445157415,0.0140000000000001,0.0148248468812407,0.0156858617825396,0.0164701547359342,0.0173710645840916,0.0181294808623159,0.019,0.0206659415903911,0.0218494238707004,0.0222701681633682,0.0237192152021501,0.0252022591423956,0.0259999999999998,0.0276566555966694,0.0288323573983451,0.029355887844458,0.0304424325467339,0.031105250133279,0.032,0.0329320965536109,0.0330121355176962,0.0330155158386362,0.0329767961228246,0.0330158628028505,0.033,0.0329838703204159,0.0330236717876453,0.0329853940510127,0.0329825065348689,0.0330796593031415,0.0339999999999998,0.0341397803952152,0.033721141375816,0.0346674034124399,0.0349621537720428,0.0351273509789418,0.036,0.0360593401121236,0.0358877791218899,0.0364319348095022,0.037231136369641,0.0368701394161442,0.037,0.0379523488914342,0.0378834425344542,0.0385440342708112,0.0390372222321687,0.0390998493604593,0.04,0.0400143715602805,0.0405359626255639,0.0413176351262246,0.0407352042692215,0.0412281443664776,0.0419999999999999,0.0411804881803343,0.0408278818452057,0.0411857713172383,0.0406973944181131,0.0398353753953844,0.039,0.0381553226165739,0.0373563867919017,0.0364702647898726,0.0356947887698192,0.0348158612235833,0.0339999999999999,0.0331858755536179,0.032300429464019,0.0315327121947061,0.0306570815300511,0.0297833762462976,0.0279999999999999,0.0262315614152807,0.0249044063016678,0.0223666740118859,0.0203468827755026,0.0185559243118772,0.016,0.0135390865884889,0.0108388928260554,0.0090905596045672,0.0068679339981454,0.0033337426923991,0.0010000000000001,-0.0013292788456928,-0.0052644593650882,-0.0092910899218316,-0.0119375366646744,-0.0145862574813927,-0.017,-0.0178196812434762,-0.0192713599997735,-0.0207098283812022,-0.0212122246444794,-0.0222199401556242,-0.0229999999999998,-0.0237926498050583,-0.024753320076319,-0.0251594840398048,-0.0247001811930923,-0.0239019083359249,-0.0239999999999999,-0.0233355698112296,-0.0215661816172402,-0.0201892204321405,-0.0179657821675175,-0.0156243833135624,-0.0139999999999999,-0.0115158873167719,-0.0094876725406311,-0.0081665676141721,-0.006193297933446,-0.0047603007042095,-0.0029999999999999,-0.0004351144600475,0.0013762904849345,0.0030001503856011,0.0046389526722644,0.0063684422471113,0.0079999999999999,0.0088611152390598,0.0096449093604537,0.010511501833644,0.0113268763690651,0.0121757666143633,0.013,0.0130849145566763,0.0128203794211436,0.0135145922903545,0.0142690803664761,0.0152331894716312,0.0159999999999999,0.0159363671564291,0.0166665966946888,0.0171666300820328,0.0167919978927414,0.0156914716483974,0.014,0.0131367745083297,0.0122941734361851,0.0119044318771638,0.011880620479645,0.0107415745644206,0.0099999999999999,0.0092852679394842,0.0076160440184256,0.0063659169157147,0.00577738311741,0.0047046621376921,0.0029999999999999,0.0020870909839693,0.0014614142216538,0.0003142359902558,8.87902626126586e-06,-8.80144697161411e-05,-0.0009999999999999,-0.0025093748787707,-0.0062675031900581,-0.0152035512486141,-0.0340025251219235,-0.0651272428406947,-0.1069999999999999,-0.160085226006423,-0.223238796433168,-0.2957140921011473,-0.3775695336105061,-0.4632064349760234,-0.5489999999999999,-0.6292566915216923,-0.6985300152736896,-0.7542998437390216,-0.7845372557957068,-0.7930020261002907,-0.797,-0.7912408500881842,-0.7697364169040642,-0.7427922340124103,-0.7165368764581614,-0.6893899156362848,-0.659,-0.6216355067545339,-0.5748131216672209,-0.5212761113823807,-0.463380754087248,-0.4028302737907232,-0.343,-0.2880744580913347,-0.2401751187250229,-0.1948091153817712,-0.1507804558877993,-0.1099317357418474,-0.0679999999999999,-0.0223654726792283,0.0237783440597391,0.064334040970837,0.0947838174383368,0.1124591121673588,0.119,0.121742695373806,0.1208871420379555,0.1154129737818051,0.1099728605884414,0.1049844325901093,0.0999999999999999,0.094319597825671,0.087920662790595,0.0841403359472075,0.0823294668042164,0.0806821574436355,0.0789999999999999,0.0772446454143155,0.0763688289127783,0.0750820661292008,0.0734715549735027,0.0729089618272673,0.0719999999999999,0.0711132343222535,0.07041982564979,0.06940238965721,0.0687524623382051,0.0677812155315342,0.0670000000000001,0.0662324768441041,0.0651903598245945,0.0647462272171115,0.0631367286301528,0.060435314227998,0.057,0.0520816688717846,0.0464481953609766,0.0402937015024002,0.035160194244965,0.0312571963834942,0.0280000000000001,0.0255198973389791,0.0228724137859475,0.0210233787147658,0.019073463207095,0.016565080962794,0.0149999999999999,0.0126738546265489,0.0087968160927396,0.0043164720396522,0.0007056677826874,-0.0028428544540635,-0.0079999999999999,-0.0130368853081274,-0.0180092246480816,-0.0226598945827737,-0.0265967275461762,-0.0308033053027813,-0.0339999999999999,-0.0372145569744591,-0.0413157585709199,-0.0457579983762258,-0.0513421029573824,-0.0571488379306334,-0.063,-0.0674894512851291,-0.0692906992115921,-0.0714865082467006,-0.0737500209000563,-0.0754050270808344,-0.0779999999999999,-0.079719999625802,-0.0817686591901014,-0.0846956749367002,-0.0869748711158397,-0.0909119282925103,-0.095,-0.0996811392652556,-0.1066868224911489,-0.1113202428158938,-0.1142353169110171,-0.1176341034489906,-0.12,-0.121682005014025,-0.1233177110416751,-0.1248115497285553,-0.1247577611993416,-0.1238396408015577,-0.1229999999999999,-0.121400534542412,-0.1191157322861276,-0.1163502677431472,-0.1141038359759298,-0.1098012989988696,-0.1019999999999999,-0.0936171296443045,-0.0862096486421858,-0.0814558469423979,-0.0770677386626639,-0.0720947308734442,-0.068,-0.0629819647498963,-0.0590148769313889,-0.0565627311052576,-0.0539672736791361,-0.0514954545509022,-0.049,-0.0472894589508278,-0.045698395224928,-0.0440074876559451,-0.0422743135703841,-0.0407798815839725,-0.0399999999999999,-0.0391005396363407,-0.0390051745793682,-0.0386293048386148,-0.0376342001338962,-0.0368107299637178,-0.036,-0.036043498704095,-0.0353352284896409,-0.0349135043242886,-0.0348262781497177,-0.0338135284488086,-0.0329999999999999,-0.0312752689638053,-0.0308466854868705,-0.0307246289708487,-0.0297464076961509,-0.0300214310313475,-0.0289999999999998,-0.028854711685044,-0.0287402053906473,-0.0270340410884594,-0.027238143268684,-0.0267777513365097,-0.0259999999999999,-0.0253183070834664,-0.0235672358506927,-0.0221713745566776,-0.0201283813519123,-0.0188948986284094,-0.0189999999999999,-0.0204968591380078,-0.0230522621571292,-0.0258732233007523,-0.0317465199346366,-0.0397280749840448,-0.0509999999999999,-0.0666944070747201,-0.0835569845391061,-0.10361876232236,-0.128497167440807,-0.1584897057388762,-0.195,-0.2378669242431493,-0.2842237851342424,-0.3316336038112863,-0.3803714614183778,-0.4222752615377074,-0.4490000000000001,-0.4598378736762439,-0.4539755026359471,-0.4307697084835293,-0.3845596212820418,-0.3208051098081391,-0.258,-0.2061554190868316,-0.1751733007831775,-0.1632860085425142,-0.1564993783458891,-0.1523943337651078,-0.1489999999999999,-0.1434871112480728,-0.1332944202753284,-0.1162199831560574,-0.100156799527472,-0.0875682093450385,-0.0759999999999999,-0.0653682137755525,-0.0516953368097814,-0.0339845503448008,-0.0135718326526,0.0085579721741248,0.033,0.0564450280525963,0.0688926802711543,0.0733984817393896,0.0776723327535913,0.0803695404292876,0.0809999999999999,0.077348551652848,0.069884248390671,0.0632351702746148,0.058105729789385,0.0543285695984774,0.051,0.0476443172776885,0.0443534638850924,0.0412209290233716,0.0393976798175316,0.037552210588256,0.0349999999999999,0.0318018969172034,0.0275666091946589,0.0239743394899692,0.0205845837164949,0.0175212341996138,0.016,0.0143406962665509,0.0131562862821825,0.0126686982785085,0.0115237307082349,0.0109286719157795,0.0099999999999999,0.0082672618536175,0.0072916799765187,0.0064998110303666,0.0056914030587333,0.0048056888508753,0.004,0.0032594530739065,0.0016363376299991,0.0003763815020707,-0.0002824641426799,-0.0011726981014388,-0.0019999999999999,-0.0035920148833178,-0.0054561482103019,-0.0068156866805235,-0.0090172240139664,-0.0113906939568337,-0.0129999999999999,-0.0154577310718914,-0.0175743053369253,-0.018722947743371,-0.0210462760327019,-0.0235143779553819,-0.028,-0.0355393415400566,-0.0422553516439602,-0.0499971885645663,-0.0602799414689415,-0.0711679816330784,-0.081,-0.0878506164205628,-0.093654778743443,-0.0992132398677071,-0.1038213383734853,-0.1091979156965708,-0.1159999999999999,-0.1235209242910268,-0.1305442899679469,-0.1360337742867179,-0.138767611573248,-0.1404098295868048,-0.143,-0.1447871766543805,-0.145365830004347,-0.1434254027207513,-0.1393288606235912,-0.1349792828329857,-0.127,-0.1153849256697984,-0.1036970984258536,-0.0914384474330388,-0.0769971480484009,-0.0621195109146733,-0.048,-0.0329616926322464,-0.0194425472001063,-0.0088925348388955,0.0008017699365769,0.0097984239486124,0.0199999999999999,0.0324371701792463,0.0447168185534259,0.0544993175404416,0.0615895855403849,0.0669478346287678,0.0709999999999999,0.074423720281538,0.0769658175930122,0.0799425666406585,0.083031904626806,0.0841364722475396,0.085,0.0850769509909234,0.0853542017057567,0.08687782758155,0.0868203066429159,0.0872033560154466,0.0879999999999999,0.0879652594756043,0.0881223022166663,0.0877712377062553,0.0884184410459881,0.0890021992185861,0.089,0.089890661629661,0.0899815122297292,0.0904217350779855,0.0911779527534597,0.0909406220005387,0.0909999999999998,0.0910267836823838,0.0909655950575002,0.0910445372796522,0.0908505627705685,0.0896687592410284,0.0879999999999999,0.0871515926097815,0.0862697459773377,0.0859344480019123,0.0858495608190806,0.0847658622758292,0.084,0.0832057662898084,0.0822813427028354,0.0815393666882324,0.0806642327440066,0.079771236840067,0.0779999999999999,0.0762660293746177,0.07481028789816,0.0725537417678571,0.0699555439082769,0.0675827777537379,0.0659999999999999,0.0643742111631222,0.0626118743423539,0.0610278027449998,0.0594589591867807,0.0589444341267933,0.0579999999999999,0.0562668205478063,0.0552752314434327,0.0545635673471995,0.053468655394313,0.0516067452006589,0.0499999999999999,0.0483932200753514,0.0465486618528318,0.0451788954669471,0.0430132859805163,0.0405217637421202,0.0379999999999999,0.0348356576607042,0.0289219288186001,0.0174083003735347,0.0005153989523774,-0.025068656404961,-0.063,-0.1127054905800793,-0.1733032538708801,-0.2416183933291701,-0.312201881113758,-0.3818030854198356,-0.4489999999999999,-0.5104810977276236,-0.5651698409474734,-0.6064686284119024,-0.6270507769421533,-0.6349587096064163,-0.635,-0.6288994572436887,-0.6149215218198328,-0.5918104954186656,-0.57625205338405,-0.5637413383443761,-0.5419999999999998,-0.5189617116589403,-0.4902289003749,-0.452653266203459,-0.4082582335096239,-0.3561334725248407,-0.2999999999999999,-0.2429610261564438,-0.190988700492951,-0.144983130529413,-0.1045652375021377,-0.0675397522895094,-0.03,0.0063021472018255,0.0483399714369657,0.0947498455826679,0.137418098645023,0.1701177736771973,0.1839999999999998,0.1899172440131088,0.1925630755325719,0.1869429748640263,0.1807574007335438,0.1746937684102143,0.169,0.164875324077338,0.1605035217578946,0.1569926948225969,0.1537549182408109,0.1516990407105093,0.1499999999999998,0.147519940190018,0.1449330461119922,0.1429161697753078,0.1411869127183666,0.1384922770737535,0.137,0.1347108363817166,0.1316019062458454,0.1303043545749632,0.1278413998592527,0.1257000063059106,0.124,0.1214833927870752,0.1186823081589048,0.1139746021337112,0.109145007487917,0.1038022858162974,0.0979999999999998,0.0945029825718007,0.092020227861793,0.0894888411740751,0.0870012255059662,0.084501252526857,0.0819999999999999,0.0795096127340873,0.0769325603681955,0.0749111974194872,0.0732228768162937,0.070397068695037,0.068,0.0656359887524492,0.0622554016215202,0.059371818808585,0.0572499548433204,0.0556422555132662,0.053,0.0503852618861864,0.0482446349782887,0.044900469666886,0.0418217395878294,0.0381662543532408,0.034,0.0299351171265025,0.0249825482946616,0.0200777912093514,0.0148862431986206,0.0101315487438215,0.006,0.0025128611276749,0.0001495456181708,-0.0032466521524908,-0.0080969708204713,-0.0143100256069492,-0.0199999999999999,-0.0234449187819195,-0.0260612076344364,-0.0284297616687636,-0.0309632741244043,-0.0320903371358713,-0.0329999999999999,-0.0348289383189971,-0.0349706909835125,-0.0355070330147766,-0.0359248507449538,-0.0347671851761864,-0.0339999999999998,-0.0324299468998281,-0.030517156753621,-0.0292263088426127,-0.0268138017910287,-0.023353445172097,-0.0209999999999999,-0.016612767583951,-0.0069309766730749,0.0016046918032624,0.0070786119603905,0.0118215488759611,0.0150000000000001,0.0183740974925552,0.0205817872948874,0.0218482046402297,0.0234996579572736,0.0226444100559749,0.0209999999999999,0.019445488591184,0.0169873426515387,0.0145366847790373,0.0119805170833749,0.0094559748703572,0.0059999999999999,0.0025635162981691,-0.0004348667788241,-0.0046097953307644,-0.0083714794880335,-0.0116822768697507,-0.015,-0.0182765779118831,-0.0218279449924519,-0.0244841564956275,-0.0270910371572488,-0.0293651022426355,-0.031,-0.0327536645569555,-0.0336245725720029,-0.0349306735700532,-0.0365187115707235,-0.0370880065952253,-0.038,-0.0396630857448203,-0.0409123949165476,-0.0408836945847433,-0.0413304259141478,-0.0420563086544792,-0.0419999999999999,-0.0428081428763025,-0.0432194772891283,-0.0425153353182541,-0.0416442278386349,-0.0408678033774596,-0.04,-0.0383329512716612,-0.0367719687807181,-0.034468098544741,-0.0324181843018453,-0.0318598583870747,-0.0299999999999999,-0.0274809129830024,-0.0249757731305145,-0.0228620867431909,-0.0213579721160391,-0.0197873384521086,-0.0199999999999998,-0.020119567502286,-0.0198028448380628,-0.0202509097074292,-0.0196315912877998,-0.0188739018177075,-0.018,-0.0171275143999742,-0.0163630606131519,-0.0157598792676924,-0.0161814060941438,-0.0158965010217901,-0.0159999999999999,-0.0161248209267538,-0.0157187509300939,-0.0166795291141189,-0.0169683565286167,-0.0170390559492708,-0.0159999999999999,-0.0126103505592524,-0.0104403749653515,-0.009438660587765,-0.0087683571086614,-0.0076898126496476,-0.0059999999999999,-0.0051370385440185,-0.0043285456847883,-0.0035786212355209,-0.0024036534815228,-0.0007083666753017,-6.947528971876534e-17,1.712434881688788e-05,-3.903514988199516e-05,8.775898161474691e-05,-0.0002411527888156,-0.0011922461423835,-0.002,-0.0028255510030127,-0.0036724503004107,-0.0045001490388528,-0.0053282981685634,-0.006172056344133,-0.007,-0.0078236400517965,-0.0086863729893955,-0.0094762084248192,-0.0103460150485694,-0.0111996977070594,-0.013,-0.0155951125183747,-0.0169079466037618,-0.0167685919505645,-0.0151575512409314,-0.0124452958162326
-0.0099999999999999,-0.00824900883966,-0.0072861801956505,-0.0065256924864462,-0.0056564706231076,-0.0048345284314854,-0.004,-0.0031735551093808,-0.0023124668215017,-0.0015403400918621,-0.0006017263472001,6.536204444672774e-05,2.5263741715914668e-17,-1.943425063090369e-05,2.356180117648263e-05,-2.0267139578171128e-05,1.3558748672923886e-05,-6.177581182113398e-06,-8.842309600570134e-17,3.850504446114023e-06,-4.802213461080858e-06,2.5546226439448417e-06,2.984300551197015e-06,-1.0173779753001909e-05,5.0527483431829337e-17,0.0007498156214167,0.0018540916108276,0.0019356878872052,0.0022824816166059,0.003090252874959,0.0029999999999998,0.0037300153712575,0.004816532023478,0.005331505603233,0.0065002503959568,0.0070085646387012,0.007,0.0070405149656398,0.0069092267972137,0.0071351810907948,0.0068352662397251,0.0071779626398537,0.0079999999999999,0.0079877134219526,0.0081180634406111,0.0074935278520319,0.0068905453222812,0.0070143279243574,0.0069999999999999,0.0071029378875965,0.0058331550896549,0.0038893883638242,0.002386881533382,0.0006621651108272,-0.001,-0.0034769158710054,-0.0055166304015176,-0.0070400268794189,-0.0107020989938259,-0.0147052455992927,-0.0179999999999999,-0.021435465892432,-0.0235140089605267,-0.0248443047446259,-0.026809467705836,-0.0281895131600195,-0.0289999999999999,-0.0299009329081147,-0.0300205038215243,-0.0302970856474456,-0.0314946595855898,-0.0320136226677544,-0.032,-0.0327627253724698,-0.0338224792040035,-0.0339834526130232,-0.0342263092527761,-0.0351397105242091,-0.035,-0.034898069998268,-0.0352262945400971,-0.0343928635772733,-0.0339780304872637,-0.0339196781964437,-0.033,-0.0321308050420733,-0.0314270645676213,-0.0300788180424219,-0.0284303175771773,-0.0279654188488463,-0.027,-0.025210536979524,-0.0244593329987593,-0.0229477690232617,-0.0215531116036597,-0.0192650895645835,-0.0139999999999999,-0.0089783037500685,-0.0038215558379011,-0.0004368123042945,0.0003280305425962,0.0024963669733093,0.004,0.0055116368428398,0.0076535964261194,0.0082827017741958,0.0097431566309029,0.011192404200176,0.0119999999999999,0.0128816667844559,0.0135439617678466,0.0147138881038487,0.0149399908981673,0.0151406529417995,0.0159999999999999,0.0160264268948892,0.0160081761440097,0.0159248265011349,0.0162418608178283,0.0171868775758145,0.0179999999999999,0.0188418495356429,0.0196263549912394,0.0206009298719874,0.0210668125304952,0.0210081460929495,0.0209999999999999,0.0195012501284616,0.0169225350444288,0.014643502533724,0.0117002209300499,0.0083582715115252,0.0049999999999998,0.0007915058897171,-0.0022994095050916,-0.0039593826580884,-0.0055594146252822,-0.0060503779785225,-0.007,-0.0080080946420922,-0.0078097600363013,-0.0086186413517883,-0.0089756197321552,-0.0091359868622906,-0.01,-0.0099701434156666,-0.0106288454443954,-0.0111766837874428,-0.0109169752257523,-0.0110218251695388,-0.0109999999999999,-0.0110589310249675,-0.0103459891280777,-0.0098649602784814,-0.0099064677978093,-0.0087318576204416,-0.008,-0.0072494548414263,-0.0061873158929517,-0.0056865585922771,-0.0044634904402319,-0.0040328393854034,-0.004,-0.0031022554998566,-0.0030082691031376,-0.0026370044656862,-0.0016061702395177,-0.0008504877892766,-2.8421709430404e-17,0.0008059408703525,0.0021590227320843,0.0044889701446984,0.0068515590004627,0.008229659647423,0.01,0.0125932072326062,0.0142616337868,0.0164851288358492,0.0188411752203357,0.0218703465724833,0.0279999999999999,0.0325114915190455,0.0348264324452397,0.0377865819424459,0.0394439269659832,0.0401347387294793,0.0409999999999998,0.0426432197350756,0.0438817020370025,0.0442688402387979,0.0455607380246939,0.045959687006695,0.046,0.0468839038671418,0.0470707039857538,0.0469477645147225,0.0470640964218823,0.0468916390639089,0.0459999999999999,0.0459432586774696,0.0455981882343314,0.0442130348306084,0.0439442684712894,0.0425950118086548,0.0410000000000001,0.0402566463838703,0.0386577346518561,0.037064913169187,0.0351862794345547,0.0321871175089821,0.0259999999999998,0.0205928044976546,0.0173992112201576,0.010080919430144,0.001799981840062,-0.0085363781286018,-0.024,-0.0419281113549294,-0.0645115339527109,-0.0924830601915264,-0.1287379473769239,-0.1750412026502303,-0.2319999999999998,-0.2995327151389201,-0.3752801206017913,-0.4581618062138497,-0.5381583146167165,-0.6104375897717862,-0.6579999999999997,-0.6661655852783844,-0.6535495375731578,-0.6037383496171427,-0.5121481035193887,-0.4189381348668337,-0.3310000000000001,-0.2672922975722505,-0.2450245257907429,-0.2387554176013456,-0.2341964053070765,-0.2289244846663668,-0.2239999999999999,-0.210093901129003,-0.1794709019929832,-0.1469428314378811,-0.1178085917765528,-0.0967515602850304,-0.084,-0.0705644466306021,-0.0584764794743835,-0.0422170876548243,-0.0199028070417249,0.002662360411419,0.0290000000000001,0.0575205287610407,0.083327164789418,0.1020154801939509,0.1102386704482728,0.1136106932672206,0.116,0.1154470840892722,0.1125805871804492,0.1081089784291504,0.1032363992128343,0.1006034195900532,0.0979999999999999,0.0945685749006914,0.0920321887151413,0.0893643256439956,0.0873265352448975,0.0855741399805652,0.0829999999999999,0.0805184140939634,0.0775175376056109,0.0734965980787522,0.0695071352876715,0.0664012380646344,0.0629999999999999,0.0602630208675684,0.0594187369519785,0.0580059427032401,0.0565409716451647,0.0558739403762799,0.055,0.0534092710690787,0.0515132829479146,0.0502521220524106,0.047890839484503,0.045690572302502,0.0439999999999999,0.0406616959771765,0.0375911710744826,0.032417638302977,0.0253744051251538,0.021432182784533,0.018,0.0116240748020694,0.0027969911577198,-0.0068055998124965,-0.0174216460862361,-0.0278233981277131,-0.0339999999999999,-0.0374156799741477,-0.0400303118166886,-0.0428089436723935,-0.0463180214706639,-0.0483267642027538,-0.0509999999999998,-0.0544943511246303,-0.0567822731302851,-0.0604274527936288,-0.0645766655527883,-0.0690505642206133,-0.0749999999999998,-0.0793676011395324,-0.0825553118973758,-0.0861615227022481,-0.0890379703622307,-0.0915051736214944,-0.0939999999999999,-0.0957801954491407,-0.0966325216974347,-0.0978480970030351,-0.0998563340328254,-0.1027279970070686,-0.1079999999999999,-0.1146767893600075,-0.1212841698246214,-0.1281068169727628,-0.1343295725234161,-0.1386743413052757,-0.1409999999999999,-0.1434471754905495,-0.145653691471228,-0.1463250551243552,-0.1475918351004405,-0.1478250617949718,-0.1459999999999999,-0.1436532331870103,-0.1397020023341155,-0.1358628015607429,-0.1325837185479563,-0.1280070777215633,-0.123,-0.1179633191896139,-0.1135528843943782,-0.1095940705851872,-0.1052791752172734,-0.1011249185714234,-0.095,-0.0858480063034151,-0.0776335763280833,-0.0711272937389188,-0.0643218386310126,-0.0591068646688323,-0.0539999999999999,-0.0478758928483008,-0.0453090569019725,-0.0442000602354786,-0.0423836767047924,-0.0419539011821369,-0.0409999999999999,-0.0400682792267029,-0.0395130943475024,-0.0382428193326347,-0.0380833561279688,-0.0378522498967458,-0.037,-0.0369699046724452,-0.0370099444230578,-0.0370252454013485,-0.0369328615691692,-0.0371166208980309,-0.038,-0.0380759022729364,-0.0378971003721414,-0.0381075506451771,-0.0379073030680063,-0.0380574612168966,-0.0380000000000001,-0.0379157584602734,-0.038217500170752,-0.0373789883094856,-0.0370169688273918,-0.0368704751624372,-0.036,-0.0360249602203181,-0.0353696871765652,-0.0348604312944873,-0.0348943321031115,-0.0337495364292348,-0.033,-0.0321714615198704,-0.0318495185604559,-0.0318816526034875,-0.0302021991856009,-0.0288130409414367,-0.028,-0.0271811655568256,-0.0258368876185144,-0.0238158365767103,-0.0225120009527136,-0.0205064563488196,-0.0179999999999999,-0.0148383661995488,-0.0105064248956047,-0.0070387793554411,-0.0035430209898596,-0.0004988229630081,0.0019999999999999,0.005367967751382,0.008069625004077,0.0105127841270031,0.0128068038200533,0.0142819572276798,0.016,0.0177414352253301,0.0186997654448317,0.0197549532586944,0.021894046641337,0.0231145175119338,0.0239999999999999,0.0265011680367928,0.0284502853738381,0.0299389294514392,0.0316751945171436,0.0333582612167903,0.0349999999999999,0.0358112662581185,0.0372609142993956,0.0387402304664387,0.0391680042134278,0.0402639711570992,0.0409999999999999,0.0409464521819301,0.0415908333108301,0.0425565666094321,0.0432887729546059,0.0441968792934161,0.0449999999999998,0.0457491240805912,0.0473353440104029,0.0486942852858632,0.0490621833973972,0.0489670133693757,0.049,0.0490989131843577,0.048277176852388,0.0479511455419528,0.0478171154756578,0.046802812187029,0.046,0.0443640310226834,0.0431328246294328,0.042680169597716,0.0415319852841694,0.0409041870115239,0.04,0.0391018354666169,0.0384449021212149,0.037368482904622,0.0367875474931884,0.0357532175014808,0.035,0.034975954034521,0.0354888227907021,0.0367178898349842,0.0370932038617695,0.0384019863954756,0.04,0.0399645039235366,0.0406578367657293,0.0411126375349081,0.0411147271291298,0.0422642427021446,0.0429999999999998,0.0429998008063103,0.0430152715342256,0.0429719850927149,0.0430372601366035,0.0429618704347965,0.043,0.0438417223843344,0.0441470302646493,0.0438679113547117,0.0441042391768344,0.043939665716475,0.0439999999999999,0.0440784606459235,0.043805162168736,0.0445697929404895,0.0450725325542261,0.0449947854967224,0.0450000000000001,0.0449730346108788,0.0450759124679182,0.0448503591564907,0.0453251739368699,0.0460800120693531,0.0459999999999999,0.0459837461323806,0.0460096441919779,0.0460043516964451,0.0459846667326392,0.046015647547022,0.046,0.0459631109380161,0.0461146179568642,0.0455576001781495,0.0446600839505227,0.0438229183161815,0.0430000000000001,0.0422082674883534,0.0411962554859916,0.041008312236764,0.0407887137938558,0.0398017027655414,0.039,0.0381567161500118,0.0374149308421302,0.0360615730014655,0.0344728731507699,0.0339207062523926,0.033,0.031368094778633,0.0291789569740826,0.0260196096630564,0.022665227757222,0.0193706404908674,0.0169999999999999,0.0154060327565881,0.0130515819434499,0.0099547583353378,0.0015568435956279,-0.0162397235329205,-0.0430000000000001,-0.0839084204141003,-0.1390744060771766,-0.204765178949021,-0.2821077256934311,-0.3644677931204085,-0.4459999999999999,-0.5240981696914665,-0.5965674143520348,-0.6612541420563076,-0.7033185450927172,-0.7215355485419254,-0.7289999999999998,-0.7223696296771908,-0.700813671231713,-0.6729480036689173,-0.6452377191697073,-0.6200225395252994,-0.5939999999999998,-0.5646018357236757,-0.5276991382203602,-0.4807341496042829,-0.4266736009296907,-0.3664095402303425,-0.3,-0.2320779461017338,-0.1697330755304273,-0.1152994795817657,-0.0703680208469698,-0.0356134413825778,-0.0049999999999999,0.0256702717335622,0.0587551208525314,0.0947610727446638,0.1294967781932094,0.1593560883948092,0.179,0.1871462527057231,0.1904360595259882,0.1904210370897264,0.1857463905212499,0.1798189641574077,0.173,0.1646132390030832,0.1569975520949031,0.1493221902395868,0.1426785005548726,0.1380504255693067,0.132,0.1259290749271265,0.122126629690934,0.1194785497405405,0.1169771318421777,0.11457981443637,0.113,0.1113675666140516,0.1096277827182596,0.108016974468909,0.1063621743862113,0.1045706872726468,0.1020000000000001,0.1002652685799025,0.0983183379773066,0.0948591286618197,0.0918522015393624,0.0881059580350509,0.083,0.0779312799453521,0.0736054652049823,0.0694899656434242,0.0656330100884441,0.0637322067749036,0.0619999999999999,0.0601855994959018,0.0594672736226468,0.0579836318759238,0.056444981174609,0.0544981428667471,0.052,0.051121300716192,0.0498764422066479,0.0478019731596388,0.0465143584733158,0.0445011646195528,0.042,0.0389526995255873,0.0328768184701264,0.0261569880374714,0.0209237814444327,0.0146369483206685,0.0079999999999999,0.0007598989872781,-0.0085568522445864,-0.0160506758496148,-0.0207153669217522,-0.0247594247691345,-0.028,-0.0312737066774217,-0.0348006525205881,-0.0375567594297795,-0.0399668161737633,-0.0425576073280869,-0.046,-0.0508172803544867,-0.0580345516321097,-0.0687163412765265,-0.078205382076043,-0.0826297393787673,-0.086,-0.0894785730994681,-0.0918851245095226,-0.0947912672887301,-0.0962377437332571,-0.095963871149531,-0.0960000000000001,-0.0945014993835158,-0.091984933186047,-0.0892272544921686,-0.0854954470683602,-0.0824137552720119,-0.078,-0.0705591860237579,-0.0634078947146624,-0.057564518171612,-0.0514564908511063,-0.0445787685216615,-0.0369999999999999,-0.0279450321728126,-0.0184719701961547,-0.0099648770999448,-0.0020031481639419,0.0025298187736559,0.0039999999999999,0.0057230237274915,0.0066531021713231,0.0079177377037124,0.0095106787348121,0.0101119250114015,0.0109999999999999,0.0118321568594975,0.0127484612143563,0.0130338859628872,0.0132113355123039,0.014124785369493,0.0139999999999999,0.0147257840147635,0.0153944438726229,0.0142321993392371,0.0141295297828953,0.013767222769844,0.012,0.0110704801288722,0.0105225191549911,0.0089482952072487,0.0075928328333115,0.0067821712748629,0.005,0.0032878790302839,0.0016939441812449,0.0002653384481291,-0.0001414839159727,-0.0013304432594174,-0.0029999999999999,-0.0046386483426994,-0.0063571264412268,-0.0082436577217022,-0.0112370314050216,-0.0132847292042266,-0.015,-0.0175834047657162,-0.019279432626271,-0.0214550961387932,-0.023819879454627,-0.0252872526287436,-0.0269999999999999,-0.0286726183098399,-0.0303763288969006,-0.031643196715772,-0.032244820186831,-0.0332126260021538,-0.034,-0.0347502966682432,-0.0363128313615033,-0.0377589239474225,-0.0379351248456958,-0.0381832388171978,-0.04,-0.0409943488657128,-0.0413447207929346,-0.0432558659041554,-0.0440537879955207,-0.044105263579565,-0.045,-0.0450329922800009,-0.0450484349236251,-0.0445644304977906,-0.0438468926178102,-0.0439889698106702,-0.043,-0.0420689395382012,-0.041529174434426,-0.0399699054582728,-0.0385037895490374,-0.037979328069398,-0.0380000000000001,-0.0371770939131935,-0.0368624166294553,-0.0368328774650952,-0.0353904908254421,-0.0350575047378575,-0.035,-0.0341379534505096,-0.0334241435576445,-0.0323527559610664,-0.0318521287661567,-0.0306317819822543,-0.029,-0.0289577066078168,-0.0289698033708507,-0.0293751054627099,-0.0303716908578688,-0.0312124901092322,-0.0329999999999999,-0.0347921207898486,-0.035590073636923,-0.0369453468298622,-0.0385222084529164,-0.039079211429416,-0.0399999999999999,-0.0416576711327522,-0.0433652549135469,-0.0446917941428443,-0.0451562606610865,-0.0463428414765239,-0.048,-0.0488115882456091,-0.0502187090230532,-0.0520880863480518,-0.0536040602193532,-0.0553690898171619,-0.0569999999999999,-0.0585898869237895,-0.0609561546117694,-0.0635069482137395,-0.0660330374889174,-0.0684137625286267,-0.07,-0.0716585806630833,-0.0729065558335646,-0.072922957105346,-0.0732441973400882,-0.0741927214261918,-0.0749999999999999,-0.0758105562587184,-0.076722328221697,-0.0773936553216395,-0.0785149340124897,-0.0788656231890949,-0.0769999999999999,-0.075352501604013,-0.0726182951915721,-0.0689848468803065,-0.0675904995856912,-0.065424229130572,-0.0629999999999999,-0.0614488188461023,-0.0588886633306843,-0.0570242554754675,-0.0550897624982664,-0.0524935358230681,-0.0499999999999999,-0.0474551330983606,-0.0451513683711559,-0.0419668550336418,-0.0389069953175398,-0.0365089515819308,-0.034,-0.0315756549790941,-0.0283247720318664,-0.0253595019182588,-0.0230524302142517,-0.0205322285183486,-0.019,-0.0181823753730478,-0.0172627604223499,-0.0168661471332785,-0.017117084325431,-0.0168667665992192,-0.0159999999999998,-0.0159176581465911,-0.0161689467140511,-0.015480827315912,-0.0148705071983292,-0.0150449133705062,-0.0149999999999999,-0.0149709001646379,-0.0150453104018451,-0.0149522816610699,-0.0150365358711892,-0.0149838016167445,-0.0150000000000001,-0.0149682325111215,-0.0155705676365229,-0.016306027729354,-0.0157320009936883,-0.0162294382338276,-0.017,-0.0169084317705836,-0.0177237575297101,-0.0180767470473931,-0.0179963805405628,-0.0179810054091591,-0.0180000000000002,-0.0180593255232053,-0.0178254132558413,-0.0185598250890941,-0.0190693785459989,-0.0190044627216837,-0.0189999999999999,-0.0189356980260224,-0.0192061696803746,-0.0183463289807536,-0.018207398376973,-0.0190968459998796,-0.0190000000000001,-0.0197882179090108,-0.0202275238121129,-0.0197489930604098,-0.0203778270783612,-0.0210586576955633,-0.021,-0.0217136349499985,-0.0229325592977809,-0.0227919308173305,-0.0235950430448955,-0.0251996804337711,-0.026,-0.0330818270599527,-0.0535765775898422,-0.089253272764419,-0.1400480521420237,-0.2034728886097599,-0.2750000000000001,-0.3521052635663923,-0.4316713003891355,-0.5091125168891513,-0.5825026315459403,-0.642207061589482,-0.6789999999999999,-0.6943215070072508,-0.6910505921623432,-0.6752806181960204,-0.6469899665746996,-0.6094644840720752,-0.575,-0.5425017393560092,-0.5106934284602044,-0.4771130458946911,-0.4355597952949255,-0.3894453049995383,-0.3369999999999999,-0.2781024156455677,-0.216829855082471,-0.1556984536893132,-0.1011323062039428,-0.0526394148031681,-0.0089999999999999,0.030317249656985,0.0679276166204788,0.1020745747129065,0.1356372489186254,0.1695777799000315,0.1989999999999999,0.2200870004833099,0.2303836692424938,0.232532531558236,0.2289014139073263,0.2213615468426151,0.2129999999999999,0.2045959724702346,0.1969780235540943,0.1894030539760297,0.1824281688499257,0.1769079017903944,0.171,0.1658169127174962,0.162209513941176,0.1594033166036619,0.157059171936446,0.1544723644729864,0.152,0.149517736288179,0.1469829508590124,0.1444818950406541,0.142172237979653,0.1407402733718529,0.139,0.137220040773652,0.1363819633615663,0.1351293015358273,0.1332324598375918,0.1317862147983108,0.1309999999999999,0.1294338380431061,0.1274664044485779,0.1265481867554735,0.1254612574411918,0.1235602926602785,0.1209999999999999,0.1185288069185413,0.1146913321892672,0.1070181472036849,0.099052466146079,0.0928474494580164,0.0879999999999999,0.0846851377489172,0.080780266647628,0.0762077195915481,0.0705819694190208,0.0650986924637099,0.0620000000000001,0.0587455695567015,0.0552404096886177,0.0520557409541996,0.0487640221354962,0.0466744877559571,0.0449999999999999,0.0425622488530764,0.0398822734639585,0.0375431389199125,0.0323912403995801,0.0244661228610293,0.018,0.010677052457166,0.0027159294143244,-0.0041199358197475,-0.0126402393150983,-0.0218009421663615,-0.031,-0.0396100709350926,-0.0453336156264016,-0.049172091746242,-0.0520473990772293,-0.0545003806463188,-0.057,-0.0587820379473374,-0.0596255244697382,-0.0608872360944132,-0.06260124791442,-0.062970579280298,-0.063,-0.0638155988629468,-0.0646744084475954,-0.0655002134422089,-0.0663319594713485,-0.0671648724070336,-0.0680000000000001,-0.0688717132187634,-0.0691415349523877,-0.0686140588038015,-0.0674157156329858,-0.0656613975520539,-0.0639999999999999,-0.0608191031150709,-0.0570955057583983,-0.0541356266187072,-0.0481256569179491,-0.0406457053946492,-0.035,-0.0291708023297513,-0.0242213638686725,-0.0215886396569206,-0.0186939866506709,-0.0154177515455141,-0.013,-0.0098086282467959,-0.0056143162690648,-0.0018036439599456,0.0008911020239351,0.0022292284574145,0.0039999999999999,0.0065537889331745,0.0084100505045983,0.0099365936038729,0.0117365571990605,0.0132322598893119,0.0139999999999999,0.0148409123802911,0.0151815816242618,0.0147691880440006,0.0153824734462857,0.0160443523221935,0.0159999999999999,0.0167549380130359,0.017823589252153,0.0179996754330714,0.0181827129398896,0.0192277059756367,0.0199999999999999,0.0207684124191695,0.0218324168539904,0.0219673814311253,0.0222340790345352,0.0231486431507187,0.0229999999999999,0.0220953250090041,0.0219926200797471,0.0216774388647763,0.0205539868824431,0.0198918621897822,0.019,0.0180955027720466,0.0175138247498121,0.0159446565192155,0.0145956869469383,0.0137875010245283,0.012,0.0102091875406604,0.0094336232043307,0.0077746866972865,0.004807121729486,0.0026590555359432,0.0009999999999999,-0.0006971314594641,-0.0022626930591044,-0.0041237835936099,-0.005397467932544,-0.0061544485420901,-0.0069999999999999,-0.0078409030793783,-0.0086192784598333,-0.0098452067665809,-0.0117766162176945,-0.0132716176051973,-0.0149999999999998,-0.0161036959443707,-0.0147411934490499,-0.013054873700292,-0.0110616749678555,-0.0085696549076863,-0.0069999999999999,-0.0046281869464051,-0.0017279017438212,-0.0003995413684909,0.0003191884586601,0.0011168009636634
0.0009999999999999,0.0001375529417168,-0.000139907825173,0.0001837074630627,-0.0003445742634062,-0.0010632338057742,-0.001,-0.001753188554238,-0.0027725018143172,-0.0033948036580906,-0.0044176456751351,-0.005118797891292,-0.006,-0.0069053643585266,-0.007111138376101,-0.0065635785679672,-0.0058023408419101,-0.0060458191211054,-0.005,-0.0031808278312716,-0.0024930390762156,-0.0009222596450958,0.0003604672471903,0.0012509663039746,0.003,0.0047078837880757,0.0058222277364305,0.0062710574611617,0.0077375330367907,0.0091821950328019,0.01,0.0117000976664287,0.0127078950943935,0.0138021530648836,0.0158002653292898,0.0172150859849261,0.0179999999999999,0.0187912995098537,0.0197937933987959,0.0200296795231002,0.0200468373015853,0.0198942091642386,0.019,0.018206720456427,0.0167602320898637,0.0149385632846028,0.0133646690755708,0.0116572006881557,0.0099999999999999,0.0083334771548252,0.0066504170918103,0.0052695169770369,0.0049191777746202,0.0035344758704315,0.0009999999999999,0.000127868326526,-0.0011574852009922,-0.0031198947240898,-0.0046219520251816,-0.0062852922149353,-0.007,-0.0077717306244992,-0.0087580174233177,-0.0094048934582419,-0.0104114843405687,-0.0111205867202536,-0.0119999999999998,-0.0129201597501841,-0.0130115697219477,-0.0132586760441693,-0.0146944245204053,-0.0162329108352099,-0.0169999999999998,-0.0178650649224538,-0.018109431109419,-0.0179217147776139,-0.0180391598775094,-0.0179981832827976,-0.018,-0.0172198961659071,-0.0163090928004114,-0.0152157817845636,-0.0131830064606497,-0.0117484682595463,-0.0099999999999999,-0.0082154087745736,-0.0073549267426296,-0.0064447097691111,-0.0057237613752428,-0.0048023422143838,-0.004,-0.0024777062218968,-0.0003217444166052,-7.239804635653651e-05,0.0004513168103595,0.0023926442826236,0.0039999999999999,0.005639535627478,0.0074002443028131,0.0086521790900037,0.009191706438845,0.0103185537315393,0.012,0.0128875055391665,0.013547371984,0.0151365328973994,0.0185897953685435,0.022802745859373,0.0259999999999999,0.0270488379726612,0.026764487379146,0.0278890912758872,0.0297046373106379,0.0312273015570989,0.0299999999999999,0.0242538640729727,0.0188082814987944,0.0140656221162923,0.0092654995352714,0.0066080984621463,0.0049999999999999,0.0041477292731559,0.0028770290607302,0.0007345023613467,-0.0001472542274666,5.339639695726343e-05,-2.147418045852747e-16,-0.0001084126261289,0.0007428098164666,0.0010120829395985,0.0012451513409816,0.0020954132024612,0.0019999999999998,0.0027997490557738,0.0031417814020652,0.0032301882200878,0.0043531271945119,0.0038306127453918,0.0039999999999998,0.0041945358518038,0.003166138649061,0.0027757627731672,0.001218427563815,-0.0001504148429239,-0.0009999999999999,-0.0059530603454199,-0.0212164448719688,-0.0493441080059927,-0.0897680584826216,-0.143757861268984,-0.207,-0.2763539778461163,-0.3513164619292305,-0.4281861327826562,-0.5037019823656034,-0.5717108371774319,-0.6259999999999998,-0.6570405519291138,-0.664063955237551,-0.657939515382531,-0.6359845940319689,-0.6005203157853924,-0.5639999999999998,-0.5302260021298351,-0.5013091143266882,-0.4760542654473752,-0.4504845118582446,-0.4204949951441175,-0.3849999999999999,-0.3462838039725593,-0.3019665667879701,-0.2496627153965021,-0.1911904832873272,-0.1325719764860028,-0.079,-0.0338247274498642,0.0021874797789842,0.0328809987032723,0.0591312586542228,0.0854120712893945,0.1089999999999999,0.1198908610082381,0.1250450865376864,0.1290667859194634,0.1305019269645005,0.132336864291007,0.1319999999999999,0.1287643511922215,0.1247777753945219,0.1198959665044388,0.1129992311938227,0.105668259119116,0.0999999999999999,0.0948725430745466,0.091256540649801,0.0876899055045101,0.0832698762792718,0.0791409775493594,0.0749999999999999,0.0731861526808336,0.0717956879641219,0.07020049262797,0.0698653553763699,0.0687371505615389,0.0679999999999999,0.0672412989481173,0.0662173859832019,0.0656199240701518,0.0645749305070188,0.0638783731409909,0.0629999999999999,0.0621491536733114,0.061297682419183,0.0608981888795352,0.0608620584783839,0.0598206222828348,0.06,0.0594191048851102,0.0573827861816171,0.0566952625939268,0.0552741823694383,0.0537694984092283,0.0519999999999999,0.0479570907789816,0.0430603689745782,0.0378581090943676,0.0334226666227958,0.030485952393817,0.028,0.0254656433831149,0.0235261093596762,0.0221830562445308,0.0199997078164769,0.0175807515509319,0.0159999999999999,0.0144085870755162,0.0120570311036469,0.0094819381617371,0.0068727674332896,0.003209005667691,-6.315935428978669e-18,-0.0016429659966278,-0.0039427456019686,-0.0062071001476365,-0.0076376660911165,-0.0108054395909564,-0.0150000000000001,-0.0190473349382706,-0.0244971943159913,-0.0308760798784342,-0.0379505072157539,-0.0454474878928707,-0.0519999999999999,-0.0578952762556069,-0.0630760521432518,-0.0679609554589801,-0.0729107658648372,-0.0766003571790309,-0.0789999999999999,-0.0814542186873224,-0.0841097514522835,-0.0860987215313106,-0.087483054796612,-0.0880378717472657,-0.088,-0.0872947278154268,-0.085634652502418,-0.0838786774310396,-0.0803288025382751,-0.0762208832785522,-0.0699999999999998,-0.0562087644364019,-0.041543505630019,-0.0311605647446575,-0.0229821918616906,-0.0168707760275007,-0.0109999999999999,-0.0044456933020285,0.0031304938174819,0.009428048538104,0.0136410885659845,0.0177191479834691,0.02,0.0223824117064278,0.0251765870496401,0.0273175790776203,0.0301425758072681,0.0324270174651123,0.035,0.0375240301628067,0.0404464816075907,0.044222951126562,0.0471472741966312,0.0507789454673374,0.054,0.0565023971009402,0.0585351468432016,0.0597806340823828,0.0618603538344332,0.0632135666883785,0.0649999999999999,0.0668464613037863,0.0675048642633851,0.0687922056238875,0.0688499035129563,0.0692131624275546,0.07,0.0691399108544688,0.0689697555709033,0.0686720622563814,0.0675710886770747,0.0668849905033941,0.0659999999999999,0.0643570846928983,0.0626864422141571,0.0606509546455061,0.0580353892693049,0.0568450329968116,0.0549999999999999,0.0508873183360151,0.0466222948616994,0.0425649636696891,0.0381116950033796,0.0330109861313879,0.029,0.0249676678256904,0.0203714010180304,0.0172039018892884,0.0132516982433825,0.0093246316602949,0.006,0.002501651053427,0.000665837630156,-0.0014130288521505,-0.0038579403614172,-0.0052520824868329,-0.007,-0.0095084931197585,-0.0115334950063394,-0.0125020893540243,-0.0133500669974566,-0.014162368149261,-0.0149999999999999,-0.0150804435029286,-0.0149014851244828,-0.0148571333309144,-0.013218518276692,-0.0117616946178231,-0.0099999999999999,-0.0081861511698261,-0.0070205792070915,-0.0041628507405067,-0.002721152980121,-0.001634482612364,1.8947806286936004e-17,-8.906594883232956e-05,0.0012571773252217,0.0026524045687727,0.00332746427046,0.0040653412951273,0.004,0.0047797894619206,0.0057001832784156,0.0065124960280934,0.0072778248560283,0.0082336619681763,0.0089999999999999,0.0089138068269075,0.0097421914531859,0.009987422650691,0.0102819954202326,0.0110672720125411,0.0109999999999999,0.0118343234059849,0.0121029110047439,0.0120116875605075,0.0117521409098313,0.0109038181067916,0.0110000000000001,0.0102117431717993,0.0097909236721312,0.0101751676137966,0.0098812679847627,0.0100550347675741,0.0099999999999999,0.0099659219313767,0.0100415802203487,0.0099749766006408,0.009995130977438,0.010028420427974,0.01,0.0091408587090826,0.0089401387577327,0.0087126433258353,0.0075459186824127,0.0068803488841445,0.0060000000000002,0.0051908340319506,0.0037571032201727,0.0022275098488638,0.0018661996827885,0.0007131643499341,1.3263464400855202e-16,8.526546168666172e-05,-0.0006622244489974,-0.0014289945678513,-0.0025683790242914,-0.0043605044469057,-0.0059999999999998,-0.007685157356674,-0.0088324509440254,-0.0092993411283478,-0.0105742236017955,-0.0108795074632929,-0.0099999999999999,-0.0100658763009681,-0.0088617643169822,-0.0068821106897496,-0.0053655345038998,-0.0037273983908826,-0.0029999999999998,-0.0021990588881234,-0.0013220741499754,-0.0004292000891934,4.0586039062063934e-05,0.0001393778049921,0.002,0.0030354897839802,0.0028731323802965,0.0031627947295682,0.0028321225046685,0.0031645380729627,0.0039999999999999,0.004056402052507,0.0038680820369595,0.0044878327404295,0.0051436567622566,0.0049578528048528,0.005,0.0049599531491212,0.0056184491462022,0.0061812954702709,0.0060453302702499,0.0073071705972066,0.008,0.0079565033910048,0.0080852973033246,0.0079053668138397,0.0080627358039988,0.00801855174799,0.0089999999999998,0.0099968140777834,0.0098575621456498,0.0105027208134198,0.0112646508305636,0.0122736651667486,0.014,0.0157371151223387,0.0163320430283288,0.0150934214290098,0.0131746901257061,0.0103431985237851,0.007,0.004416267322972,0.0025946143588419,0.0010951938774355,-0.0008886916190456,-0.003560741465805,-0.006,-0.0076297554378374,-0.0099487189026226,-0.0122129619411381,-0.0135377387254535,-0.0153893923552881,-0.0169999999999999,-0.0186727082144211,-0.0197985118107627,-0.0206626686950307,-0.0229520991550108,-0.0241010128095043,-0.0249999999999999,-0.0267302708863558,-0.0277483630376742,-0.0281586960659782,-0.0278668227356464,-0.0280895039582499,-0.0279999999999999,-0.0271434778556779,-0.026400845046447,-0.0254042135689153,-0.0247614174987938,-0.023772264530776,-0.023,-0.0222428491608009,-0.0211822538483122,-0.0207079632693005,-0.0194328165073805,-0.0190575357149621,-0.0189999999999999,-0.0180596417005435,-0.0181091769515066,-0.0174565607013729,-0.016965108992649,-0.0168992470852623,-0.0159999999999999,-0.0159738403724499,-0.015533696053458,-0.0142745971949457,-0.0140260347963638,-0.0139042083931021,-0.0129999999999999,-0.0121577278393099,-0.0112892149161,-0.0108886644563587,-0.010907161217924,-0.0097217392195048,-0.009,-0.0082802873106065,-0.0071039048154001,-0.0068611727093289,-0.0049997960056059,-0.0026130611209573,-0.0010000000000001,7.222353244357135e-06,-0.0005556978431127,-0.0020750621844018,-0.0055723599318942,-0.0083534282960261,-0.0100000000000001,-0.0126276347201734,-0.0136904777060073,-0.0149266723832544,-0.0164616184113789,-0.0172053124592627,-0.019,-0.020707816526562,-0.0222938715334685,-0.0240167342759143,-0.0256747534861,-0.0273151109328726,-0.029,-0.0307269457802272,-0.0321307234462273,-0.034836381742709,-0.0385058461169426,-0.0430158775607563,-0.0479999999999999,-0.0513411378307374,-0.0556024746476339,-0.062093495332314,-0.0711773985750776,-0.0867660145120422,-0.11,-0.1400165084860529,-0.1791916155449269,-0.2293282764616094,-0.2890096772096122,-0.3587023202008337,-0.435,-0.5104441140157284,-0.5791596071014058,-0.6280254850459983,-0.6474543467255068,-0.6435941577346863,-0.6149999999999999,-0.55335181672882,-0.4733674870002038,-0.393373747510601,-0.3208107556033414,-0.273102420803304,-0.2539999999999998,-0.2462749457580894,-0.2401324523604686,-0.2353182456855342,-0.2278579655519394,-0.204944766598257,-0.169,-0.1314224245689438,-0.096093525588219,-0.0679923773903669,-0.0434151755965396,-0.0252168883755221,-0.013,0.0064432865149267,0.0289542606830467,0.0526227764290196,0.0778622239346104,0.1003077255965366,0.1189999999999999,0.127382197027276,0.1299186598505305,0.1323334378786633,0.1331508772995966,0.1311408610888529,0.123,0.1116337055398398,0.096961489040181,0.0843529256185359,0.079708568854248,0.0762966364575008,0.0739999999999999,0.0716886245909217,0.0686295003726455,0.0672621112845465,0.0649000854888764,0.0626420945774175,0.0609999999999999,0.0593459195760208,0.0571891354420404,0.0540633443648887,0.050452790315291,0.0461427042481337,0.0419999999999999,0.0370139896564828,0.0325515390067772,0.0282381141407898,0.0230154314045946,0.0193057327304146,0.0149999999999999,0.0107535407444784,0.0063682236602295,8.228036091422394e-05,-0.0069119563767993,-0.0143729074683927,-0.0189999999999999,-0.0222392422798096,-0.0258501203063974,-0.028772843686663,-0.0325563756391741,-0.0354766590549506,-0.0380000000000002,-0.0405635410586954,-0.0428858114095546,-0.0456297781678874,-0.0478958217225483,-0.0505474927647216,-0.0529999999999999,-0.0562162640790433,-0.0598445267008898,-0.0628131757437389,-0.0664703800115665,-0.0696440052450396,-0.0740000000000001,-0.078366693902576,-0.0814774526259084,-0.0854796238583766,-0.0900954984631614,-0.0993457799035128,-0.112,-0.1208476948585068,-0.1254732873843058,-0.1294871748094344,-0.1333574097619468,-0.1352953681620818,-0.137,-0.1379721830366282,-0.1383996599817521,-0.1401188386220406,-0.1414118095660671,-0.1420748483559991,-0.1420000000000001,-0.1427464484916505,-0.1433410237895284,-0.1423823514905146,-0.1416305849836588,-0.1395171488117242,-0.138,-0.1357842553742463,-0.1319833669453673,-0.1295988912727771,-0.1244706957173969,-0.1177437737608709,-0.1119999999999999,-0.1069660453688143,-0.1008469519493209,-0.0900622370989883,-0.0784881390910734,-0.0664422585310887,-0.0539999999999999,-0.0438682035594133,-0.0350363775859291,-0.0276856063821953,-0.0197228834591619,-0.0127614115510943,-0.0049999999999999,0.0061505752521599,0.0122466744908657,0.0138673967233617,0.0157464255849047,0.0173215242994757,0.0189999999999999,0.0198704676818952,0.0206962970598394,0.0211024533776814,0.0211151914732337,0.0222639036796055,0.023,0.0230122946903774,0.0229511308971629,0.023342524870832,0.0244631946237239,0.0250361638785906,0.0249999999999999,0.025008190635687,0.0249621109894818,0.0250988366310018,0.0247245670692628,0.0238881751151454,0.024,0.0240535028386833,0.023922009816652,0.0240776371713633,0.0239445052971711,0.0240198058495789,0.0239999999999999,0.0247306250082874,0.0258708669579381,0.0259486805717422,0.0262145243166728,0.02722712285618,0.028,0.0279598580868931,0.0286354917361292,0.0291467178466522,0.0290944181436754,0.0302567054827076,0.031,0.0318361407787869,0.0320999216107764,0.0322847876043631,0.0332686475454923,0.0329619841910503,0.0340000000000001,0.0341632214405969,0.0342633553550872,0.0356663198841097,0.0342972282849483,0.0340779354274412,0.0329999999999999,0.0311550704458773,0.0296042925642774,0.0254369505405324,0.0232037552701777,0.0155269160538886,-0.003,-0.0310084810469009,-0.0700376447466652,-0.1175403553886325,-0.175364732596671,-0.2402696873475201,-0.3079999999999998,-0.3729991383423095,-0.429457702569376,-0.4721138294996488,-0.4882098242543833,-0.4837952579714971,-0.4559999999999998,-0.3982460624399388,-0.3319217731668352,-0.2699165417115009,-0.2299622307284654,-0.2177610885913958,-0.213,-0.2081436973523966,-0.2020779116189724,-0.1970197046582198,-0.1833755878132198,-0.1515773773032602,-0.1119999999999999,-0.0753263780789707,-0.0461570156229005,-0.0184273896443409,0.0010714514842073,0.0143709408296922,0.0389999999999999,0.0607350201270652,0.0786019544268355,0.1029826237110759,0.1231165453898252,0.1375702845634197,0.1469999999999998,0.152139317962082,0.1559093817197027,0.1584858531014589,0.1608781324587107,0.1622014033964863,0.1629999999999999,0.1622795104086139,0.1612408206649993,0.1602399534761805,0.1583339867181819,0.1579887386853061,0.1569999999999999,0.1560223242455381,0.1556274540503404,0.1538267450713783,0.1526870861865788,0.1517406711479902,0.1499999999999999,0.1482463233431531,0.1473604738266213,0.1460814850488475,0.1445032773968223,0.1438222732393709,0.1419999999999999,0.1402890284214512,0.1382666818125184,0.1348210022438265,0.1293128970609713,0.1200862239979574,0.1130000000000001,0.1088550688602068,0.104941865973396,0.1031114611675533,0.1009646803428153,0.098642608232194,0.0969999999999998,0.094471537760549,0.0926144731988814,0.0907121065878795,0.0878626922110966,0.0855760439521218,0.0829999999999999,0.0797243337212847,0.0753667165151097,0.0692160548095433,0.0643154302912836,0.0599930830557239,0.054,0.0475054095125569,0.0388683728004112,0.0296393380692706,0.0220581229951874,0.0144688006676893,0.0069999999999999,-0.001127105210888,-0.0117627690121613,-0.0255903176410487,-0.0389325580341295,-0.0487794011455018,-0.057,-0.0637079094335822,-0.0711484021481814,-0.0814147257982285,-0.0923267487035972,-0.1032329135697862,-0.1149999999999999,-0.126157716506453,-0.1337939747854349,-0.1388125871675584,-0.1420873775421291,-0.1445608143098344,-0.1479999999999999,-0.1514189410264758,-0.1529837354045319,-0.1483060505532406,-0.1392510989415578,-0.128508864128547,-0.1129999999999999,-0.0969493601203572,-0.0825435787505803,-0.069236353289859,-0.0571180919949045,-0.0445344251572841,-0.0330000000000001,-0.0198871378545468,-0.0063066949313782,0.0033239779308699,0.0109913939044556,0.0185818819552397,0.027,0.0345959286803564,0.0419317343426192,0.0490257744737779,0.0536587109663931,0.0578118346216096,0.061,0.0635395878103608,0.0649848356440229,0.0651678085401551,0.0666418108899641,0.0669160211759703,0.0669999999999999,0.0678961549920182,0.0685098636225473,0.0697446596403127,0.0699429477075578,0.0700688969123346,0.0699999999999999,0.0698820602960982,0.0702867388974579,0.0692858826674726,0.069118354981522,0.068762082750045,0.0669999999999999,0.065404699378084,0.0630139261288121,0.0605616647346121,0.0578886107369487,0.0555914250590964,0.0519999999999998,0.0438203223522921,0.0360110834051857,0.031793969129037,0.0289091041020942,0.0265872845050398,0.025,0.0241458453874172,0.0233447531822613,0.0225073412383896,0.02163976446142,0.0208691944845627,0.02,0.0183212888418511,0.0171967971580794,0.0166157012356551,0.0155799661752793,0.0148817501018019,0.014,0.0131035553248339,0.0124984313038539,0.0109687208560753,0.0095562207833473,0.0088641667489804,0.008,0.0071500331484536,0.0063869774533786,0.0051650651724819,0.0031815114328888,0.0018219262768636,0.001,6.764143746174669e-05,6.586422704979276e-05,-0.0004721129740921,-0.0011155628798492,-0.0010358696337838,-0.002,-0.0028924148803821,-0.0035801561848566,-0.0046090699886738,-0.0051088268941521,-0.0049342277288663,-0.0049999999999999,-0.0058922377082227,-0.0059877404697059,-0.0064209093850503,-0.0071492806839775,-0.0070286263790215,-0.0080000000000001,-0.0081444054028238,-0.007757477434204,-0.0085367001234616,-0.0093175422701918,-0.0101034260247944,-0.0099999999999999,-0.0107002314291021,-0.0118715078976782,-0.0122690539056824,-0.013543127210895,-0.0140270509114115,-0.0149999999999999,-0.0167939092191748,-0.0175566630616232,-0.0189783200117761,-0.0206253628752904,-0.0223784995336851,-0.0239999999999998,-0.0255539262989979,-0.0280425724750879,-0.0303571618752753,-0.0333320534846777,-0.0365701367433526,-0.039,-0.0415320742195491,-0.0434529475989536,-0.0448783650656145,-0.0468126709702499,-0.048122346274423,-0.048,-0.048697251273491,-0.0499312790152808,-0.0498564103336185,-0.0503418060225665,-0.051067209047478,-0.0509999999999999,-0.0509982100006132,-0.0509824531908945,-0.051042488562071,-0.0509327331948975,-0.0510994862667423,-0.052,-0.0529012875201212,-0.0530433967207575,-0.0532487395712019,-0.0545565681564398,-0.0549625750998701,-0.0549999999999999,-0.0558977016179709,-0.0559952111902576,-0.0563505937313038,-0.057425993420625,-0.0580738361280612,-0.058,-0.0578993602632799,-0.0586820704150133,-0.0593912221714977,-0.0606354336811334,-0.0622538269653546,-0.0629999999999998,-0.0638472383969756,-0.0641706774046327,-0.0635803387369426,-0.0624690859302177,-0.0605591319589115,-0.058,-0.0554072418931236,-0.0536950076988775,-0.0516234901975672,-0.048954514499461,-0.0464976305153477,-0.044,-0.0422929154607747,-0.0406618813370005,-0.0393273650705744,-0.0387678048094301,-0.037791220561106,-0.0369999999999999,-0.0361545270977544,-0.0358452475776291,-0.0361435478004868,-0.035888545727314,-0.0360608083721048,-0.0359999999999999,-0.035940633755065,-0.0361051079775172,-0.0358730468329464,-0.0361183641135963,-0.0359231972507693,-0.036,-0.0361371696302452,-0.0352291048875609,-0.0349565936520387,-0.03499149730219,-0.0350108370577248,-0.0349999999999999,-0.0357124296674233,-0.0369292441531183,-0.0368384867105189,-0.0373733042629936,-0.0380388010579957,-0.038,-0.0380619784617643,-0.0377913942424674,-0.0386589076848041,-0.0387892212702609,-0.0379017781875538,-0.038,-0.037256456129444,-0.036190815729454,-0.0359203802627506,-0.0360722787380673,-0.0359363181338064,-0.036,-0.0368924465028142,-0.0370036872010094,-0.0373488460227274,-0.0384068904936206,-0.0391394158711353,-0.04,-0.0408573831341734,-0.0415767822138959,-0.0429596369140622,-0.0443995116028055,-0.045617835172616,-0.0579999999999999,-0.0885037035257555,-0.1290213333063956,-0.1808808844807707,-0.2466826939583153,-0.3215297927680489
-0.402,-0.4837642885681105,-0.5636301495113951,-0.6368627332290587,-0.6994993185224959,-0.7438495944696972,-0.763,-0.765138449333479,-0.7524591057430516,-0.7213009317520002,-0.680201796165352,-0.6405192024369458,-0.607,-0.578369379965896,-0.5515146477707894,-0.520774234185895,-0.4830980415702005,-0.4367995005801983,-0.3779999999999998,-0.3108106645374142,-0.2415155237955973,-0.1738345638989556,-0.1126451792711283,-0.0632695764864656,-0.027,0.0037853165475328,0.035729052050838,0.0688698104641428,0.1002212048680614,0.1298173054771693,0.1549999999999999,0.1677153820881382,0.1730533033739471,0.177470858806746,0.1797051528092939,0.1812434860076592,0.1809999999999998,0.1786526402314434,0.1747737413241415,0.1705312440211704,0.1658294954618355,0.1584004557070063,0.151,0.1442317140748699,0.1392793685144185,0.1358738318021941,0.1310065804457637,0.1274200994435139,0.1239999999999999,0.1197844749092225,0.1157749143862246,0.1113698867878106,0.1074310352032742,0.1031647443344464,0.1,0.0968220891772249,0.0929986713067852,0.0907562998891596,0.0875202097124299,0.0845838828290797,0.0829999999999999,0.0812487498664927,0.0803749373221742,0.0790745767529661,0.0774663447090849,0.0769309911617118,0.076,0.0742690607946522,0.0733316656882254,0.0721421339664248,0.0702993431871547,0.0685944034095062,0.0659999999999999,0.0642670218482796,0.062254385116411,0.0592839423409991,0.0570248081772348,0.0531359065088995,0.0499999999999999,0.0476725918437896,0.0441411736917929,0.0415982346773897,0.0387208384782932,0.0352871497929011,0.0309999999999999,0.0266703718206007,0.0234693536437201,0.0197202999856751,0.0172544525578119,0.0156500613312754,0.0139999999999999,0.0124053610614653,0.0104896382442034,0.0093169196791822,0.0066922971053244,0.0034412485785069,0.001,-0.0015198713106357,-0.004311926642991,-0.0090678454593077,-0.0136607803767192,-0.0179660146883832,-0.023,-0.0271290733124808,-0.0319867133207453,-0.0366292921304534,-0.0406579271072227,-0.0447453376181105,-0.0479999999999999,-0.0514128276100796,-0.0535235154024268,-0.0548985167836724,-0.0565621689604429,-0.0570694744295418,-0.0579999999999999,-0.0589111195751278,-0.0595294834024525,-0.0606865787049401,-0.0610287767284617,-0.0609606376856459,-0.0599999999999999,-0.0582971056354625,-0.0567644196272448,-0.0548455949249738,-0.0535252573660611,-0.0514657944666269,-0.0489999999999999,-0.0467772767721289,-0.0415255361566686,-0.0355055278260847,-0.0293434889348202,-0.0229441324806147,-0.0199999999999999,-0.0175740120045083,-0.0153727368819755,-0.0143091678402438,-0.0120469385924443,-0.0109047151821886,-0.0099999999999998,-0.008250531111701,-0.0073297457502874,-0.0064434003626857,-0.0057662983045096,-0.004698214665012,-0.003,-0.0021013664648502,-0.0014367155702727,-0.0003390066795689,5.0374758877940925e-06,8.991980403624842e-05,0.0009999999999999,0.0018025115082793,0.0032322717085706,0.0050498305708538,0.0066867596269999,0.0082316646849973,0.0089999999999999,0.0106447375982536,0.0117940384661866,0.0127443875377204,0.0146714866759981,0.0150141505137579,0.0159999999999998,0.0162659166650139,0.0150167745026479,0.0152431901710233,0.0145492738569884,0.0140137024652774,0.0139999999999997,0.0131427993126195,0.0124613293890829,0.011018593179436,0.0093858574454697,0.0075662162356858,0.005,0.0025009989910068,-0.0010562090352139,-0.0109706667034627,-0.0258792330423592,-0.0368701242207814,-0.0479999999999999,-0.0650513386714384,-0.0866668277100421,-0.1147033049030414,-0.1499527737155747,-0.1917796107054725,-0.2379999999999999,-0.2899331873865285,-0.3450706829249881,-0.3954836033556634,-0.4367451251305236,-0.4570732016055798,-0.4569999999999998,-0.4404451635710114,-0.3969615128382147,-0.3386551075223308,-0.2840721035899692,-0.240736323348942,-0.2169999999999999,-0.207312696604121,-0.2016051105289799,-0.1984210389249045,-0.1950275313683975,-0.1809404663863102,-0.1539999999999999,-0.1232282569447133,-0.0934661473046459,-0.0741804854429162,-0.0641142965053097,-0.0528119298480847,-0.046,-0.0408138316695049,-0.0290917055773229,-0.0124629379145721,0.0090208404566845,0.0313963777227596,0.0540000000000001,0.0742437166512608,0.0828996508865901,0.0856479892355406,0.0894923468774377,0.0910866633724733,0.091,0.090283026949155,0.0886792489906134,0.0867693613614669,0.0835921219051032,0.0804742742700525,0.078,0.074694899786628,0.0713639705987099,0.0676410663076583,0.0632606631758087,0.05918909427017,0.055,0.051541554141064,0.0490064447121722,0.0464840037803695,0.0439961619214814,0.0415589367621015,0.04,0.0384210531875254,0.0364607720636537,0.0355817207790822,0.0343932421795578,0.0326719982137797,0.0309999999999999,0.0292770205117326,0.027847645407244,0.0254055049156576,0.0233538806980914,0.0214752638261104,0.0179999999999999,0.0154452608170426,0.0125558143105648,0.0088129461892107,0.005781605704775,0.002330786778977,-3.3158661002138005e-17,-0.0023228997084798,-0.0058352389559102,-0.0084440392477807,-0.0112478774280466,-0.0146821898403724,-0.0180000000000001,-0.0219726850503572,-0.0281072746878404,-0.0349836277349083,-0.0395906244780449,-0.0440971703226026,-0.052,-0.0635716036570062,-0.0745875314502164,-0.0825080188956271,-0.0900557161257559,-0.0975172376798417,-0.107,-0.1195587486693578,-0.1304864635144754,-0.1385184671683342,-0.1436776391647372,-0.1465032827795561,-0.149,-0.1507423529506032,-0.1522026779082627,-0.1542276439105975,-0.1550523757157566,-0.1535309162933524,-0.15,-0.1442913288417263,-0.1381214047690795,-0.1330303593462792,-0.1279305337025944,-0.1230956302648761,-0.119,-0.1150096238431142,-0.1081398702484723,-0.0969513774010397,-0.0856723240977753,-0.0746722283512865,-0.0619999999999998,-0.0487148592225463,-0.0347785119384688,-0.020343711192968,-0.0067542059773718,0.0053784574718525,0.018,0.031485970226368,0.0426353612237831,0.0499517306540114,0.0548805040959583,0.0600980099749038,0.0649999999999999,0.0683980364950796,0.0711687944209975,0.0729933925897473,0.0747324285445687,0.0762592332427276,0.078,0.0806171654899324,0.0817519691196494,0.0827793336878462,0.0848081143553791,0.0862169519053894,0.087,0.0877466706396807,0.0893527431507614,0.0906341429483635,0.0912745871047878,0.0921801841429656,0.093,0.0938834473197144,0.0940772199080022,0.093965891587006,0.0939878987543907,0.094044504196867,0.094,0.0923733509305489,0.0911576034766148,0.0903967015291115,0.087858699527298,0.0856543539096947,0.0839999999999999,0.082315266976054,0.0803172733690208,0.0765226697750293,0.0725297889273109,0.0693790592654802,0.0659999999999999,0.0626018653794359,0.0599200211854588,0.0575764658630779,0.0549180139099989,0.0526042255424455,0.0509999999999999,0.0493752327456698,0.0475252199573583,0.0467288715579334,0.0473092536621263,0.0482259147252211,0.0499999999999999,0.0517626490225332,0.0530977205371177,0.0556627143831654,0.0574752375648744,0.0582060502982756,0.0599999999999999,0.0617114746477889,0.0633024860591616,0.0647678917628996,0.0649688511282455,0.0650519795731244,0.065,0.0634725861600742,0.0609440924613138,0.0588684260142811,0.0574225324188791,0.0556088539700245,0.054,0.0531521548108735,0.0523326016966326,0.0515207125670625,0.0506289085017366,0.0498755126931608,0.0489999999999999,0.0473086611445144,0.0462517157448236,0.0452727549691364,0.0431042129424556,0.0418688291133386,0.0409999999999999,0.0392775079697692,0.0383236933270055,0.0371457221012038,0.035380297221299,0.0350381913035865,0.0349999999999999,0.0341694425748654,0.0333711382104767,0.0323913674398785,0.0319560888914276,0.0319343083386034,0.031,0.0301320082500613,0.0293629721980631,0.0285240588188065,0.0274563340558835,0.0256820011872743,0.025,0.0242700462555705,0.0231508130535293,0.0227338181303357,0.021415755511328,0.0210657353520754,0.0209999999999999,0.0200515924124135,0.020125480441831,0.0194328652172857,0.0189921454379224,0.0188780722065479,0.0179999999999999,0.0180160153454041,0.0174235181044695,0.0164882175822507,0.0155969901981107,0.0149719415309488,0.015,0.0141353613366427,0.0139810795485945,0.0136075681873206,0.0128162118150392,0.0130411063077266,0.0129999999999999,0.0138111524230372,0.0141592485637806,0.013928567815095,0.0138444856238901,0.0128297962188729,0.0129999999999999,0.0130961996020376,0.0128607132363129,0.0131297299103126,0.0129299006116164,0.0129651570350393,0.0119999999999999,0.0118256901683833,0.0123282239894144,0.0112935593004765,0.0110390581090473,0.0109407689268827,0.0109999999999998,0.0111257303728307,0.0102811034886989,0.0096127161136701,0.0085317292562222,0.0079414359192242,0.0069999999999999,0.0052102116105946,0.0044945537759787,0.002633358062655,3.5358485248470585e-05,-0.002677902682352,-0.0070000000000001,-0.0104649120216727,-0.0134579739330674,-0.017295961195449,-0.0197636091096996,-0.0213276666056433,-0.023,-0.0246269405592807,-0.0264738146014748,-0.0274739186320738,-0.0285907772961576,-0.0302682429608265,-0.031,-0.032556685369048,-0.0344900515696569,-0.035832889672746,-0.0378115959995813,-0.0392427425503176,-0.041,-0.0428246483115999,-0.0435032321936765,-0.0450924581552297,-0.046315733817007,-0.047350351041882,-0.05,-0.0517802489859217,-0.0531773563907555,-0.0551650686635606,-0.0565185578355405,-0.0584358613269996,-0.0599999999999999,-0.0607439916921883,-0.0623783416837921,-0.0635948275773586,-0.0643147383618111,-0.0651508524557899,-0.066,-0.0675866984040029,-0.07026336632022,-0.0755149406925361,-0.0836475612416879,-0.0974963826050301,-0.121,-0.1533880885782443,-0.1958937774176752,-0.2492311580194676,-0.3123358794456535,-0.3822351665958208,-0.4539999999999999,-0.5266073712983197,-0.5967182150699385,-0.6594095220456212,-0.7058408583876251,-0.7290765557588353,-0.7369999999999998,-0.7319137728918451,-0.7123258925055431,-0.6850824050700491,-0.6548022811269527,-0.626816307200264,-0.6029999999999999,-0.5784627156558504,-0.5479186568058677,-0.5075471371425884,-0.4586174263548385,-0.4035019245011667,-0.3429999999999998,-0.2816723366945551,-0.2266558180178716,-0.1797209767444373,-0.1399946121776463,-0.1066701514311492,-0.076,-0.0460820629312819,-0.0144616115567968,0.0194907709402766,0.053760318162546,0.0874287599222918,0.1140000000000001,0.1299510134754578,0.1369316226601291,0.1391005694730789,0.1399619255090154,0.1358013092674466,0.1299999999999999,0.1223868640148027,0.1088977891775644,0.0989648588713828,0.0944673380112314,0.0915659794490804,0.0899999999999998,0.0882569009856272,0.0873875504250927,0.0860147292241294,0.0845864648901346,0.0837570323985491,0.0819999999999998,0.0810918800913068,0.0804064760730368,0.0794613388954617,0.0786618965453734,0.0778660637922225,0.0769999999999999,0.0752981771478613,0.0742921941404767,0.0731890068823427,0.0712341398517818,0.0697010411600954,0.0679999999999999,0.066366855829484,0.0640959536314606,0.061488071776778,0.058711638858191,0.0539233255174412,0.0490000000000001,0.0455404958867212,0.0434366193877741,0.0425268895697578,0.0416170735950128,0.04087243558105,0.0400000000000001,0.0390690351796603,0.0390324544187999,0.0386300946704323,0.0375985827592735,0.036862749262209,0.0360000000000001,0.035141568093135,0.0343819799864431,0.0334271813709697,0.0327667027899001,0.0316983006702366,0.0300000000000001,0.0291569179182234,0.0274586486204225,0.0233845176708641,0.0196784092659121,0.0162083390844014,0.012,0.0093709927451975,0.0071785105591326,0.0042952343448035,0.0022231858653608,-0.0007548871991521,-0.005,-0.0090994140499169,-0.0143519161504698,-0.0213933151479819,-0.0290371999713701,-0.0365583045495871,-0.0460000000000001,-0.0577750776752287,-0.0672965221238329,-0.0733041982939954,-0.077477977349184,-0.0806729535635577,-0.0849999999999999,-0.0893301836048939,-0.0925179254355511,-0.0965387990040678,-0.1004328988275565,-0.103612874473148,-0.106,-0.1068398358164633,-0.1081809518646716,-0.1101443661472949,-0.1114331245490904,-0.1120645454893124,-0.1119999999999999,-0.1113287257688567,-0.1086516330663737,-0.1044276296321309,-0.1003129124657568,-0.0946633781095693,-0.087,-0.0800538271282111,-0.0760063122798582,-0.0735853235692799,-0.0709001086969958,-0.0686182615286269,-0.0669999999999999,-0.0653179624651725,-0.0641312969490294,-0.0640214562365012,-0.0639190153594692,-0.0641287870903462,-0.0649999999999999,-0.0650529370710154,-0.0649562665089225,-0.0649899921931613,-0.0651817528021978,-0.0662231310049099,-0.0669999999999999,-0.0678189219103744,-0.0682721694898645,-0.0671600651077875,-0.0650895430026824,-0.0624577437614513,-0.0599999999999998,-0.0582411308162546,-0.0573362558091775,-0.0561736050228095,-0.0542231190443212,-0.0527228954254961,-0.051,-0.0492543178421142,-0.0482441965556104,-0.0478714880088729,-0.048093154087729,-0.0479415949057261,-0.0479999999999999,-0.0487846682433492,-0.0501767823407522,-0.0524520978177511,-0.0550271644403153,-0.0574733376845986,-0.06,-0.0633232109805868,-0.066193028597787,-0.0682627371802144,-0.0714661410395563,-0.0759938359748518,-0.0809999999999999,-0.0837834436099959,-0.0846232204553049,-0.0853438268879522,-0.084521930071424,-0.0840197374142653,-0.084,-0.0831111898984884,-0.0829632397214205,-0.0829659623522199,-0.0830951190296664,-0.0828564114703829,-0.082,-0.0819998263880266,-0.081503735856762,-0.0801020206341439,-0.0780864660022774,-0.0754840334796435,-0.0730000000000001,-0.0704383548204214,-0.0686529610548121,-0.0666454941909772,-0.0640714865398629,-0.062796465430304,-0.061,-0.0584325071964038,-0.0565713507624212,-0.055394413729935,-0.0546033187720877,-0.0525099479945833,-0.0509999999999999,-0.0503520625858457,-0.0479706904349179,-0.0457410703435881,-0.0422668704035357,-0.0369151122094899,-0.0309999999999999,-0.0233614327331879,-0.0186285181487413,-0.0172645915757654,-0.0149387730389822,-0.0125940985098195,-0.0109999999999999,-0.0101821374675961,-0.0087593684669327,-0.0072348911566554,-0.0068468529524025,-0.0057408454267561,-0.0049999999999999,-0.0042540659006627,-0.0031753205293118,-0.0027026645974653,-0.0014491854016841,-0.0010402611818805,-0.0009999999999999,-0.0001041724086082,3.266837236231544e-05,2.7678501095013053e-05,-7.496091879022276e-05,0.0001150056342235,0.0009999999999999,0.001824908331192,0.002710640892117,0.0033948209246068,0.0045984630898215,0.0063378356059195,0.0079999999999999,0.0097349479806793,0.0106807973804944,0.0118176549279641,0.0137817172386941,0.0152731164306528,0.017,0.018764182830338,0.0196761427138834,0.0205290401368137,0.0212817667512615,0.0222189001874324,0.023,0.0229656453355535,0.0235789008191578,0.0245381373216742,0.0253538529171686,0.0260754909703179,0.0259999999999999,0.0267244495570764,0.0278655347292729,0.0279866087068131,0.0280394510531574,0.0279693957254208,0.0279999999999999,0.0280707305578476,0.0274042457646605,0.0264079348614062,0.0259074069309864,0.0259887151711164,0.0249999999999999,0.0232505017298316,0.0223238420591791,0.0214302118353583,0.0209080650153986,0.0210170125867053,0.0209999999999999,0.0210556905825139,0.0203697191407675,0.0197920351926406,0.020135728923681,0.0199308071492162,0.0199999999999999,0.0200648575368693,0.0199016082381518,0.0198895020966027,0.0181312935295978,0.0169414994554254,0.0169999999999998,0.0168567170856071,0.0182718320498928,0.0199205525169733,0.0219889891928777,0.0243419663984588,0.025,0.0257787304205463,0.0267254577246192,0.0274624579346681,0.0283431403515847,0.0291741060084565,0.0299999999999999,0.0307889867084997,0.0318167125104415,0.0319647420573005,0.0322480642988005,0.0331662240360768,0.0339999999999999,0.0349339480774675,0.0349271137829701,0.0354687292606441,0.036243821548904,0.03733099174775,0.039,0.0397164813273274,0.0419570116979918,0.0442671241214348,0.0479285448504673,0.0542411888062091,0.0599999999999999,0.0668295008644285,0.0705429829445875,0.0721285065732378,0.0750449893389206,0.0762405272512851,0.079,0.0809192480666617,0.0819260775628406,0.0844909212777435,0.0850774438758088,0.0863568538005181,0.0869999999999999,0.0867969989724629,0.0879649252363047,0.0874611635303334,0.0869691473781484,0.0869142889345526,0.0859999999999999,0.0851364483087279,0.0844304234905206,0.0830445779037227,0.0815146132726769,0.0808236984628611,0.079,0.077284687275529,0.0752172955581289,0.0725917146496656,0.0714704844163136,0.0665997891155177,0.0589999999999999,0.0523606270519862,0.0458702248064791,0.0422506508457895,0.0400515098386399,0.0375564850142653,0.0359999999999999,0.0351229337245568,0.034429549303757,0.0333267457184974,0.0330177424669411,0.0328887708531319,0.0319999999999999,0.0319221750069234,0.0321404726036729,0.0315599779910901,0.0306337538589857,0.0298568850124644,0.0290000000000002,0.0274040929397276,0.0255049278548116,0.0245235662831991,0.0234469995990777,0.0216401236774726,0.02,0.018290243998958,0.0172439504938727,0.0165500453053997,0.0156601424115709,0.0148082593394531,0.0139999999999999,0.0140287489888257,0.0133761072245146,0.0128440506541503,0.0129147213363624,0.011733183572909,0.0109999999999999,0.0102301997102445,0.0092473931461654,0.0085656524810092,0.0076587542809512,0.0067554314595464,0.005,0.0040726401954342,0.0034153558191264,0.0027297705871666,0.0031862564203556,0.0029059632197317,0.003,0.0030789294881302,0.0028727668791077,0.0031366802768152,0.0028907559828067,0.0030571100209153,0.0029999999999999,0.002960738053598,0.0030389281407154,0.0030235667884651,0.0027698027514415,0.0018843269385688,0.0019999999999999,0.0012322613363979,0.0007950853462229,0.0008527632983022,-0.0004377139505767,0.000232852053099,5.0527483431829337e-17,-0.0010272224520909,-0.0007867464166815,-0.0015849545804781,-0.0022127780870265,-0.0032440485340864,-0.004,-0.0054443820763885,-0.0082457621257091,-0.0098478944620039,-0.0120060919155748,-0.0144581600049848,-0.0169999999999998,-0.019574489458366,-0.0218403558653208,-0.0247609778898565,-0.0264631310351302,-0.0271242428279481,-0.0279999999999999,-0.029667706878992,-0.0307824419647609,-0.0317309940124465,-0.0337095088089149,-0.0339654034876557,-0.035,-0.0368267929098442,-0.037544914518029,-0.0386942977492417,-0.0391300143744696,-0.0403111992537095,-0.041,-0.0408584060033595,-0.0418056806871422,-0.0419860473146259,-0.0420710913900728,-0.0419411183297121,-0.0419999999999999,-0.0420826455244459,-0.0418360168830007,-0.0422215275381487,-0.041758924578915,-0.0422226802805905,-0.0429999999999999,-0.0429427807419118,-0.0431954618750921,-0.042403248828648,-0.0419782511241275,-0.0419201186990989,-0.0409999999999999,-0.0400877463499369,-0.0399933826822387,-0.0396497716829548,-0.0387347177885929,-0.0391209232134217,-0.0389999999999999,-0.0388955684569219,-0.0391769775344639,-0.0387977048951129,-0.039174111923078,-0.0389004082750143,-0.0389999999999999,-0.0390906223856437,-0.0388815746892287,-0.0388439995116304,-0.0373880484580606,-0.0370272575173806,-0.0369999999999999,-0.0384705747194258,-0.040224877243795,-0.0395308982053099,-0.0406355391677754,-0.0408781292322529,-0.041,-0.0419820199667608,-0.0422925692860085,-0.0443319289441611,-0.0451159680625013,-0.0464189515540865,-0.0479999999999999,-0.048686426993849,-0.050454541249551,-0.0519769205877787,-0.0559813624779753,-0.0625863633570742,-0.074,-0.0868668118051478,-0.0979736715663756,-0.1152714762780337,-0.1371676481723395,-0.1653562781009344,-0.201,-0.2433619851883851,-0.2946595636066617,-0.3534969435205985,-0.4247290763715991,-0.4984018377036714,-0.57,-0.6274393018113509,-0.6432802282256533,-0.6367504981761384,-0.6022226175553173,-0.5204172917890669,-0.4279999999999999,-0.337469412922691,-0.2630377671017019,-0.2337208991831618,-0.2286976576653189,-0.2253569637836581,-0.222,-0.2177376548112689,-0.2139136351000602,-0.2025006562985299,-0.1755739319925046,-0.1411644879967336,-0.1100000000000001,-0.083717894395189,-0.0625310390972867,-0.0482261261663185,-0.0381056880095538,-0.0278921840007875,-0.017,-0.0046590511581606,0.008666927245471,0.0225443544193235,0.0382568804866114,0.0496430066263084,0.055,0.0592982952517258,0.0620910089011437,0.0643477060853435,0.0647155903482652,0.0625215383362447,0.0599999999999999,0.0565565317577232,0.0550279494468417,0.0547231329384838,0.053531389975929,0.0528875948359173,0.0519999999999999,0.0511822368406175,0.0497840295345631,0.0481529054379543,0.0481092162413047,0.0478531010178883,0.0469999999999999,0.0469451547460143,0.0470785408891688,0.046900001229267,0.0471221855864614,0.0468529346481765,0.046,0.0459606629737193,0.0460235286383148,0.0460282580125643,0.0458091635196227,0.044775516429178
0.0439999999999999,0.0432305015923356,0.0421628974918953,0.0420538460743503,0.0417194223802943,0.040915129139777,0.041,0.0402101432532559,0.0398150183993152,0.0398762940680813,0.0383744339102244,0.0380106852425141,0.037,0.0351953701608918,0.034036449466703,0.0309047841353532,0.0280035064594394,0.0254384150260679,0.0229999999999998,0.0206960720288531,0.0166639510845922,0.0124200990106908,0.0061195959726274,-0.0014256814917719,-0.0079999999999999,-0.0139663806484167,-0.0192588047381102,-0.0269965168285745,-0.0347730160320938,-0.0399142269751657,-0.044,-0.0472889923653829,-0.0512719435898147,-0.0555044463188435,-0.0596945481483138,-0.0638328048386545,-0.0689999999999999,-0.0757208596362259,-0.0817063596585905,-0.0873201115295568,-0.0913693063344219,-0.0947406304235676,-0.0979999999999999,-0.0996128525080333,-0.1020796868818427,-0.1037036415798396,-0.1043162950884096,-0.105027131160036,-0.1039999999999999,-0.1023758576660743,-0.1001119082167145,-0.0971758308168364,-0.0933497836750722,-0.0891454424828121,-0.0829999999999999,-0.0723102231124557,-0.0612884359826135,-0.0501083700623184,-0.0385357152366654,-0.0277201664942841,-0.0149999999999999,-0.00450016788424,0.0022282593485848,0.0095569496029101,0.0165982483354569,0.0220506179614055,0.028,0.0353810894049552,0.0441080167682817,0.0536397636968459,0.0598972967908769,0.0623753031110871,0.0639999999999999,0.0648598705779772,0.0656753633728994,0.0664107219614472,0.0676177368916353,0.0692640297687152,0.07,0.0708154034388373,0.0716547295669845,0.072589207113354,0.0730468228620748,0.0730782992805275,0.0739999999999998,0.0740980316046018,0.0738586007067408,0.0741770806283884,0.0736994161541255,0.0728344899122006,0.0719999999999998,0.0711551319100883,0.0703663186195565,0.0694193093723054,0.0689129144997563,0.068973289911428,0.0679999999999999,0.06701792537009,0.0671181864530087,0.0665246691005519,0.0657025316007166,0.0647900701583239,0.0639999999999999,0.0632910296886149,0.0615595255188624,0.0605184982538922,0.0594104723839861,0.0577219208744679,0.0569999999999999,0.0562458321921796,0.0547174445215866,0.0531847725589125,0.0531288899899179,0.0527752203556756,0.0509999999999999,0.0493479540613878,0.0475605958568803,0.0464653821740118,0.0456102100437567,0.0449536079658057,0.0449999999999999,0.0448952544196731,0.0461771196369127,0.0480938663182992,0.0496294253692964,0.0513297110987768,0.053,0.0554465642874562,0.05806880281108,0.0604101066639103,0.063214375915536,0.0667300731342709,0.0699999999999997,0.0725211629107958,0.0746158359646602,0.0748463442879649,0.0731866054023775,0.0703164824120876,0.0659999999999998,0.0596385472858893,0.0499780930917513,0.0360464974378614,0.0164594508338166,-0.0082887588777676,-0.037,-0.0697440365820844,-0.1095631671121292,-0.1574312497546784,-0.209102217975285,-0.2655644948344495,-0.3180000000000001,-0.3500590821629825,-0.363778865128011,-0.3606381288538683,-0.3323594072918379,-0.2786132034824451,-0.2109999999999998,-0.1497208062931695,-0.1123073357812725,-0.1007278810509095,-0.1079458570911653,-0.1318275199332537,-0.16,-0.1718571979789275,-0.1684759298822837,-0.1569017137343685,-0.1330848381563824,-0.1063931982712374,-0.0909999999999999,-0.0808352296472772,-0.0740873123752978,-0.0709919189066355,-0.064040026554977,-0.0606848668758156,-0.053,-0.0308400767931446,-0.0072655905274321,0.020435394818943,0.0451714610645746,0.0553682995750219,0.062,0.0664408278896146,0.0695905198235418,0.0721989714287078,0.0715898540816807,0.0707781874511201,0.0679999999999999,0.0638791000150194,0.0589936059088775,0.054909692378253,0.0535484722872588,0.0515493813094276,0.05,0.0484320612722589,0.0465080252818552,0.0451714240551616,0.0431931277662746,0.0417439700844732,0.0399999999999999,0.0382585094417816,0.0368033572973061,0.0348086492298552,0.0336561240707974,0.032815041249172,0.032,0.031224859380258,0.0297696185147497,0.0278510112547123,0.0266522532702821,0.0257452921919022,0.024,0.0223999918783127,0.0195653001462324,0.0158027083569009,0.0128161823003892,0.009244613416218,0.006,0.0035072217308896,0.0009668704219797,-0.0014339091063624,-0.0041873417699357,-0.0077917758478422,-0.0119999999999998,-0.0161669415503996,-0.02035066019659,-0.0244578772093399,-0.0287235308727949,-0.0328087950085569,-0.0379999999999999,-0.0455219458384121,-0.0523082854516874,-0.0597402368577627,-0.0682969693938376,-0.0753806663959399,-0.083,-0.0905816608323888,-0.0978578416596921,-0.1058733483144252,-0.114736877713504,-0.1251109778600062,-0.1349999999999999,-0.144223160741072,-0.152327687673024,-0.1588595757745166,-0.1658476414041774,-0.1721131570198479,-0.177,-0.1812458333641553,-0.1847410108329944,-0.1877189286651316,-0.1894356227466715,-0.1886335724324437,-0.186,-0.1827838373714522,-0.1782027007893062,-0.172364845149896,-0.1645396150325661,-0.1551978064446177,-0.147,-0.1365973416678312,-0.1230837025921131,-0.1114165857245401,-0.1028523524769813,-0.0955045356217481,-0.0869999999999999,-0.0763762979592851,-0.0639619613757807,-0.0523629232627281,-0.0439286233703956,-0.0364788340782997,-0.0289999999999999,-0.0223255710284452,-0.0152149937591729,-0.0071515976032207,-0.0008999160890934,0.0026132822829164,0.006,0.0094212457188733,0.0120393472895066,0.0144734699406409,0.017025247083852,0.0194756472554394,0.0219999999999999,0.0252514464822437,0.0292745297775788,0.0333545034022409,0.0356939357265056,0.037448934348771,0.0399999999999998,0.0409648250696586,0.0414665206597405,0.0429796693289344,0.0446992336824719,0.046252640136912,0.047,0.047129748955235,0.0457925379071835,0.043970733650194,0.0421450867672176,0.0395123808716953,0.0379999999999999,0.0364210564857732,0.0345323340248222,0.0331427922449039,0.0312164038690906,0.0297318233303436,0.0279999999999999,0.0262693117655349,0.0247797468349839,0.0228635685643428,0.0214610502311181,0.0195825381039121,0.0179999999999999,0.016504816920913,0.0134144536835119,0.0097362383057521,0.004926172457814,0.0001665800463822,-0.0039999999999999,-0.0111460892434522,-0.0209471538390379,-0.031399763463388,-0.045196875227357,-0.0657036083352604,-0.0939999999999999,-0.1307027242564375,-0.1747829760985491,-0.2242508515095143,-0.2778017358812849,-0.3329640273755669,-0.3849999999999999,-0.4280046573143469,-0.4560382024756741,-0.4655844026791245,-0.4604126208534028,-0.4388627801647743,-0.3939999999999999,-0.3380482043000586,-0.2842122476114463,-0.2373290926034137,-0.2097699731199738,-0.2013745908849172,-0.2049999999999999,-0.217448335401034,-0.2272881787233932,-0.2298124613731076,-0.2275343221166854,-0.2199191599820146,-0.202,-0.16802293313552,-0.1284789923667755,-0.0933948147797183,-0.0595001478180617,-0.0280615204074831,-0.001,0.0198073225084269,0.0338363540400512,0.0470538314145728,0.0601391033557318,0.0757594810212924,0.0999999999999999,0.1236875835790884,0.1346114231735231,0.137050170603029,0.1385739399456593,0.1389727098138959,0.1389999999999999,0.1391448523411786,0.1377938946713378,0.1356749188505956,0.1326657509256494,0.1294244155413821,0.1269999999999999,0.1245060399432855,0.1220338267884434,0.1192064326366187,0.1152399873834897,0.1098592142510525,0.1049999999999998,0.1024280350462887,0.1000172680294561,0.0978102082706301,0.0964567692079803,0.0945947056928413,0.0929999999999999,0.0921860285411204,0.0908215857747965,0.088797205658415,0.0876974879357597,0.0867163223414067,0.0849999999999999,0.0841059797190651,0.0833985827882771,0.0824526736370667,0.0816850645161573,0.0808437779250487,0.0799999999999999,0.0777114185285513,0.0737080412522867,0.0694964864784701,0.0653072060781773,0.061238510620283,0.0579999999999999,0.0547707914234971,0.050657277766372,0.0465822134457198,0.0420933615206519,0.0369426783539824,0.0309999999999999,0.0235244680645071,0.0164298263352949,0.0107378760732124,0.0065054240806082,0.0033861500994662,9.473903143468002e-18,-0.00406227487365,-0.0090244430400856,-0.0138417757430752,-0.019517293891985,-0.0262533744240894,-0.031,-0.0350780590278351,-0.0399138868534631,-0.0454043047242024,-0.0512603252544062,-0.0557833916447123,-0.059,-0.0607583955924736,-0.0622048124116837,-0.0641534773224571,-0.0654137690547179,-0.0660739631580037,-0.066,-0.0660278545129378,-0.0650276462231927,-0.0623269030102754,-0.0602030209932783,-0.0572838964601793,-0.0529999999999999,-0.0452977028845574,-0.032268628527622,-0.0201785331864402,-0.0095876650301819,0.0022756386004531,0.0110000000000001,0.0182328615123346,0.0276102642390465,0.0349342341666811,0.0399994664769254,0.0448756170178626,0.0479999999999999,0.0504950435530007,0.0525474495052504,0.0537118273560053,0.0562136739738977,0.0597313177532899,0.064,0.0690883070061379,0.0728871534935124,0.0755541405150665,0.0778022315222706,0.07928085639767,0.0809999999999999,0.0820412852432328,0.0813352088215828,0.0806215799271699,0.0792403111150456,0.0763627773925503,0.0729999999999999,0.069604134421161,0.0665853789818328,0.0617721742167486,0.0556736725396784,0.0511988254794451,0.0469999999999999,0.0428012472251758,0.0386942273597015,0.0345481170079234,0.0299665732903143,0.0237375058107492,0.019,0.0164517734281384,0.0144728282157569,0.0135209306379312,0.0126092244989512,0.0118804029896685,0.0109999999999998,0.0100651367600428,0.0100040621807132,0.0099519571246708,0.0100660690290607,0.0099471768225578,0.0099999999999999,0.010125410752427,0.0092302988200313,0.0090067845908883,0.0087606000725733,0.0078743638164572,0.0079999999999999,0.0081072239884697,0.0073126795995436,0.0068233135124077,0.0071534833164274,0.0068431608710035,0.006,0.0059585354794944,0.0060455526672579,0.0059519418092177,0.0060629867223144,0.0058968464646959,0.0049999999999998,0.0049015210355551,0.0047845010901978,0.0023146358874918,0.0005845027057618,-0.0002700120798652,-0.002,-0.0021249714401524,-0.0018425788856466,-0.0021739083774355,-0.0017210466910173,-0.0008042009758851,1.5158245029548803e-16,3.588748207414482e-05,-2.015784663460509e-05,-4.084365678574562e-05,0.0002279054225293,0.0011403230871189,0.0010000000000001,0.0009018254595792,0.0012096883615454,0.0004419385431878,-0.0002009248672951,-0.0013720397222004,-0.0039999999999999,-0.0065447881787923,-0.0089232209458404,-0.0116269577472236,-0.0137117302078163,-0.0153880362412477,-0.0179999999999998,-0.020601078123319,-0.022350643228521,-0.0240013602437368,-0.0256702754683058,-0.0272891639663575,-0.0279999999999999,-0.0279445277466372,-0.0285987234443431,-0.0295378505239567,-0.0303169698427933,-0.0311701953814968,-0.0319999999999999,-0.0328392751836736,-0.0336458634221537,-0.034543632148736,-0.0352591646508953,-0.0362831372067368,-0.0379999999999999,-0.0389246829375769,-0.039488256398791,-0.0410201728044385,-0.042476814918555,-0.0430953678906852,-0.044,-0.0457003626573831,-0.0467455811928014,-0.0476984849562692,-0.0500648081457454,-0.0523919733913479,-0.054,-0.0549675798070737,-0.0545169365874189,-0.0530482012014812,-0.0513002551942874,-0.0496899302878836,-0.048,-0.0462589685194041,-0.0453157054234064,-0.044208267435212,-0.0421585812780983,-0.0408346084715303,-0.0400000000000001,-0.0383568200497855,-0.0366750515601543,-0.0349186375754108,-0.0336071926085299,-0.0327661996783331,-0.0310000000000001,-0.0300499215274958,-0.0295107490739768,-0.0282917834022683,-0.0278806846061816,-0.0266316234397677,-0.025,-0.0242184387341264,-0.0227246693090203,-0.0209847424120407,-0.0193230592018517,-0.0176826183267538,-0.016,-0.014278313359024,-0.0132079686101412,-0.0129157976349645,-0.0130339981959308,-0.0130385399615614,-0.014,-0.014947572837627,-0.0154035547127295,-0.0171698459309486,-0.0182770938779416,-0.0193157804970483,-0.021,-0.0218257051971594,-0.0227913926680061,-0.0229642311357784,-0.0232847660620317,-0.0240753496601446,-0.0239999999999999,-0.0247795486571867,-0.0256613016583865,-0.0268684320125728,-0.0285816804456586,-0.0290458721835826,-0.0299999999999999,-0.0317308950193384,-0.0327269741144744,-0.0334614503822975,-0.0343586379345526,-0.0351531360950997,-0.0359999999999999,-0.0368470819192083,-0.037646618618146,-0.0384997292154034,-0.0394688701051844,-0.0414738219736221,-0.0439999999999999,-0.0479488369435538,-0.0531571741893566,-0.0586145348227326,-0.074282997079329,-0.1065124055935066,-0.149,-0.1989296105779181,-0.2583982681553901,-0.3273722662791718,-0.4028138489027116,-0.483519839307744,-0.567,-0.6470623457045442,-0.7153230674160368,-0.7624952261412435,-0.7876018934843331,-0.79405556486363,-0.789,-0.7768181751873795,-0.7528103973518462,-0.723289027707947,-0.6941913393077187,-0.6624268823622311,-0.628,-0.5892365529798133,-0.5470068117925583,-0.4994552027610929,-0.4416059788430678,-0.3752627657917771,-0.305,-0.2355008749107052,-0.1705312485221446,-0.1149766833463953,-0.0675118251230144,-0.021911313840626,0.0229999999999999,0.0646005507012751,0.0978648360223705,0.1239716346821044,0.1416875987708531,0.1489705689750494,0.1529999999999999,0.1548506724180012,0.1561282845385292,0.1578886237254665,0.1580696570256523,0.1592540791753159,0.1589999999999999,0.1580525691859277,0.1571575168774837,0.1538050973742019,0.1511019693414831,0.1482599570562717,0.1429999999999999,0.1355669441425629,0.1283756067044765,0.1225407017715215,0.1168831516332595,0.1134735443914783,0.1099999999999999,0.1049313321518159,0.1006661808068386,0.0964002050999243,0.0926206716013834,0.0892744349375167,0.085,0.080726546538038,0.0773723240589686,0.0736318346064677,0.069174240823003,0.063764596364726,0.0569999999999999,0.0518229635318569,0.0476547531669766,0.044083265483994,0.0424350074102465,0.0406444495802098,0.04,0.0401265990229273,0.0392400881402148,0.0389564539330993,0.0388783025096302,0.0376617166979475,0.036,0.0351897428665676,0.033723087278173,0.0323227909077461,0.0316052241437531,0.0295488881236359,0.0279999999999999,0.0264301347803256,0.0244780542527234,0.0234860491762193,0.0226941778444214,0.0217404685075141,0.0199999999999999,0.0191133931295252,0.0178994445551423,0.015798455219431,0.0144523337157209,0.0126780417830972,0.012,0.0105202461034002,0.0083366749008862,0.0076532656453436,0.0065348366124561,0.0058480531970256,0.004,0.0029147622030701,0.0028355320309468,0.0005044828601434,0.0002052761624253,-0.000364396673864,-0.0029999999999999,-0.00679431123232,-0.0139796769504556,-0.0210629872585132,-0.0276717553461432,-0.0326674575191308,-0.0339999999999999,-0.0348145401044031,-0.035645610231585,-0.0366096314566238,-0.0370229408556286,-0.0370948417429043,-0.0379999999999999,-0.0380755915061298,-0.0379083611907362,-0.0380850278312311,-0.0379322684570769,-0.0380441379021417,-0.038,-0.037234213337678,-0.0357638127825818,-0.0338814019008241,-0.0324816192677123,-0.0304886720685536,-0.0279999999999999,-0.0271262432670721,-0.0258609024925177,-0.0238395557379923,-0.0224432586482044,-0.0206146171713498,-0.0189999999999999,-0.0173647488147031,-0.0156392917805266,-0.0139688407104332,-0.012561040272052,-0.0117931473889635,-0.0100000000000001,-0.0090233113191677,-0.0085591280377846,-0.0072184652164395,-0.0070645144932676,-0.0069375048513889,-0.0069999999999999,-0.0071100945380484,-0.0063332629776278,-0.0054948989174691,-0.0048185612189029,-0.0050846064755778,-0.005,-0.0049185407722843,-0.005153206192783,-0.0047819755643985,-0.0053549222607148,-0.0061201888735209,-0.0069999999999999,-0.0086347801143786,-0.0104237211099276,-0.0115572519365097,-0.0124984670630566,-0.0143387010792158,-0.015,-0.0157168864049462,-0.0168626808297862,-0.0172662240918388,-0.018562167283214,-0.0189712209393689,-0.0189999999999999,-0.019077869245397,-0.0188480533261102,-0.0191956509013969,-0.0188069303745862,-0.0191354085242893,-0.019,-0.0180369443942758,-0.0181174950528316,-0.0175113788738611,-0.0167158393819306,-0.0157868538174302,-0.0149999999999999,-0.0142382816048462,-0.013186181612165,-0.0127061284038701,-0.0114333389902067,-0.0110571725700013,-0.0109999999999998,-0.0100626397107689,-0.0100981048179205,-0.0094818779477088,-0.0089216068634144,-0.008953663655083,-0.0079999999999999,-0.0063385063473763,-0.0050671775483775,-0.0053388186311508,-0.0066643104459403,-0.0097996850770774,-0.0140000000000001,-0.0173265548468677,-0.0211856173492259,-0.0256640301559625,-0.0293768607411018,-0.0326494864544377,-0.0349999999999998,-0.0336691534640934,-0.0302020471637761,-0.0271958117572355,-0.0234338150084863,-0.0206028235307554,-0.0189999999999999,-0.0165630310708277,-0.0138799421989915,-0.0119339096679081,-0.0103328426659139,-0.0087438198749598,-0.0079999999999999,-0.0064562767442813,-0.004470150894353,-0.0032419925692401,-0.0010681593769741,4.700910736404593e-05,-6.315935428978667e-17,0.0007846373779277,0.0017679774540301,0.0020621538029811,0.0021426474623313,0.0032030727354118,0.0029999999999999,0.0020732272941191,0.0015503644042762,-3.090116150900712e-05,-0.0018308732635505,-0.0060811699863837,-0.011,-0.0166426169371667,-0.0363063008945196,-0.075744927648029,-0.1280363821065587,-0.1887465410493961,-0.2559999999999999,-0.32729877710942,-0.402296588001059,-0.4787369926946784,-0.5512751567971887,-0.6161955214571757,-0.6689999999999999,-0.7042805627228745,-0.7210775951198367,-0.7260208138520545,-0.7249039394549583,-0.7182008317316081,-0.7049999999999997,-0.683231598732041,-0.6553203818764839,-0.6229464587032641,-0.5855817767202653,-0.5443450403183024,-0.4969999999999999,-0.4441541489287958,-0.3858944943959925,-0.322944223013494,-0.2600318856502281,-0.2007327198245407,-0.151,-0.1096947758235534,-0.0731803179169227,-0.0412313514861736,-0.0111020115530648,0.0177593678169208,0.048,0.0797711961696207,0.1096344430783159,0.1322657008546209,0.1431858414595115,0.1475050600775876,0.1459999999999999,0.1387879590060619,0.1283783911734239,0.114425480042681,0.1032451749435739,0.0969794186031019,0.0929999999999999,0.0897386469275772,0.0861185293605226,0.0836242606458526,0.0806509021148266,0.0774529936894805,0.0749999999999999,0.0717325741828823,0.0681913042707233,0.0656828292884879,0.0648281326655984,0.0651726927159772,0.0669999999999999,0.0695151630402099,0.0719806481003272,0.0744743891588762,0.0772096891805487,0.0806510303225111,0.083,0.084783472466965,0.0842970963371803,0.0807557687588777,0.07805289238781,0.075484790412264,0.0739999999999998,0.0733011012538551,0.0715608792694184,0.070444853521146,0.0697032573179906,0.0687468364428572,0.0669999999999996,0.0660827300030494,0.0649868213513988,0.0626188001631605,0.0618414817281373,0.0606403471641344,0.0589999999999998,0.0581549030168133,0.0573807062418222,0.0561139172134254,0.0544418329226546,0.053880732570849,0.0519999999999998,0.0494486696893787,0.0466503175893698,0.0423746130141463,0.0384372107029571,0.034168079951014,0.031,0.0271288244936581,0.0208267040639457,0.0132397066654325,0.0047749276344619,-0.000979900619071,-0.0069999999999999,-0.0145573876967353,-0.0218759128351018,-0.0294356921862303,-0.0350110500727619,-0.0399872872721853,-0.0439999999999998,-0.0473073448415007,-0.0502548735720807,-0.0522105178897407,-0.0552748660635857,-0.0572781421225404,-0.0589999999999998,-0.0607873232566965,-0.0617070317390896,-0.0619188819771261,-0.0602184415368148,-0.0586937736457295,-0.0559999999999998,-0.0526192962776999,-0.0489707698014027,-0.0439221831318751,-0.0389105123567508,-0.0327654882114116,-0.0279999999999998,-0.023930984430915,-0.0195110732687998,-0.0156226926977324,-0.0114217022798116,-0.0083888684458346,-0.0039999999999999,0.0023199823234097,0.0129155224441549,0.0244819006305034,0.031521628408505,0.036684998481521,0.0360000000000001,0.0355855399789402,0.0366923216550154,0.0351594992389819,0.0369411065358612,0.0366550727225761,0.036,0.0362134726780849,0.0355742002068269,0.0365416370358424,0.0354747163227661,0.0363876025607267,0.037,0.0367905051615935,0.0374059610018717,0.0365007813246342,0.0374523968515546,0.0367287334739962,0.037,0.0372914838106861,0.0364716457362708,0.0376596865403956,0.0362613056796242,0.036093924009446,0.0349999999999999,0.0339077224677552,0.0337199422826629,0.0324354742754553,0.0331088471625952,0.0303453492580552,0.0299999999999998,0.0288239010746357,0.0258657752611937,0.0258511606601324,0.0228243606869448,0.0231198958666151,0.0189999999999999,0.0149922880927022,0.0134861076915495,0.0078872382614032,0.0085801087744468,0.0048808709596381,0.0039999999999999,0.0040141673415947,0.0002502267232891,0.0020289511190418,-0.0016052245364124,0.0008616701323301,-0.002,-0.0042687796787842,-0.0004559611953568,-0.0065842196535144,-0.0012575755129946,-0.0072300198061732,-0.006,-0.0038247929960398,-0.0143936341801894,0.0023816931010518,-0.0247106542324636,0.0108181197378147
