ECG
0.237
0.269
0.306
0.338
0.358
0.372
0.378
0.372
0.36
0.351
0.342
0.334
0.327
0.32
0.312
0.302
0.297
0.302
0.316
0.337
0.371
0.408
0.44
0.49
0.534
0.578
0.627
0.681
0.702
0.713
0.721
0.71
0.676
0.631
0.581
0.529
0.478
0.43
0.38
0.349
0.298
0.249
0.219
0.186
0.153
0.118
0.079
0.032
0.004
-0.004
-0.008
-0.012
-0.014
-0.014
-0.01
-0.004
0.004
0.016
0.033
0.046
0.052
0.057
0.061
0.064
0.066
0.067
0.068
0.07
0.07
0.071
0.07
0.069
0.068
0.067
0.065
0.063
0.061
0.058
0.055
0.052
0.048
0.042
0.034
0.025
0.017
0.009
0.0
-0.013
-0.033
-0.056
-0.066
-0.072
-0.077
-0.082
-0.086
-0.09
-0.091
-0.092
-0.092
-0.09
-0.088
-0.084
-0.08
-0.075
-0.07
-0.064
-0.059
-0.053
-0.046
-0.04
-0.035
-0.032
-0.03
-0.029
-0.028
-0.027
-0.026
-0.025
-0.025
-0.024
-0.024
-0.024
-0.026
-0.03
-0.035
-0.041
-0.045
-0.049
-0.054
-0.058
-0.06
-0.06
-0.056
-0.05
-0.043
-0.036
-0.031
-0.023
-0.016
-0.009
-0.006
-0.008
-0.014
-0.022
-0.031
-0.039
-0.049
-0.058
-0.066
-0.071
-0.074
-0.078
-0.081
-0.084
-0.086
-0.088
-0.088
-0.088
-0.088
-0.085
-0.08
-0.075
-0.069
-0.063
-0.058
-0.052
-0.046
-0.04
-0.034
-0.029
-0.024
-0.021
-0.018
-0.013
-0.007
0.006
0.036
0.069
0.106
0.146
0.182
0.214
0.245
0.275
0.309
0.336
0.353
0.36
0.355
0.339
0.294
0.243
0.191
0.136
0.078
0.02
-0.037
-0.091
-0.125
-0.159
-0.189
-0.212
-0.229
-0.25
-0.28
-0.309
-0.324
-0.334
-0.338
-0.331
-0.318
-0.307
-0.295
-0.28
-0.263
-0.253
-0.247
-0.24
-0.235
-0.23
-0.226
-0.223
-0.221
-0.22
-0.218
-0.216
-0.215
-0.214
-0.213
-0.213
-0.213
-0.211
-0.21
-0.208
-0.207
-0.207
-0.206
-0.206
-0.206
-0.207
-0.207
-0.208
-0.209
-0.209
-0.209
-0.209
-0.208
-0.208
-0.208
-0.208
-0.207
-0.206
-0.205
-0.204
-0.203
-0.2
-0.197
-0.192
-0.179
-0.166
-0.151
-0.137
-0.125
-0.115
-0.106
-0.1
-0.096
-0.093
-0.09
-0.087
-0.084
-0.082
-0.079
-0.077
-0.075
-0.075
-0.076
-0.077
-0.079
-0.081
-0.083
-0.085
-0.088
-0.09
-0.092
-0.095
-0.098
-0.105
-0.112
-0.111
-0.103
-0.092
-0.08
-0.067
-0.054
-0.041
-0.036
-0.032
-0.028
-0.026
-0.024
-0.023
-0.022
-0.022
-0.021
-0.02
-0.019
-0.019
-0.02
-0.021
-0.021
-0.02
-0.02
-0.019
-0.019
-0.019
-0.018
-0.018
-0.018
-0.019
-0.02
-0.021
-0.021
-0.02
-0.018
-0.017
-0.015
-0.013
-0.011
-0.009
-0.007
-0.004
-0.001
0.002
0.018
0.056
0.091
0.123
0.171
0.218
0.267
0.301
0.34
0.377
0.413
0.437
0.449
0.457
0.44
0.413
0.383
0.331
0.28
0.229
0.179
0.127
0.091
0.05
0.014
-0.017
-0.044
-0.067
-0.092
-0.121
-0.148
-0.166
-0.178
-0.182
-0.175
-0.16
-0.143
-0.123
-0.106
-0.09
-0.074
-0.052
-0.044
-0.04
-0.037
-0.035
-0.033
-0.032
-0.031
-0.029
-0.028
-0.027
-0.026
-0.025
-0.025
-0.025
-0.026
-0.026
-0.026
-0.026
-0.025
-0.024
-0.024
-0.023
-0.022
-0.021
-0.021
-0.02
-0.02
-0.02
-0.02
-0.02
-0.019
-0.018
-0.017
-0.016
-0.015
-0.014
-0.012
-0.01
-0.008
-0.006
-0.005
-0.003
-0.001
0.001
0.005
0.01
0.014
0.017
0.02
0.021
0.021
0.02
0.017
0.014
0.009
0.004
0.0
-0.005
-0.01
-0.016
-0.023
-0.029
-0.035
-0.041
-0.047
-0.052
-0.058
-0.063
-0.069
-0.075
-0.08
-0.084
-0.085
-0.084
-0.081
-0.076
-0.07
-0.063
-0.055
-0.043
-0.031
-0.019
-0.015
-0.012
-0.011
-0.009
-0.008
-0.006
-0.005
-0.004
-0.003
-0.003
-0.002
-0.001
0.0
0.0
0.0
0.0
0.0
0.0
0.0
0.0
0.0
0.0
0.0
0.0
0.0
0.0
0.0
0.0
0.0
0.0
-0.001
-0.002
-0.006
0.005
0.025
0.046
0.079
0.125
0.18
0.233
0.286
0.315
0.363
0.406
0.457
0.485
0.503
0.517
0.523
0.517
0.502
0.458
0.403
0.379
0.369
0.363
0.357
0.347
0.332
0.282
0.2
0.116
0.068
0.05
0.051
0.067
0.08
0.088
0.095
0.104
0.114
0.126
0.14
0.158
0.17
0.177
0.181
0.183
0.185
0.187
0.189
0.19
0.191
0.192
0.191
0.19
0.189
0.187
0.184
0.181
0.176
0.171
0.166
0.162
0.156
0.15
0.143
0.138
0.133
0.129
0.125
0.122
0.119
0.116
0.113
0.11
0.108
0.106
0.104
0.102
0.102
0.103
0.105
0.108
0.111
0.113
0.116
0.119
0.122
0.125
0.128
0.13
0.132
0.135
0.139
0.143
0.148
0.152
0.154
0.157
0.158
0.158
0.156
0.154
0.151
0.147
0.144
0.14
0.137
0.134
0.13
0.123
0.109
0.105
0.104
0.104
0.104
0.103
0.102
0.103
0.109
0.118
0.127
0.131
0.134
0.137
0.141
0.144
0.147
0.15
0.152
0.154
0.157
0.158
0.158
0.157
0.155
0.153
0.151
0.149
0.147
0.146
0.143
0.141
0.139
0.137
0.135
0.133
0.13
0.121
0.111
0.101
0.091
0.078
0.063
0.042
0.028
0.016
0.008
0.005
0.007
0.013
0.023
0.039
0.065
0.111
0.154
0.199
0.245
0.293
0.343
0.39
0.436
0.46
0.479
0.49
0.48
0.45
0.386
0.295
0.194
0.11
0.088
0.084
0.078
0.068
0.048
-0.013
-0.125
-0.236
-0.31
-0.337
-0.337
-0.32
-0.307
-0.298
-0.291
-0.284
-0.276
-0.266
-0.257
-0.246
-0.232
-0.22
-0.216
-0.215
-0.215
-0.215
-0.215
-0.215
-0.213
-0.212
-0.212
-0.216
-0.221
-0.226
-0.232
-0.237
-0.242
-0.247
-0.252
-0.257
-0.261
-0.265
-0.271
-0.276
-0.281
-0.286
-0.291
-0.295
-0.299
-0.304
-0.308
-0.311
-0.314
-0.315
-0.316
-0.315
-0.314
-0.312
-0.309
-0.305
-0.3
-0.295
-0.289
-0.282
-0.266
-0.251
-0.239
-0.223
-0.206
-0.19
-0.178
-0.17
-0.162
-0.153
-0.143
-0.134
-0.127
-0.119
-0.112
-0.107
-0.104
-0.104
-0.105
-0.108
-0.111
-0.114
-0.117
-0.121
-0.126
-0.128
-0.126
-0.12
-0.112
-0.098
-0.074
-0.055
-0.044
-0.035
-0.028
-0.019
-0.008
0.005
0.012
0.017
0.02
0.023
0.026
0.029
0.032
0.035
0.039
0.042
0.046
0.051
0.057
0.063
0.069
0.073
0.077
0.08
0.084
0.088
0.093
0.099
0.106
0.115
0.125
0.13
0.133
0.134
0.136
0.137
0.138
0.141
0.145
0.15
0.158
0.173
0.197
0.23
0.271
0.318
0.367
0.417
0.467
0.518
0.569
0.615
0.656
0.672
0.683
0.681
0.651
0.598
0.526
0.45
0.386
0.348
0.336
0.326
0.316
0.283
0.207
0.102
-0.009
-0.097
-0.134
-0.135
-0.107
-0.065
-0.038
-0.018
-0.005
0.004
0.012
0.018
0.024
0.028
0.033
0.037
0.04
0.043
0.046
0.049
0.051
0.052
0.05
0.046
0.042
0.038
0.036
0.033
0.03
0.027
0.025
0.022
0.019
0.015
0.012
0.008
0.005
0.001
-0.002
-0.007
-0.017
-0.026
-0.032
-0.038
-0.041
-0.044
-0.046
-0.049
-0.051
-0.053
-0.054
-0.054
-0.052
-0.05
-0.048
-0.045
-0.041
-0.036
-0.029
-0.014
0.004
0.017
0.025
0.031
0.037
0.043
0.048
0.053
0.056
0.06
0.063
0.066
0.069
0.071
0.071
0.07
0.068
0.065
0.061
0.056
0.044
0.029
0.023
0.02
0.017
0.016
0.016
0.019
0.023
0.029
0.037
0.049
0.053
0.055
0.057
0.058
0.06
0.06
0.06
0.059
0.058
0.057
0.055
0.054
0.052
0.049
0.047
0.047
0.047
0.049
0.051
0.053
0.056
0.062
0.062
0.053
0.047
0.042
0.037
0.032
0.027
0.021
0.011
-0.001
-0.009
-0.016
-0.022
-0.029
-0.035
-0.041
-0.041
-0.03
0.001
0.044
0.092
0.141
0.19
0.241
0.295
0.35
0.4
0.442
0.473
0.484
0.484
0.473
0.441
0.381
0.303
0.227
0.184
0.173
0.162
0.151
0.136
0.085
-0.018
-0.126
-0.215
-0.266
-0.282
-0.272
-0.241
-0.209
-0.189
-0.168
-0.149
-0.131
-0.115
-0.101
-0.087
-0.078
-0.072
-0.069
-0.067
-0.066
-0.068
-0.072
-0.077
-0.084
-0.097
-0.119
-0.134
-0.144
-0.149
-0.153
-0.155
-0.157
-0.159
-0.161
-0.162
-0.163
-0.163
-0.162
-0.162
-0.161
-0.16
-0.158
-0.155
-0.153
-0.15
-0.147
-0.145
-0.142
-0.14
-0.137
-0.134
-0.131
-0.129
-0.127
-0.124
-0.12
-0.114
-0.099
-0.082
-0.064
-0.044
-0.027
-0.012
0.003
0.014
0.019
0.024
0.029
0.033
0.037
0.046
0.063
0.074
0.08
0.085
0.087
0.087
0.083
0.078
0.07
0.057
0.036
0.023
0.014
0.013
0.019
0.033
0.055
0.067
0.079
0.091
0.105
0.121
0.128
0.131
0.134
0.136
0.138
0.14
0.141
0.142
0.144
0.145
0.146
0.147
0.148
0.148
0.148
0.149
0.15
0.152
0.153
0.154
0.155
0.155
0.156
0.156
0.155
0.153
0.152
0.149
0.146
0.143
0.138
0.127
0.116
0.106
0.098
0.094
0.096
0.1
0.113
0.137
0.166
0.2
0.245
0.299
0.358
0.413
0.463
0.511
0.558
0.603
0.639
0.652
0.659
0.637
0.594
0.532
0.454
0.372
0.306
0.289
0.284
0.277
0.267
0.238
0.135
0.0
-0.127
-0.21
-0.228
-0.225
-0.189
-0.147
-0.11
-0.083
-0.059
-0.04
-0.034
-0.031
-0.032
-0.034
-0.036
-0.039
-0.031
-0.02
-0.011
-0.005
-0.001
0.002
0.001
-0.006
-0.018
-0.026
-0.028
-0.029
-0.03
-0.032
-0.034
-0.036
-0.039
-0.042
-0.045
-0.05
-0.056
-0.066
-0.075
-0.081
-0.08
-0.072
-0.068
-0.078
-0.086
-0.091
-0.096
-0.099
-0.101
-0.103
-0.105
-0.108
-0.112
-0.101
-0.088
-0.076
-0.069
-0.059
-0.048
-0.03
-0.008
0.005
0.013
0.016
0.019
0.021
0.023
0.026
0.027
0.03
0.034
0.051
0.077
0.11
0.147
0.189
0.24
0.301
0.369
0.443
0.526
0.619
0.714
0.797
0.841
0.855
0.842
0.802
0.742
0.668
0.572
0.442
0.273
0.088
-0.065
-0.144
-0.156
-0.135
-0.075
-0.024
-0.009
-0.013
-0.027
-0.036
-0.04
-0.038
-0.036
-0.033
-0.03
-0.028
-0.027
-0.027
-0.029
-0.03
-0.031
-0.033
-0.036
-0.036
-0.033
-0.03
-0.026
-0.027
-0.035
-0.046
-0.063
-0.083
-0.094
-0.097
-0.099
-0.1
-0.102
-0.105
-0.107
-0.109
-0.112
-0.115
-0.12
-0.127
-0.147
-0.174
-0.191
-0.197
-0.197
-0.19
-0.186
-0.183
-0.179
-0.174
-0.17
-0.163
-0.149
-0.133
-0.127
-0.123
-0.119
-0.113
-0.107
-0.095
-0.081
-0.07
-0.062
-0.054
-0.044
-0.03
-0.015
-0.003
0.004
0.009
0.015
0.022
0.03
0.04
0.047
0.05
0.052
0.054
0.056
0.057
0.057
0.056
0.054
0.051
0.048
0.044
0.042
0.04
0.037
0.034
0.032
0.031
0.031
0.031
0.03
0.03
0.03
0.03
0.031
0.032
0.033
0.032
0.028
0.022
0.014
0.004
-0.003
-0.013
-0.022
-0.026
-0.029
-0.031
-0.029
-0.027
-0.026
-0.024
-0.023
-0.023
-0.024
-0.028
-0.032
-0.037
-0.044
-0.054
-0.059
-0.061
-0.063
-0.065
-0.067
-0.069
-0.07
-0.072
-0.074
-0.075
-0.077
-0.078
-0.08
-0.082
-0.083
-0.086
-0.09
-0.095
-0.097
-0.095
-0.09
-0.083
-0.072
-0.055
-0.041
-0.025
-0.013
-0.005
0.003
0.012
0.017
0.021
0.024
0.026
0.028
0.03
0.029
0.028
0.026
0.024
0.022
0.02
0.019
0.017
0.015
0.014
0.012
0.011
0.01
0.01
0.009
0.009
0.01
0.011
0.012
0.014
0.016
0.018
0.024
0.035
0.052
0.074
0.107
0.154
0.21
0.266
0.316
0.357
0.391
0.423
0.456
0.488
0.52
0.531
0.524
0.502
0.43
0.323
0.202
0.098
0.053
0.039
0.031
0.029
0.027
0.016
-0.029
-0.086
-0.137
-0.165
-0.173
-0.177
-0.18
-0.183
-0.186
-0.189
-0.193
-0.199
-0.207
-0.208
-0.201
-0.192
-0.178
-0.165
-0.15
-0.134
-0.117
-0.106
-0.1
-0.096
-0.092
-0.09
-0.088
-0.086
-0.085
-0.083
-0.08
-0.079
-0.081
-0.086
-0.09
-0.093
-0.096
-0.098
-0.1
-0.102
-0.105
-0.107
-0.109
-0.11
-0.111
-0.113
-0.116
-0.12
-0.127
-0.13
-0.131
-0.132
-0.133
-0.133
-0.133
-0.131
-0.127
-0.122
-0.113
-0.1
-0.09
-0.083
-0.076
-0.068
-0.057
-0.045
-0.034
-0.024
-0.012
0.0
0.012
0.021
0.025
0.029
0.034
0.039
0.044
0.049
0.054
0.058
0.062
0.065
0.067
0.071
0.076
0.078
0.074
0.067
0.062
0.056
0.052
0.052
0.056
0.063
0.069
0.076
0.085
0.097
0.105
0.111
0.116
0.121
0.124
0.124
0.122
0.119
0.115
0.111
0.106
0.099
0.091
0.085
0.079
0.074
0.069
0.065
0.059
0.051
0.045
0.04
0.037
0.033
0.03
0.027
0.025
0.023
0.022
0.021
0.02
0.019
0.018
0.017
0.016
0.013
0.008
0.014
0.032
0.059
0.093
0.134
0.18
0.232
0.287
0.337
0.38
0.418
0.454
0.489
0.525
0.536
0.53
0.511
0.447
0.358
0.262
0.177
0.146
0.136
0.129
0.124
0.108
0.057
-0.002
-0.051
-0.076
-0.083
-0.088
-0.09
-0.09
-0.089
-0.087
-0.083
-0.078
-0.067
-0.05
-0.034
-0.017
-0.002
0.005
0.013
0.022
0.026
0.028
0.031
0.033
0.034
0.036
0.037
0.038
0.039
0.04
0.041
0.042
0.043
0.044
0.044
0.044
0.045
0.045
0.045
0.045
0.045
0.045
0.045
0.046
0.047
0.048
0.048
0.049
0.05
0.051
0.053
0.055
0.057
0.058
0.061
0.066
0.072
0.078
0.085
0.098
0.112
0.118
0.122
0.126
0.129
0.131
0.133
0.134
0.136
0.137
0.139
0.14
0.141
0.141
0.141
0.141
0.141
0.14
0.138
0.135
0.132
0.129
0.126
0.121
0.11
0.099
0.085
0.07
0.062
0.055
0.056
0.063
0.073
0.089
0.103
0.113
0.123
0.13
0.135
0.139
0.14
0.139
0.136
0.133
0.129
0.125
0.118
0.108
0.103
0.099
0.095
0.091
0.089
0.087
0.085
0.084
0.082
0.081
0.079
0.077
0.075
0.073
0.07
0.068
0.066
0.063
0.061
0.058
0.054
0.048
0.038
0.032
0.027
0.023
0.023
0.033
0.061
0.09
0.125
0.166
0.211
0.257
0.307
0.356
0.403
0.446
0.481
0.507
0.516
0.508
0.484
0.426
0.346
0.256
0.176
0.137
0.124
0.13
0.142
0.136
0.082
-0.016
-0.126
-0.211
-0.24
-0.25
-0.237
-0.217
-0.2
-0.192
-0.185
-0.177
-0.155
-0.13
-0.12
-0.116
-0.113
-0.111
-0.11
-0.109
-0.109
-0.11
-0.11
-0.11
-0.111
-0.113
-0.116
-0.12
-0.123
-0.126
-0.127
-0.129
-0.131
-0.133
-0.136
-0.138
-0.141
-0.144
-0.147
-0.151
-0.155
-0.158
-0.162
-0.165
-0.172
-0.179
-0.181
-0.182
-0.183
-0.183
-0.184
-0.185
-0.185
-0.183
-0.178
-0.172
-0.164
-0.154
-0.143
-0.133
-0.126
-0.118
-0.105
-0.091
-0.077
-0.064
-0.055
-0.045
-0.039
-0.035
-0.032
-0.028
-0.024
-0.021
-0.017
-0.014
-0.01
-0.006
-0.004
-0.003
-0.005
-0.008
-0.012
-0.019
-0.03
-0.037
-0.043
-0.042
-0.032
-0.023
-0.014
-0.006
-0.001
0.007
0.024
0.035
0.04
0.044
0.048
0.05
0.051
0.052
0.054
0.054
0.055
0.056
0.056
0.056
0.056
0.058
0.059
0.06
0.059
0.056
0.051
0.043
0.033
0.03
0.028
0.026
0.024
0.023
0.023
0.023
0.024
0.024
0.025
0.027
0.029
0.022
0.014
0.008
0.008
0.017
0.043
0.069
0.085
0.112
0.151
0.203
0.262
0.316
0.361
0.404
0.447
0.491
0.528
0.545
0.542
0.512
0.457
0.387
0.312
0.248
0.224
0.216
0.206
0.192
0.149
0.045
-0.079
-0.185
-0.237
-0.245
-0.231
-0.199
-0.168
-0.152
-0.137
-0.122
-0.106
-0.091
-0.079
-0.07
-0.066
-0.064
-0.062
-0.061
-0.06
-0.06
-0.06
-0.06
-0.061
-0.062
-0.063
-0.065
-0.067
-0.069
-0.071
-0.072
-0.074
-0.076
-0.078
-0.08
-0.082
-0.084
-0.086
-0.088
-0.09
-0.093
-0.097
-0.101
-0.105
-0.109
-0.112
-0.116
-0.119
-0.122
-0.122
-0.12
-0.117
-0.113
-0.11
-0.105
-0.1
-0.094
-0.086
-0.073
-0.054
-0.039
-0.028
-0.019
-0.01
-0.001
0.005
0.009
0.013
0.016
0.02
0.024
0.029
0.04
0.051
0.055
0.059
0.058
0.049
0.038
0.027
0.018
0.007
-0.003
-0.01
-0.014
-0.014
-0.005
0.003
0.014
0.021
0.029
0.042
0.054
0.063
0.07
0.074
0.078
0.08
0.082
0.081
0.08
0.077
0.073
0.07
0.065
0.061
0.055
0.049
0.046
0.044
0.042
0.04
0.039
0.038
0.036
0.035
0.033
0.032
0.031
0.03
0.029
0.028
0.026
0.024
0.022
0.015
0.002
-0.006
-0.012
-0.005
0.005
0.017
0.038
0.066
0.102
0.143
0.189
0.237
0.285
0.333
0.382
0.437
0.493
0.542
0.569
0.578
0.567
0.535
0.475
0.397
0.315
0.25
0.229
0.223
0.213
0.196
0.145
0.057
-0.036
-0.119
-0.18
-0.203
-0.204
-0.186
-0.161
-0.134
-0.12
-0.105
-0.089
-0.078
-0.072
-0.068
-0.065
-0.062
-0.059
-0.055
-0.051
-0.048
-0.047
-0.046
-0.044
-0.043
-0.042
-0.043
-0.047
-0.052
-0.058
-0.065
-0.068
-0.068
-0.069
-0.07
-0.07
-0.068
-0.066
-0.065
-0.064
-0.067
-0.074
-0.082
-0.092
-0.099
-0.105
-0.11
-0.113
-0.113
-0.111
-0.106
-0.099
-0.087
-0.08
-0.076
-0.073
-0.069
-0.064
-0.059
-0.052
-0.043
-0.036
-0.03
-0.02
-0.003
0.017
0.032
0.041
0.046
0.051
0.056
0.065
0.075
0.08
0.083
0.085
0.086
0.085
0.083
0.079
0.067
0.045
0.018
0.009
0.006
0.003
0.01
0.019
0.027
0.039
0.054
0.071
0.079
0.083
0.087
0.09
0.091
0.091
0.089
0.087
0.086
0.084
0.082
0.079
0.075
0.071
0.068
0.066
0.063
0.058
0.057
0.06
0.064
0.068
0.069
0.067
0.065
0.063
0.065
0.069
0.072
0.068
0.065
0.062
0.06
0.057
0.054
0.043
0.021
0.003
-0.002
0.002
0.018
0.042
0.072
0.113
0.163
0.223
0.287
0.349
0.406
0.458
0.503
0.542
0.57
0.579
0.573
0.555
0.506
0.438
0.361
0.289
0.243
0.226
0.223
0.215
0.178
0.103
-0.003
-0.116
-0.206
-0.242
-0.254
-0.244
-0.21
-0.172
-0.141
-0.12
-0.108
-0.095
-0.086
-0.081
-0.077
-0.082
-0.086
-0.088
-0.091
-0.093
-0.094
-0.093
-0.091
-0.088
-0.085
-0.083
-0.079
-0.076
-0.077
-0.079
-0.08
-0.082
-0.084
-0.086
-0.089
-0.093
-0.096
-0.1
-0.104
-0.107
-0.11
-0.113
-0.117
-0.126
-0.141
-0.151
-0.157
-0.161
-0.162
-0.16
-0.157
-0.153
-0.149
-0.143
-0.138
-0.132
-0.124
-0.112
-0.099
-0.087
-0.075
-0.063
-0.042
-0.018
-0.005
0.004
0.01
0.016
0.022
0.029
0.037
0.044
0.049
0.053
0.056
0.056
0.054
0.049
0.036
0.011
-0.001
-0.009
-0.014
-0.016
-0.011
0.0
0.014
0.035
0.051
0.062
0.07
0.079
0.087
0.092
0.094
0.096
0.097
0.099
0.1
0.1
0.097
0.093
0.088
0.083
0.08
0.075
0.07
0.066
0.063
0.061
0.06
0.059
0.058
0.057
0.055
0.053
0.052
0.052
0.053
0.054
0.055
0.056
0.057
0.061
0.066
0.06
0.053
0.048
0.045
0.047
0.054
0.075
0.098
0.125
0.161
0.209
0.266
0.325
0.377
0.428
0.48
0.534
0.586
0.634
0.665
0.676
0.664
0.63
0.559
0.471
0.378
0.316
0.306
0.317
0.337
0.33
0.275
0.159
0.014
-0.109
-0.157
-0.173
-0.162
-0.127
-0.093
-0.064
-0.044
-0.028
-0.017
-0.013
-0.015
-0.019
-0.023
-0.026
-0.029
-0.028
-0.025
-0.019
-0.014
-0.008
-0.005
-0.009
-0.018
-0.025
-0.034
-0.042
-0.049
-0.054
-0.057
-0.059
-0.062
-0.064
-0.066
-0.068
-0.07
-0.071
-0.073
-0.075
-0.076
-0.078
-0.08
-0.082
-0.086
-0.089
-0.092
-0.095
-0.098
-0.101
-0.104
-0.104
-0.1
-0.094
-0.087
-0.077
-0.068
-0.058
-0.044
-0.033
-0.025
-0.017
-0.012
-0.007
-0.003
0.0
0.005
0.014
0.029
0.04
0.049
0.058
0.07
0.082
0.09
0.095
0.094
0.083
0.072
0.061
0.056
0.053
0.05
0.047
0.046
0.05
0.06
0.075
0.093
0.104
0.113
0.12
0.124
0.126
0.128
0.13
0.131
0.132
0.132
0.13
0.127
0.124
0.12
0.118
0.115
0.112
0.108
0.104
0.101
0.098
0.096
0.094
0.091
0.087
0.082
0.078
0.075
0.071
0.068
0.065
0.061
0.058
0.054
0.051
0.048
0.044
0.04
0.035
0.034
0.035
0.04
0.048
0.073
0.11
0.153
0.198
0.244
0.293
0.343
0.392
0.44
0.481
0.516
0.54
0.548
0.548
0.534
0.496
0.425
0.337
0.251
0.2
0.181
0.174
0.16
0.12
0.048
-0.042
-0.13
-0.197
-0.222
-0.23
-0.218
-0.196
-0.173
-0.153
-0.134
-0.115
-0.103
-0.098
-0.096
-0.095
-0.093
-0.092
-0.091
-0.09
-0.089
-0.088
-0.087
-0.085
-0.083
-0.079
-0.081
-0.09
-0.1
-0.11
-0.117
-0.124
-0.131
-0.14
-0.148
-0.155
-0.161
-0.168
-0.177
-0.191
-0.202
-0.209
-0.214
-0.219
-0.227
-0.24
-0.249
-0.254
-0.258
-0.259
-0.257
-0.253
-0.248
-0.241
-0.23
-0.219
-0.208
-0.197
-0.186
-0.177
-0.169
-0.162
-0.155
-0.146
-0.132
-0.118
-0.101
-0.09
-0.083
-0.078
-0.074
-0.07
-0.067
-0.064
-0.062
-0.059
-0.057
-0.056
-0.056
-0.057
-0.06
-0.063
-0.074
-0.096
-0.104
-0.104
-0.096
-0.089
-0.083
-0.077
-0.07
-0.064
-0.051
-0.04
-0.038
-0.037
-0.035
-0.034
-0.034
-0.034
-0.033
-0.033
-0.033
-0.033
-0.033
-0.034
-0.035
-0.036
-0.037
-0.038
-0.039
-0.04
-0.041
-0.041
-0.042
-0.043
-0.045
-0.047
-0.049
-0.05
-0.052
-0.053
-0.055
-0.056
-0.057
-0.058
-0.06
-0.061
-0.064
-0.069
-0.071
-0.068
-0.06
-0.048
-0.031
-0.001
0.036
0.08
0.126
0.17
0.214
0.261
0.312
0.366
0.417
0.453
0.465
0.457
0.434
0.371
0.283
0.19
0.114
0.087
0.086
0.098
0.095
0.06
-0.011
-0.098
-0.172
-0.206
-0.218
-0.209
-0.18
-0.152
-0.136
-0.12
-0.106
-0.093
-0.078
-0.065
-0.055
-0.042
-0.032
-0.024
-0.019
-0.015
-0.012
-0.008
-0.003
0.005
0.011
0.016
0.02
0.023
0.025
0.026
0.029
0.033
0.033
0.029
0.027
0.026
0.025
0.023
0.022
0.021
0.02
0.019
0.018
0.016
0.015
0.014
0.013
0.012
0.009
0.007
0.005
0.004
0.006
0.01
0.016
0.024
0.041
0.053
0.061
0.067
0.072
0.078
0.091
0.103
0.108
0.113
0.119
0.124
0.128
0.134
0.14
0.145
0.149
0.152
0.156
0.161
0.163
0.16
0.154
0.145
0.131
0.119
0.11
0.102
0.096
0.091
0.091
0.099
0.11
0.125
0.136
0.142
0.149
0.155
0.158
0.161
0.163
0.165
0.167
0.168
0.168
0.168
0.166
0.164
0.161
0.157
0.154
0.15
0.146
0.141
0.136
0.133
0.13
0.127
0.124
0.119
0.113
0.106
0.099
0.093
0.087
0.081
0.075
0.068
0.061
0.055
0.049
0.044
0.039
0.035
0.035
0.038
0.046
0.067
0.101
0.146
0.188
0.228
0.27
0.314
0.356
0.396
0.436
0.473
0.505
0.515
0.51
0.494
0.439
0.36
0.269
0.193
0.156
0.153
0.173
0.184
0.171
0.094
-0.023
-0.133
-0.213
-0.232
-0.238
-0.227
-0.208
-0.192
-0.18
-0.168
-0.155
-0.14
-0.126
-0.117
-0.11
-0.106
-0.103
-0.101
-0.1
-0.099
-0.098
-0.097
-0.097
-0.097
-0.098
-0.099
-0.1
-0.101
-0.102
-0.102
-0.102
-0.103
-0.104
-0.105
-0.106
-0.107
-0.107
-0.108
-0.109
-0.111
-0.112
-0.113
-0.114
-0.115
-0.116
-0.118
-0.12
-0.121
-0.12
-0.119
-0.116
-0.114
-0.111
-0.108
-0.103
-0.098
-0.095
-0.091
-0.087
-0.082
-0.076
-0.067
-0.054
-0.037
-0.026
-0.02
-0.015
-0.009
-0.003
0.008
0.021
0.025
0.027
0.029
0.029
0.03
0.029
0.026
0.022
0.017
0.005
-0.009
-0.016
-0.02
-0.023
-0.022
-0.018
-0.013
-0.007
0.0
0.006
0.012
0.022
0.033
0.038
0.04
0.043
0.044
0.045
0.046
0.046
0.046
0.045
0.044
0.042
0.04
0.037
0.034
0.031
0.029
0.027
0.025
0.022
0.019
0.016
0.013
0.011
0.009
0.007
0.005
0.003
0.001
0.0
-0.004
-0.012
-0.023
-0.03
-0.036
-0.04
-0.041
-0.04
-0.036
-0.03
-0.008
0.021
0.056
0.101
0.152
0.206
0.261
0.318
0.373
0.421
0.462
0.489
0.5
0.499
0.484
0.444
0.381
0.302
0.224
0.169
0.152
0.147
0.139
0.127
0.092
0.003
-0.107
-0.207
-0.262
-0.281
-0.272
-0.244
-0.201
-0.162
-0.138
-0.132
-0.128
-0.125
-0.122
-0.119
-0.117
-0.113
-0.11
-0.105
-0.098
-0.09
-0.085
-0.08
-0.076
-0.074
-0.073
-0.074
-0.077
-0.08
-0.084
-0.089
-0.096
-0.103
-0.111
-0.116
-0.12
-0.123
-0.126
-0.127
-0.129
-0.129
-0.13
-0.13
-0.131
-0.132
-0.132
-0.132
-0.132
-0.132
-0.132
-0.132
-0.131
-0.129
-0.126
-0.122
-0.118
-0.113
-0.105
-0.097
-0.09
-0.077
-0.059
-0.046
-0.038
-0.032
-0.027
-0.022
-0.014
0.001
0.014
0.022
0.029
0.036
0.042
0.049
0.052
0.049
0.043
0.037
0.028
0.02
0.012
0.004
0.002
0.0
-0.001
0.006
0.02
0.035
0.047
0.057
0.068
0.074
0.078
0.081
0.084
0.086
0.087
0.087
0.086
0.084
0.082
0.08
0.079
0.077
0.076
0.075
0.074
0.073
0.072
0.071
0.07
0.069
0.068
0.067
0.066
0.065
0.064
0.063
0.062
0.061
0.061
0.06
0.058
0.056
0.053
0.044
0.028
0.019
0.014
0.011
0.013
0.02
0.04
0.069
0.113
0.169
0.231
0.292
0.346
0.397
0.445
0.486
0.52
0.545
0.554
0.553
0.541
0.507
0.439
0.354
0.27
0.223
0.208
0.197
0.188
0.156
0.071
-0.037
-0.135
-0.181
-0.196
-0.188
-0.162
-0.132
-0.116
-0.108
-0.104
-0.1
-0.097
-0.093
-0.09
-0.086
-0.083
-0.081
-0.079
-0.078
-0.076
-0.074
-0.073
-0.071
-0.069
-0.068
-0.066
-0.064
-0.062
-0.061
-0.059
-0.059
-0.058
-0.058
-0.059
-0.06
-0.062
-0.065
-0.068
-0.073
-0.083
-0.094
-0.097
-0.099
-0.101
-0.102
-0.103
-0.103
-0.101
-0.099
-0.097
-0.095
-0.093
-0.09
-0.088
-0.085
-0.082
-0.078
-0.073
-0.062
-0.041
-0.023
-0.011
-0.006
-0.002
0.002
0.013
0.029
0.046
0.056
0.061
0.067
0.074
0.084
0.094
0.099
0.103
0.101
0.092
0.085
0.08
0.075
0.073
0.073
0.075
0.079
0.083
0.089
0.098
0.109
0.115
0.12
0.123
0.126
0.127
0.128
0.129
0.129
0.129
0.129
0.129
0.13
0.131
0.131
0.131
0.128
0.124
0.12
0.117
0.114
0.114
0.117
0.12
0.124
0.129
0.128
0.118
0.112
0.109
0.106
0.103
0.101
0.099
0.097
0.096
0.094
0.092
0.09
0.083
0.073
0.068
0.064
0.065
0.075
0.103
0.141
0.187
0.236
0.288
0.344
0.399
0.451
0.499
0.542
0.579
0.612
0.62
0.622
0.614
0.567
0.496
0.414
0.336
0.289
0.273
0.266
0.251
0.199
0.109
-0.001
-0.11
-0.188
-0.215
-0.215
-0.185
-0.139
-0.097
-0.064
-0.046
-0.04
-0.037
-0.038
-0.043
-0.05
-0.053
-0.057
-0.06
-0.062
-0.065
-0.066
-0.068
-0.069
-0.07
-0.072
-0.073
-0.075
-0.077
-0.08
-0.082
-0.082
-0.081
-0.079
-0.078
-0.076
-0.076
-0.081
-0.084
-0.087
-0.089
-0.092
-0.096
-0.1
-0.105
-0.111
-0.116
-0.119
-0.122
-0.125
-0.128
-0.13
-0.126
-0.118
-0.105
-0.087
-0.071
-0.055
-0.038
-0.021
-0.008
-0.001
0.004
0.007
0.01
0.014
0.019
0.028
0.035
0.042
0.047
0.052
0.061
0.074
0.087
0.101
0.117
0.133
0.16
0.2
0.255
0.326
0.41
0.503
0.603
0.701
0.792
0.866
0.902
0.913
0.9
0.86
0.796
0.708
0.595
0.458
0.301
0.143
0.011
-0.076
-0.098
-0.094
-0.048
-0.013
0.0
0.0
-0.009
-0.024
-0.033
-0.034
-0.036
-0.036
-0.036
-0.035
-0.034
-0.033
-0.033
-0.035
-0.039
-0.045
-0.052
-0.06
-0.063
-0.065
-0.067
-0.069
-0.07
-0.07
-0.068
-0.066
-0.063
-0.058
-0.052
-0.061
-0.071
-0.079
-0.086
-0.092
-0.099
-0.106
-0.114
-0.119
-0.123
-0.127
-0.129
-0.128
-0.125
-0.12
-0.115
-0.11
-0.105
-0.1
-0.096
-0.094
-0.092
-0.09
-0.087
-0.083
-0.088
-0.093
-0.098
-0.09
-0.066
-0.032
0.0
0.015
0.029
0.042
0.062
0.086
0.109
0.123
0.13
0.134
0.136
0.138
0.138
0.138
0.137
0.135
0.133
0.132
0.131
0.129
0.128
0.127
0.127
0.127
0.126
0.125
0.123
0.122
0.121
0.121
0.119
0.117
0.116
0.118
0.119
0.12
0.121
0.122
0.121
0.119
0.116
0.113
0.11
0.108
0.104
0.1
0.095
0.089
0.084
0.08
0.076
0.071
0.067
0.063
0.059
0.056
0.047
0.035
0.031
0.029
0.028
0.028
0.027
0.026
0.025
0.023
0.021
0.019
0.016
0.003
-0.016
-0.039
-0.05
-0.058
-0.063
-0.065
-0.061
-0.052
-0.04
-0.023
-0.01
-0.001
0.005
0.014
0.026
0.039
0.046
0.048
0.05
0.05
0.043
0.038
0.033
0.029
0.025
0.022
0.018
0.013
0.013
0.017
0.021
0.026
0.026
0.02
0.016
0.012
0.008
0.005
0.002
-0.001
-0.004
-0.008
-0.012
-0.016
-0.019
-0.022
-0.028
-0.035
-0.023
0.01
0.049
0.087
0.125
0.173
0.233
0.297
0.354
0.401
0.443
0.485
0.533
0.579
0.606
0.604
0.572
0.495
0.388
0.265
0.15
0.087
0.08
0.106
0.152
0.153
0.116
0.016
-0.085
-0.154
-0.178
-0.185
-0.19
-0.192
-0.192
-0.191
-0.189
-0.187
-0.182
-0.173
-0.16
-0.139
-0.117
-0.095
-0.089
-0.085
-0.083
-0.082
-0.081
-0.08
-0.08
-0.08
-0.079
-0.078
-0.076
-0.072
-0.066
-0.06
-0.067
-0.078
-0.092
-0.099
-0.103
-0.105
-0.107
-0.108
-0.11
-0.113
-0.115
-0.118
-0.121
-0.123
-0.125
-0.128
-0.131
-0.135
-0.138
-0.14
-0.14
-0.138
-0.136
-0.133
-0.13
-0.126
-0.12
-0.113
-0.105
-0.094
-0.078
-0.063
-0.052
-0.045
-0.036
-0.023
-0.008
0.009
0.023
0.03
0.037
0.042
0.047
0.056
0.073
0.083
0.088
0.092
0.095
0.096
0.096
0.094
0.09
0.085
0.079
0.064
0.051
0.046
0.042
0.054
0.068
0.081
0.091
0.101
0.11
0.121
0.13
0.136
0.141
0.141
0.137
0.133
0.131
0.129
0.128
0.126
0.126
0.125
0.125
0.124
0.122
0.12
0.118
0.117
0.116
0.115
0.113
0.111
0.109
0.106
0.104
0.1
0.094
0.087
0.082
0.079
0.075
0.068
0.057
0.05
0.044
0.042
0.044
0.053
0.078
0.106
0.141
0.185
0.237
0.296
0.355
0.41
0.458
0.497
0.528
0.559
0.57
0.576
0.571
0.53
0.461
0.372
0.284
0.218
0.203
0.199
0.191
0.176
0.13
0.01
-0.122
-0.227
-0.266
-0.28
-0.28
-0.271
-0.262
-0.252
-0.24
-0.222
-0.209
-0.206
-0.204
-0.203
-0.203
-0.202
-0.202
-0.202
-0.203
-0.205
-0.208
-0.211
-0.214
-0.217
-0.219
-0.221
-0.222
-0.223
-0.224
-0.224
-0.224
-0.224
-0.225
-0.225
-0.226
-0.228
-0.229
-0.229
-0.23
-0.23
-0.231
-0.231
-0.232
-0.232
-0.233
-0.235
-0.237
-0.243
-0.247
-0.244
-0.236
-0.231
-0.226
-0.22
-0.214
-0.206
-0.193
-0.173
-0.16
-0.152
-0.144
-0.135
-0.12
-0.099
-0.086
-0.078
-0.073
-0.067
-0.063
-0.059
-0.054
-0.047
-0.039
-0.03
-0.018
-0.005
-0.002
0.0
0.001
0.003
0.004
0.002
-0.003
-0.009
-0.015
-0.025
-0.025
-0.015
-0.004
0.006
0.014
0.022
0.03
0.044
0.053
0.059
0.064
0.067
0.07
0.073
0.075
0.077
0.08
0.083
0.086
0.085
0.082
0.077
0.074
0.071
0.069
0.067
0.065
0.065
0.066
0.067
0.069
0.07
0.073
0.077
0.076
0.069
0.064
0.059
0.056
0.053
0.051
0.05
0.048
0.044
0.039
0.047
0.061
0.076
0.102
0.127
0.159
0.202
0.251
0.3
0.347
0.393
0.435
0.474
0.509
0.523
0.532
0.53
0.502
0.45
0.375
0.293
0.224
0.204
0.198
0.19
0.18
0.148
0.059
-0.046
-0.138
-0.201
-0.218
-0.214
-0.192
-0.172
-0.152
-0.133
-0.114
-0.097
-0.084
-0.074
-0.067
-0.063
-0.06
-0.058
-0.056
-0.055
-0.054
-0.054
-0.054
-0.055
-0.056
-0.058
-0.06
-0.063
-0.066
-0.068
-0.07
-0.072
-0.074
-0.077
-0.079
-0.082
-0.085
-0.087
-0.09
-0.093
-0.096
-0.098
-0.1
-0.102
-0.104
-0.106
-0.108
-0.11
-0.112
-0.114
-0.115
-0.115
-0.116
-0.115
-0.114
-0.112
-0.109
-0.106
-0.102
-0.093
-0.074
-0.055
-0.038
-0.023
-0.006
0.008
0.019
0.027
0.033
0.037
0.04
0.044
0.047
0.051
0.055
0.06
0.063
0.059
0.051
0.044
0.037
0.031
0.025
0.02
0.013
0.006
0.003
0.007
0.016
0.031
0.049
0.059
0.066
0.072
0.077
0.082
0.088
0.091
0.088
0.081
0.076
0.07
0.067
0.071
0.078
0.082
0.084
0.087
0.088
0.09
0.092
0.094
0.096
0.097
0.098
0.1
0.101
0.102
0.103
0.104
0.106
0.108
0.109
0.11
0.11
0.108
0.105
0.101
0.097
0.091
0.081
0.08
0.086
0.106
0.136
0.165
0.196
0.234
0.278
0.323
0.366
0.406
0.443
0.481
0.523
0.566
0.6
0.611
0.603
0.577
0.51
0.422
0.329
0.256
0.223
0.212
0.202
0.193
0.163
0.093
0.001
-0.08
-0.124
-0.138
-0.135
-0.123
-0.099
-0.085
-0.069
-0.056
-0.043
-0.027
-0.016
-0.011
-0.007
-0.004
-0.001
0.0
0.0
0.0
0.0
0.0
0.0
0.0
0.0
-0.001
-0.001
-0.001
-0.002
-0.002
-0.004
-0.006
-0.009
-0.013
-0.017
-0.024
-0.03
-0.037
-0.04
-0.043
-0.046
-0.048
-0.05
-0.051
-0.052
-0.052
-0.053
-0.053
-0.053
-0.052
-0.051
-0.049
-0.048
-0.046
-0.044
-0.041
-0.037
-0.028
-0.017
-0.001
0.018
0.03
0.036
0.041
0.044
0.047
0.049
0.051
0.052
0.053
0.054
0.057
0.062
0.069
0.075
0.081
0.081
0.072
0.059
0.043
0.029
0.015
0.005
-0.001
-0.003
0.0
0.004
0.014
0.029
0.047
0.064
0.076
0.084
0.089
0.092
0.094
0.097
0.099
0.099
0.098
0.096
0.093
0.091
0.088
0.085
0.081
0.076
0.071
0.067
0.063
0.059
0.055
0.052
0.051
0.049
0.046
0.042
0.04
0.041
0.043
0.044
0.045
0.046
0.045
0.042
0.037
0.024
0.0
-0.008
-0.014
-0.013
0.0
0.021
0.047
0.078
0.116
0.163
0.214
0.263
0.305
0.345
0.39
0.438
0.485
0.526
0.544
0.55
0.536
0.494
0.422
0.328
0.239
0.18
0.167
0.162
0.155
0.139
0.078
-0.009
-0.104
-0.185
-0.226
-0.239
-0.23
-0.203
-0.173
-0.147
-0.125
-0.11
-0.101
-0.097
-0.094
-0.092
-0.09
-0.088
-0.087
-0.086
-0.085
-0.085
-0.083
-0.082
-0.08
-0.077
-0.077
-0.084
-0.089
-0.091
-0.093
-0.094
-0.096
-0.098
-0.1
-0.102
-0.104
-0.107
-0.11
-0.114
-0.122
-0.135
-0.14
-0.142
-0.144
-0.145
-0.146
-0.147
-0.148
-0.15
-0.151
-0.152
-0.154
-0.157
-0.161
-0.155
-0.144
-0.132
-0.12
-0.108
-0.085
-0.059
-0.037
-0.029
-0.024
-0.02
-0.017
-0.012
-0.001
0.007
0.012
0.019
0.026
0.039
0.051
0.055
0.057
0.059
0.057
0.051
0.043
0.03
0.022
0.017
0.015
0.018
0.023
0.031
0.043
0.053
0.062
0.073
0.085
0.095
0.097
0.098
0.099
0.099
0.098
0.096
0.095
0.094
0.093
0.092
0.091
0.09
0.089
0.087
0.085
0.083
0.081
0.079
0.077
0.075
0.072
0.07
0.068
0.066
0.064
0.063
0.061
0.06
0.058
0.057
0.055
0.052
0.047
0.041
0.034
0.026
0.021
0.023
0.029
0.038
0.052
0.078
0.115
0.163
0.221
0.277
0.328
0.377
0.426
0.477
0.525
0.566
0.588
0.59
0.574
0.526
0.453
0.363
0.276
0.219
0.2
0.192
0.184
0.164
0.099
0.002
-0.101
-0.189
-0.241
-0.249
-0.238
-0.194
-0.143
-0.099
-0.088
-0.083
-0.083
-0.086
-0.089
-0.091
-0.092
-0.091
-0.086
-0.08
-0.073
-0.064
-0.06
-0.058
-0.055
-0.052
-0.05
-0.053
-0.06
-0.068
-0.077
-0.087
-0.092
-0.095
-0.097
-0.099
-0.101
-0.103
-0.105
-0.107
-0.109
-0.11
-0.112
-0.115
-0.122
-0.135
-0.142
-0.146
-0.149
-0.151
-0.152
-0.152
-0.151
-0.148
-0.145
-0.139
-0.129
-0.113
-0.102
-0.093
-0.085
-0.075
-0.063
-0.053
-0.041
-0.029
-0.021
-0.012
0.0
0.013
0.027
0.04
0.049
0.055
0.058
0.055
0.048
0.04
0.032
0.027
0.023
0.02
0.018
0.018
0.022
0.029
0.04
0.058
0.07
0.077
0.082
0.086
0.089
0.094
0.102
0.108
0.112
0.112
0.107
0.104
0.102
0.099
0.095
0.088
0.081
0.078
0.075
0.072
0.069
0.066
0.064
0.063
0.062
0.06
0.059
0.058
0.057
0.057
0.056
0.055
0.054
0.052
0.049
0.047
0.044
0.04
0.036
0.031
0.024
0.015
0.01
0.011
0.015
0.024
0.045
0.073
0.108
0.152
0.204
0.261
0.318
0.369
0.418
0.466
0.512
0.555
0.581
0.59
0.58
0.548
0.489
0.415
0.334
0.262
0.217
0.194
0.179
0.152
0.087
-0.003
-0.096
-0.166
-0.197
-0.199
-0.177
-0.134
-0.094
-0.072
-0.064
-0.061
-0.063
-0.067
-0.069
-0.07
-0.07
-0.071
-0.071
-0.072
-0.072
-0.073
-0.073
-0.074
-0.074
-0.075
-0.075
-0.076
-0.076
-0.076
-0.077
-0.078
-0.079
-0.081
-0.083
-0.085
-0.088
-0.091
-0.097
-0.104
-0.109
-0.114
-0.118
-0.121
-0.124
-0.127
-0.13
-0.133
-0.136
-0.139
-0.143
-0.146
-0.146
-0.143
-0.139
-0.135
-0.13
-0.125
-0.12
-0.105
-0.083
-0.062
-0.053
-0.046
-0.038
-0.026
-0.003
0.025
0.051
0.059
0.063
0.066
0.067
0.07
0.074
0.073
0.064
0.058
0.053
0.049
0.047
0.047
0.049
0.052
0.057
0.064
0.078
0.089
0.095
0.103
0.111
0.116
0.119
0.122
0.124
0.127
0.128
0.13
0.13
0.13
0.129
0.128
0.126
0.124
0.122
0.119
0.116
0.111
0.101
0.093
0.089
0.086
0.084
0.083
0.081
0.08
0.078
0.077
0.075
0.073
0.071
0.069
0.068
0.065
0.062
0.059
0.056
0.055
0.053
0.052
0.05
0.046
0.046
0.056
0.082
0.118
0.161
0.208
0.258
0.315
0.374
0.43
0.476
0.518
0.556
0.589
0.616
0.625
0.617
0.595
0.535
0.459
0.38
0.314
0.27
0.249
0.224
0.165
0.073
-0.025
-0.106
-0.144
-0.147
-0.123
-0.082
-0.05
-0.035
-0.027
-0.022
-0.019
-0.017
-0.015
-0.013
-0.012
-0.01
-0.008
-0.007
-0.008
-0.011
-0.016
-0.021
-0.026
-0.031
-0.036
-0.038
-0.04
-0.042
-0.043
-0.044
-0.045
-0.045
-0.046
-0.047
-0.048
-0.049
-0.05
-0.05
-0.051
-0.053
-0.055
-0.059
-0.071
-0.077
-0.08
-0.083
-0.086
-0.088
-0.089
-0.089
-0.088
-0.086
-0.084
-0.082
-0.079
-0.076
-0.071
-0.066
-0.059
-0.05
-0.038
-0.024
-0.015
-0.006
0.001
0.008
0.024
0.045
0.071
0.094
0.104
0.107
0.109
0.111
0.111
0.107
0.102
0.093
0.076
0.06
0.05
0.05
0.059
0.071
0.084
0.09
0.094
0.098
0.103
0.109
0.115
0.121
0.125
0.123
0.121
0.118
0.116
0.114
0.109
0.104
0.101
0.098
0.096
0.094
0.091
0.089
0.087
0.086
0.084
0.083
0.082
0.081
0.079
0.074
0.063
0.058
0.055
0.054
0.052
0.05
0.049
0.047
0.045
0.044
0.042
0.037
0.028
0.013
-0.008
-0.016
-0.021
-0.02
-0.001
0.03
0.072
0.117
0.168
0.223
0.282
0.34
0.394
0.443
0.491
0.538
0.579
0.605
0.606
0.587
0.53
0.448
0.356
0.275
0.224
0.2
0.184
0.157
0.101
0.015
-0.082
-0.163
-0.199
-0.203
-0.187
-0.158
-0.13
-0.109
-0.095
-0.085
-0.079
-0.075
-0.074
-0.077
-0.082
-0.087
-0.094
-0.104
-0.11
-0.115
-0.119
-0.123
-0.128
-0.132
-0.137
-0.141
-0.145
-0.149
-0.151
-0.153
-0.154
-0.156
-0.157
-0.16
-0.164
-0.168
-0.173
-0.176
-0.18
-0.184
-0.188
-0.191
-0.193
-0.196
-0.198
-0.2
-0.202
-0.203
-0.203
-0.202
-0.2
-0.196
-0.192
-0.185
-0.17
-0.158
-0.149
-0.142
-0.132
-0.119
-0.103
-0.086
-0.068
-0.05
-0.034
-0.018
-0.002
0.013
0.026
0.035
0.039
0.042
0.045
0.044
0.037
0.027
0.014
0.007
0.002
0.0
-0.001
0.001
0.006
0.013
0.025
0.042
0.051
0.057
0.062
0.067
0.072
0.076
0.08
0.084
0.087
0.088
0.087
0.085
0.081
0.078
0.075
0.071
0.067
0.064
0.06
0.057
0.054
0.051
0.048
0.044
0.04
0.035
0.031
0.027
0.025
0.028
0.033
0.037
0.04
0.042
0.045
0.046
0.044
0.041
0.036
0.031
0.026
0.017
0.012
0.013
0.017
0.028
0.053
0.087
0.124
0.168
0.222
0.275
0.322
0.365
0.406
0.447
0.49
0.529
0.558
0.559
0.538
0.472
0.379
0.277
0.188
0.138
0.123
0.113
0.088
0.037
-0.031
-0.098
-0.164
-0.217
-0.237
-0.237
-0.217
-0.185
-0.153
-0.133
-0.129
-0.125
-0.123
-0.122
-0.121
-0.121
-0.121
-0.122
-0.123
-0.124
-0.125
-0.127
-0.129
-0.131
-0.134
-0.136
-0.137
-0.136
-0.135
-0.134
-0.133
-0.131
-0.128
-0.128
-0.135
-0.139
-0.142
-0.144
-0.146
-0.149
-0.152
-0.156
-0.16
-0.167
-0.177
-0.183
-0.187
-0.189
-0.191
-0.193
-0.194
-0.193
-0.19
-0.186
-0.181
-0.17
-0.155
-0.147
-0.143
-0.14
-0.136
-0.133
-0.129
-0.125
-0.118
-0.113
-0.109
-0.098
-0.078
-0.054
-0.03
-0.023
-0.018
-0.016
-0.015
-0.013
-0.011
-0.02
-0.036
-0.046
-0.05
-0.053
-0.052
-0.043
-0.034
-0.024
-0.015
-0.003
0.014
0.028
0.036
0.041
0.042
0.04
0.037
0.033
0.029
0.03
0.038
0.043
0.046
0.049
0.051
0.053
0.053
0.052
0.05
0.048
0.045
0.043
0.041
0.04
0.038
0.036
0.035
0.033
0.032
0.03
0.028
0.026
0.024
0.022
0.021
0.02
0.018
0.015
0.012
0.008
0.006
0.006
0.007
0.01
0.015
0.03
0.061
0.102
0.147
0.191
0.234
0.278
0.321
0.363
0.403
0.441
0.475
0.507
0.518
0.526
0.503
0.453
0.383
0.31
0.255
0.236
0.228
0.221
0.202
0.138
0.046
-0.037
-0.075
-0.088
-0.075
-0.054
-0.034
-0.018
-0.001
0.008
0.015
0.02
0.022
0.022
0.021
0.02
0.018
0.015
0.01
0.011
0.019
0.023
0.026
0.029
0.032
0.033
0.033
0.031
0.03
0.029
0.028
0.027
0.025
0.023
0.022
0.022
0.023
0.025
0.027
0.029
0.031
0.033
0.033
0.031
0.025
0.017
0.002
-0.007
-0.011
-0.015
-0.017
-0.019
-0.018
-0.017
-0.014
-0.009
-0.002
0.011
0.024
0.032
0.038
0.046
0.058
0.071
0.084
0.098
0.111
0.121
0.127
0.132
0.138
0.143
0.149
0.149
0.14
0.129
0.114
0.104
0.096
0.089
0.081
0.071
0.064
0.059
0.068
0.081
0.096
0.106
0.114
0.123
0.134
0.146
0.156
0.162
0.153
0.144
0.139
0.135
0.129
0.124
0.119
0.114
0.108
0.102
0.098
0.095
0.09
0.084
0.079
0.076
0.074
0.072
0.07
0.067
0.065
0.062
0.058
0.053
0.048
0.044
0.039
0.033
0.025
0.017
0.01
0.003
0.0
-0.003
-0.006
-0.01
-0.011
-0.008
0.0
0.027
0.067
0.111
0.151
0.19
0.231
0.272
0.31
0.348
0.383
0.416
0.445
0.473
0.495
0.495
0.475
0.414
0.328
0.243
0.179
0.147
0.133
0.115
0.069
-0.008
-0.098
-0.18
-0.226
-0.232
-0.215
-0.177
-0.148
-0.134
-0.127
-0.124
-0.122
-0.12
-0.117
-0.113
-0.11
-0.106
-0.103
-0.098
-0.093
-0.09
-0.088
-0.086
-0.085
-0.083
-0.081
-0.079
-0.078
-0.077
-0.079
-0.081
-0.083
-0.085
-0.087
-0.09
-0.092
-0.094
-0.096
-0.098
-0.101
-0.103
-0.106
-0.108
-0.111
-0.114
-0.117
-0.12
-0.121
-0.122
-0.121
-0.119
-0.117
-0.114
-0.112
-0.11
-0.107
-0.103
-0.099
-0.095
-0.09
-0.079
-0.064
-0.052
-0.038
-0.023
-0.007
0.003
0.011
0.018
0.024
0.035
0.049
0.056
0.06
0.063
0.065
0.065
0.063
0.059
0.054
0.046
0.03
0.016
0.007
0.016
0.032
0.048
0.058
0.064
0.072
0.08
0.088
0.096
0.101
0.101
0.099
0.098
0.097
0.096
0.095
0.095
0.096
0.098
0.101
0.103
0.105
0.107
0.102
0.093
0.088
0.085
0.081
0.078
0.075
0.073
0.07
0.068
0.066
0.064
0.062
0.059
0.056
0.052
0.048
0.044
0.039
0.034
0.027
0.02
0.015
0.012
0.009
0.005
0.006
0.015
0.04
0.075
0.115
0.16
0.208
0.256
0.303
0.348
0.388
0.427
0.467
0.509
0.548
0.574
0.574
0.55
0.482
0.384
0.287
0.218
0.184
0.17
0.155
0.101
0.018
-0.064
-0.128
-0.152
-0.152
-0.129
-0.094
-0.077
-0.07
-0.068
-0.065
-0.063
-0.062
-0.06
-0.06
-0.059
-0.058
-0.058
-0.057
-0.057
-0.058
-0.06
-0.062
-0.063
-0.065
-0.066
-0.067
-0.068
-0.07
-0.072
-0.074
-0.076
-0.078
-0.08
-0.083
-0.085
-0.088
-0.09
-0.091
-0.093
-0.095
-0.097
-0.1
-0.105
-0.114
-0.123
-0.13
-0.136
-0.14
-0.143
-0.145
-0.146
-0.147
-0.149
-0.15
-0.146
-0.136
-0.128
-0.118
-0.109
-0.101
-0.088
-0.069
-0.051
-0.032
-0.018
-0.007
0.001
0.013
0.028
0.04
0.047
0.051
0.048
0.041
0.036
0.032
0.027
0.021
0.015
0.009
0.002
-0.001
0.002
0.011
0.021
0.033
0.04
0.048
0.062
0.075
0.082
0.087
0.089
0.09
0.09
0.09
0.091
0.091
0.092
0.093
0.093
0.093
0.093
0.092
0.092
0.091
0.089
0.087
0.085
0.083
0.082
0.08
0.078
0.076
0.073
0.07
0.067
0.065
0.063
0.061
0.059
0.056
0.053
0.048
0.042
0.035
0.026
0.016
0.014
0.011
0.008
0.015
0.034
0.062
0.096
0.138
0.189
0.245
0.3
0.352
0.401
0.451
0.498
0.538
0.568
0.578
0.578
0.565
0.529
0.463
0.377
0.291
0.23
0.207
0.198
0.186
0.154
0.072
-0.035
-0.135
-0.194
-0.202
-0.184
-0.129
-0.08
-0.052
-0.042
-0.042
-0.048
-0.052
-0.055
-0.058
-0.06
-0.06
-0.06
-0.058
-0.056
-0.054
-0.053
-0.051
-0.05
-0.048
-0.047
-0.047
-0.05
-0.054
-0.058
-0.062
-0.067
-0.073
-0.079
-0.084
-0.088
-0.091
-0.094
-0.097
-0.099
-0.101
-0.102
-0.103
-0.105
-0.106
-0.107
-0.108
-0.11
-0.111
-0.113
-0.114
-0.115
-0.115
-0.113
-0.111
-0.108
-0.103
-0.095
-0.079
-0.068
-0.063
-0.057
-0.051
-0.044
-0.034
-0.017
-0.003
0.007
0.015
0.024
0.039
0.054
0.063
0.063
0.057
0.048
0.036
0.029
0.024
0.022
0.022
0.026
0.032
0.042
0.059
0.078
0.093
0.101
0.106
0.111
0.116
0.121
0.125
0.129
0.129
0.126
0.122
0.12
0.118
0.116
0.115
0.113
0.111
0.109
0.107
0.105
0.103
0.1
0.098
0.096
0.093
0.09
0.086
0.084
0.083
0.082
0.081
0.08
0.079
0.078
0.076
0.075
0.078
0.083
0.087
0.09
0.093
0.097
0.101
0.106
0.113
0.124
0.13
0.146
0.168
0.199
0.236
0.278
0.322
0.368
0.416
0.467
0.521
0.577
0.635
0.686
0.715
0.725
0.709
0.659
0.564
0.449
0.342
0.267
0.248
0.24
0.226
0.189
0.106
0.011
-0.068
-0.097
-0.098
-0.078
-0.058
-0.052
-0.049
-0.051
-0.054
-0.057
-0.06
-0.059
-0.054
-0.047
-0.041
-0.051
-0.06
-0.067
-0.073
-0.077
-0.08
-0.084
-0.09
-0.096
-0.099
-0.101
-0.102
-0.103
-0.104
-0.104
-0.105
-0.107
-0.108
-0.109
-0.111
-0.112
-0.114
-0.117
-0.122
-0.131
-0.141
-0.148
-0.153
-0.157
-0.16
-0.162
-0.163
-0.166
-0.168
-0.17
-0.169
-0.165
-0.159
-0.152
-0.145
-0.138
-0.134
-0.127
-0.12
-0.109
-0.093
-0.079
-0.071
-0.065
-0.059
-0.045
-0.021
0.0
0.005
0.009
0.012
0.015
0.017
0.02
0.025
0.017
0.003
-0.005
-0.009
-0.003
0.017
0.032
0.04
0.045
0.051
0.057
0.074
0.091
0.095
0.099
0.101
0.103
0.104
0.104
0.104
0.103
0.103
0.102
0.1
0.099
0.097
0.095
0.094
0.093
0.092
0.091
0.09
0.088
0.086
0.085
0.084
0.084
0.084
0.084
0.084
0.084
0.084
0.084
0.084
0.085
0.085
0.085
0.086
0.088
0.077
0.066
0.056
0.052
0.054
0.058
0.065
0.074
0.089
0.123
0.173
0.233
0.289
0.339
0.387
0.438
0.491
0.545
0.594
0.636
0.659
0.666
0.648
0.594
0.486
0.365
0.266
0.224
0.211
0.199
0.188
0.15
0.054
-0.052
-0.126
-0.148
-0.145
-0.11
-0.067
-0.047
-0.039
-0.04
-0.047
-0.053
-0.059
-0.059
-0.053
-0.049
-0.048
-0.046
-0.044
-0.043
-0.042
-0.041
-0.041
-0.04
-0.04
-0.041
-0.042
-0.044
-0.047
-0.05
-0.053
-0.056
-0.061
-0.07
-0.077
-0.083
-0.088
-0.092
-0.096
-0.101
-0.105
-0.109
-0.112
-0.115
-0.117
-0.12
-0.123
-0.126
-0.129
-0.133
-0.136
-0.138
-0.138
-0.136
-0.133
-0.129
-0.121
-0.108
-0.096
-0.084
-0.072
-0.059
-0.045
-0.028
-0.008
0.007
0.02
0.035
0.046
0.053
0.058
0.058
0.055
0.049
0.041
0.029
0.018
0.007
-0.002
-0.007
-0.003
0.01
0.031
0.039
0.047
0.054
0.062
0.071
0.079
0.087
0.087
0.084
0.082
0.081
0.08
0.079
0.079
0.078
0.077
0.076
0.075
0.073
0.071
0.07
0.068
0.067
0.065
0.062
0.058
0.049
0.045
0.044
0.042
0.04
0.039
0.039
0.039
0.041
0.043
0.046
0.05
0.049
0.043
0.036
0.029
0.019
0.009
0.0
-0.002
-0.005
-0.008
-0.009
-0.002
0.014
0.04
0.076
0.121
0.174
0.231
0.291
0.351
0.408
0.46
0.505
0.544
0.576
0.594
0.594
0.575
0.514
0.417
0.302
0.199
0.152
0.137
0.142
0.155
0.116
0.033
-0.062
-0.147
-0.185
-0.197
-0.188
-0.158
-0.138
-0.132
-0.129
-0.126
-0.123
-0.121
-0.118
-0.115
-0.11
-0.102
-0.1
-0.099
-0.099
-0.098
-0.098
-0.1
-0.105
-0.113
-0.125
-0.131
-0.133
-0.135
-0.137
-0.138
-0.139
-0.14
-0.142
-0.143
-0.144
-0.145
-0.146
-0.148
-0.149
-0.151
-0.153
-0.156
-0.16
-0.164
-0.169
-0.175
-0.187
-0.2
-0.206
-0.211
-0.21
-0.201
-0.192
-0.181
-0.17
-0.154
-0.135
-0.115
-0.099
-0.085
-0.074
-0.061
-0.037
-0.011
0.012
0.025
0.037
0.047
0.052
0.054
0.055
0.056
0.057
0.058
0.059
0.061
0.063
0.065
0.067
0.069
0.071
0.075
0.082
0.088
0.095
0.103
0.111
0.113
0.114
0.115
0.117
0.118
0.119
0.119
0.118
0.118
0.119
0.119
0.119
0.118
0.115
0.112
0.108
0.105
0.103
0.1
0.097
0.094
0.091
0.089
0.086
0.078
0.071
0.069
0.068
0.068
0.067
0.067
0.067
0.067
0.068
0.069
0.07
0.073
0.076
0.067
0.056
0.046
0.043
0.04
0.037
0.043
0.061
0.091
0.137
0.196
0.264
0.33
0.388
0.438
0.477
0.507
0.535
0.562
0.591
0.601
0.594
0.575
0.497
0.377
0.247
0.149
0.098
0.08
0.074
0.061
0.017
-0.041
-0.1
-0.139
-0.152
-0.142
-0.127
-0.111
-0.102
-0.098
-0.094
-0.091
-0.089
-0.086
-0.084
-0.081
-0.078
-0.076
-0.076
-0.079
-0.084
-0.088
-0.091
-0.092
-0.094
-0.095
-0.097
-0.099
-0.1
-0.102
-0.103
-0.105
-0.106
-0.107
-0.108
-0.109
-0.11
-0.112
-0.114
-0.117
-0.122
-0.133
-0.141
-0.149
-0.157
-0.162
-0.165
-0.167
-0.17
-0.171
-0.171
-0.168
-0.163
-0.158
-0.152
-0.145
-0.139
-0.136
-0.132
-0.126
-0.115
-0.105
-0.097
-0.087
-0.075
-0.059
-0.043
-0.024
-0.001
0.016
0.026
0.033
0.036
0.032
0.024
0.015
0.004
-0.001
-0.006
-0.01
-0.011
-0.008
-0.002
0.005
0.02
0.039
0.054
0.064
0.07
0.074
0.077
0.08
0.084
0.085
0.083
0.08
0.078
0.084
0.091
0.097
0.097
0.091
0.085
0.08
0.075
0.07
0.065
0.054
0.045
0.042
0.039
0.044
0.049
0.053
0.055
0.053
0.05
0.047
0.044
0.042
0.039
0.036
0.032
0.028
0.024
0.02
0.017
0.015
0.013
0.01
0.005
0.012
0.03
0.055
0.08
0.112
0.157
0.212
0.271
0.328
0.378
0.427
0.476
0.523
0.563
0.589
0.597
0.589
0.563
0.502
0.412
0.31
0.223
0.182
0.167
0.16
0.142
0.096
0.031
-0.036
-0.078
-0.092
-0.084
-0.057
-0.029
-0.014
-0.007
-0.004
-0.002
0.0
0.003
0.007
0.011
0.017
0.029
0.046
0.055
0.059
0.063
0.065
0.066
0.064
0.061
0.058
0.055
0.051
0.048
0.048
0.048
0.05
0.051
0.053
0.054
0.053
0.049
0.044
0.037
0.03
0.028
0.027
0.026
0.024
0.023
0.022
0.021
0.021
0.021
0.021
0.022
0.023
0.025
0.027
0.03
0.032
0.037
0.046
0.055
0.063
0.071
0.081
0.096
0.111
0.124
0.142
0.156
0.164
0.169
0.17
0.171
0.171
0.172
0.174
0.174
0.169
0.16
0.153
0.147
0.141
0.139
0.14
0.142
0.146
0.153
0.166
0.18
0.193
0.204
0.212
0.212
0.206
0.196
0.182
0.174
0.17
0.168
0.166
0.164
0.162
0.159
0.157
0.154
0.151
0.146
0.137
0.119
0.109
0.104
0.098
0.093
0.088
0.077
0.068
0.065
0.063
0.06
0.056
0.05
0.039
0.026
0.019
0.015
0.012
0.01
0.007
0.005
0.002
-0.001
-0.004
0.0
0.007
0.02
0.039
0.071
0.113
0.16
0.208
0.253
0.297
0.338
0.37
0.396
0.421
0.434
0.447
0.447
0.427
0.372
0.293
0.204
0.126
0.07
0.044
0.034
0.021
-0.012
-0.074
-0.145
-0.207
-0.236
-0.245
-0.233
-0.196
-0.151
-0.132
-0.125
-0.122
-0.122
-0.124
-0.125
-0.127
-0.129
-0.131
-0.13
-0.129
-0.127
-0.125
-0.132
-0.136
-0.138
-0.139
-0.14
-0.14
-0.14
-0.14
-0.142
-0.143
-0.145
-0.146
-0.147
-0.148
-0.149
-0.15
-0.152
-0.154
-0.157
-0.162
-0.173
-0.182
-0.194
-0.208
-0.215
-0.219
-0.221
-0.224
-0.225
-0.226
-0.226
-0.225
-0.225
-0.224
-0.222
-0.22
-0.216
-0.204
-0.188
-0.171
-0.157
-0.148
-0.141
-0.134
-0.123
-0.107
-0.09
-0.074
-0.062
-0.053
-0.046
-0.04
-0.036
-0.034
-0.038
-0.048
-0.057
-0.066
-0.071
-0.068
-0.062
-0.053
-0.039
-0.027
-0.013
0.0
0.017
0.025
0.029
0.032
0.035
0.037
0.039
0.04
0.04
0.04
0.039
0.039
0.038
0.036
0.034
0.032
0.03
0.028
0.026
0.025
0.023
0.02
0.018
0.015
0.013
0.013
0.013
0.014
0.015
0.016
0.017
0.018
0.02
0.023
0.024
0.022
0.016
0.01
0.004
-0.002
-0.008
-0.008
-0.006
-0.001
0.006
0.019
0.043
0.073
0.11
0.15
0.191
0.228
0.264
0.301
0.336
0.367
0.398
0.433
0.47
0.499
0.501
0.481
0.412
0.32
0.228
0.158
0.117
0.102
0.094
0.074
0.021
-0.055
-0.135
-0.18
-0.195
-0.188
-0.165
-0.138
-0.122
-0.113
-0.107
-0.103
-0.1
-0.096
-0.093
-0.091
-0.089
-0.088
-0.087
-0.085
-0.083
-0.081
-0.08
-0.078
-0.076
-0.075
-0.072
-0.069
-0.066
-0.064
-0.062
-0.061
-0.06
-0.058
-0.056
-0.054
-0.053
-0.053
-0.053
-0.053
-0.053
-0.053
-0.055
-0.058
-0.061
-0.065
-0.068
-0.07
-0.073
-0.078
-0.084
-0.088
-0.091
-0.09
-0.087
-0.083
-0.079
-0.07
-0.054
-0.043
-0.035
-0.027
-0.019
-0.007
0.007
0.016
0.021
0.027
0.036
0.045
0.051
0.057
0.063
0.067
0.069
0.069
0.067
0.064
0.062
0.059
0.056
0.054
0.054
0.057
0.062
0.067
0.072
0.078
0.085
0.091
0.103
0.118
0.124
0.127
0.129
0.132
0.133
0.134
0.134
0.134
0.135
0.134
0.134
0.132
0.13
0.127
0.125
0.123
0.121
0.118
0.114
0.11
0.106
0.103
0.099
0.096
0.092
0.088
0.083
0.079
0.075
0.072
0.068
0.065
0.061
0.057
0.053
0.049
0.044
0.037
0.026
0.026
0.037
0.052
0.073
0.105
0.147
0.198
0.252
0.309
0.364
0.413
0.456
0.492
0.524
0.535
0.54
0.538
0.514
0.469
0.405
0.339
0.284
0.245
0.226
0.2
0.15
0.07
-0.02
-0.104
-0.162
-0.179
-0.178
-0.157
-0.133
-0.107
-0.091
-0.084
-0.08
-0.077
-0.075
-0.073
-0.071
-0.07
-0.069
-0.068
-0.066
-0.065
-0.064
-0.063
-0.063
-0.062
-0.06
-0.059
-0.057
-0.057
-0.059
-0.062
-0.066
-0.07
-0.075
-0.084
-0.088
-0.088
-0.086
-0.082
-0.085
-0.101
-0.113
-0.12
-0.124
-0.127
-0.13
-0.133
-0.135
-0.138
-0.142
-0.143
-0.138
-0.132
-0.127
-0.13
-0.133
-0.136
-0.136
-0.129
-0.122
-0.114
-0.107
-0.099
-0.088
-0.069
-0.056
-0.048
-0.041
-0.033
-0.027
-0.023
-0.019
-0.014
-0.011
-0.01
-0.01
-0.012
-0.016
-0.02
-0.029
-0.037
-0.04
-0.043
-0.042
-0.034
-0.022
-0.006
0.01
0.029
0.039
0.043
0.046
0.049
0.052
0.054
0.055
0.056
0.056
0.057
0.057
0.058
0.058
0.059
0.059
0.06
0.061
0.06
0.058
0.055
0.052
0.05
0.047
0.044
0.039
0.034
0.03
0.027
0.023
0.02
0.019
0.018
0.02
0.022
0.024
0.027
0.029
0.031
0.034
0.036
0.039
0.041
0.043
0.044
0.047
0.051
0.068
0.094
0.124
0.158
0.199
0.246
0.297
0.346
0.395
0.442
0.486
0.53
0.573
0.607
0.618
0.61
0.586
0.52
0.429
0.328
0.243
0.184
0.162
0.15
0.129
0.081
0.017
-0.043
-0.089
-0.105
-0.11
-0.099
-0.082
-0.064
-0.054
-0.049
-0.045
-0.042
-0.041
-0.04
-0.039
-0.036
-0.032
-0.039
-0.046
-0.05
-0.054
-0.057
-0.06
-0.062
-0.065
-0.067
-0.071
-0.074
-0.078
-0.081
-0.084
-0.087
-0.09
-0.094
-0.097
-0.101
-0.104
-0.108
-0.113
-0.119
-0.126
-0.132
-0.14
-0.148
-0.153
-0.156
-0.159
-0.161
-0.163
-0.164
-0.164
-0.163
-0.161
-0.157
-0.152
-0.142
-0.124
-0.105
-0.09
-0.078
-0.066
-0.054
-0.039
-0.023
-0.006
0.005
0.011
0.016
0.018
0.02
0.023
0.026
0.026
0.018
0.008
0.0
-0.002
-0.004
-0.005
-0.004
0.004
0.016
0.031
0.046
0.06
0.07
0.077
0.081
0.083
0.085
0.087
0.088
0.087
0.086
0.085
0.083
0.082
0.081
0.078
0.073
0.066
0.06
0.053
0.047
0.043
0.04
0.035
0.029
0.027
0.026
0.024
0.024
0.027
0.031
0.034
0.024
0.015
0.009
0.005
0.001
-0.001
-0.003
-0.005
-0.009
-0.013
-0.017
-0.022
-0.027
-0.037
-0.047
-0.052
-0.055
-0.047
-0.023
0.009
0.054
0.113
0.181
0.251
0.317
0.376
0.425
0.464
0.495
0.519
0.528
0.531
0.534
0.518
0.471
0.382
0.273
0.175
0.122
0.103
0.097
0.083
0.036
-0.034
-0.105
-0.146
-0.16
-0.153
-0.133
-0.11
-0.104
-0.1
-0.098
-0.096
-0.096
-0.095
-0.094
-0.094
-0.093
-0.092
-0.09
-0.091
-0.095
-0.098
-0.1
-0.101
-0.103
-0.103
-0.102
-0.099
-0.096
-0.092
-0.089
-0.086
-0.082
-0.079
-0.076
-0.073
-0.07
-0.067
-0.061
-0.052
-0.047
-0.044
-0.042
-0.04
-0.039
-0.039
-0.041
-0.044
-0.047
-0.05
-0.054
-0.057
-0.057
-0.053
-0.048
-0.044
-0.04
-0.036
-0.031
-0.027
-0.021
-0.009
0.005
0.016
0.026
0.043
0.064
0.088
0.113
0.122
0.126
0.128
0.13
0.13
0.129
0.126
0.122
0.118
0.113
0.111
0.115
0.124
0.134
0.145
0.153
0.16
0.166
0.171
0.176
0.179
0.182
0.184
0.185
0.186
0.186
0.185
0.183
0.18
0.177
0.173
0.169
0.163
0.156
0.151
0.147
0.145
0.144
0.142
0.14
0.138
0.136
0.134
0.133
0.131
0.129
0.127
0.124
0.121
0.117
0.113
0.109
0.104
0.1
0.096
0.093
0.09
0.085
0.077
0.071
0.066
0.062
0.058
0.057
0.061
0.072
0.104
0.15
0.2
0.25
0.302
0.355
0.404
0.448
0.488
0.525
0.563
0.601
0.633
0.644
0.625
0.57
0.464
0.341
0.233
0.187
0.173
0.16
0.148
0.107
0.023
-0.061
-0.108
-0.124
-0.115
-0.089
-0.055
-0.042
-0.035
-0.03
-0.041
-0.05
-0.055
-0.06
-0.062
-0.063
-0.064
-0.065
-0.067
-0.068
-0.07
-0.073
-0.079
-0.084
-0.087
-0.089
-0.092
-0.093
-0.095
-0.097
-0.098
-0.099
-0.101
-0.102
-0.104
-0.105
-0.105
-0.106
-0.108
-0.11
-0.116
-0.131
-0.142
-0.147
-0.15
-0.154
-0.157
-0.159
-0.161
-0.164
-0.168
-0.171
-0.171
-0.166
-0.159
-0.153
-0.144
-0.137
-0.132
-0.123
-0.107
-0.089
-0.071
-0.054
-0.038
-0.024
-0.009
0.005
0.02
0.035
0.044
0.049
0.052
0.044
0.031
0.017
0.008
0.001
0.002
0.01
0.018
0.028
0.038
0.051
0.068
0.085
0.1
0.107
0.111
0.114
0.117
0.121
0.125
0.128
0.132
0.135
0.136
0.135
0.131
0.126
0.121
0.115
0.111
0.109
0.109
0.107
0.105
0.104
0.108
0.113
0.116
0.119
0.121
0.123
0.125
0.126
0.127
0.127
0.127
0.126
0.124
0.122
0.12
0.117
0.113
0.104
0.095
0.082
0.068
0.058
0.051
0.056
0.072
0.101
0.137
0.181
0.234
0.293
0.353
0.404
0.444
0.479
0.513
0.559
0.613
0.663
0.678
0.672
0.621
0.527
0.407
0.289
0.203
0.165
0.152
0.143
0.137
0.116
0.079
0.034
-0.011
-0.045
-0.058
-0.063
-0.066
-0.068
-0.068
-0.067
-0.067
-0.065
-0.063
-0.063
-0.07
-0.075
-0.08
-0.083
-0.085
-0.087
-0.088
-0.089
-0.091
-0.092
-0.094
-0.095
-0.096
-0.097
-0.098
-0.1
-0.101
-0.103
-0.105
-0.108
-0.112
-0.116
-0.121
-0.127
-0.132
-0.138
-0.147
-0.159
-0.166
-0.169
-0.171
-0.174
-0.176
-0.178
-0.179
-0.182
-0.186
-0.186
-0.179
-0.173
-0.169
-0.164
-0.16
-0.155
-0.146
-0.131
-0.119
-0.11
-0.102
-0.092
-0.077
-0.047
-0.015
0.011
0.021
0.023
0.025
0.026
0.025
0.016
0.003
-0.011
-0.021
-0.028
-0.028
-0.02
-0.009
0.004
0.017
0.033
0.048
0.058
0.061
0.062
0.064
0.065
0.065
0.066
0.065
0.065
0.065
0.065
0.065
0.064
0.063
0.062
0.06
0.059
0.058
0.057
0.055
0.052
0.049
0.047
0.044
0.042
0.04
0.037
0.033
0.03
0.028
0.026
0.025
0.023
0.021
0.019
0.016
0.014
0.012
0.009
0.007
0.003
0.0
-0.004
-0.005
-0.004
-0.001
0.003
0.017
0.049
0.095
0.148
0.199
0.25
0.303
0.36
0.412
0.461
0.51
0.556
0.594
0.606
0.596
0.566
0.471
0.345
0.228
0.145
0.122
0.115
0.105
0.09
0.045
-0.022
-0.075
-0.094
-0.101
-0.1
-0.09
-0.085
-0.081
-0.078
-0.077
-0.076
-0.074
-0.073
-0.071
-0.07
-0.069
-0.068
-0.067
-0.067
-0.067
-0.067
-0.066
-0.066
-0.065
-0.064
-0.063
-0.063
-0.068
-0.074
-0.077
-0.08
-0.082
-0.084
-0.086
-0.088
-0.091
-0.093
-0.096
-0.098
-0.101
-0.103
-0.105
-0.108
-0.112
-0.115
-0.116
-0.117
-0.117
-0.117
-0.117
-0.118
-0.118
-0.119
-0.119
-0.116
-0.112
-0.108
-0.104
-0.098
-0.093
-0.088
-0.083
-0.074
-0.06
-0.033
-0.008
0.015
0.029
0.038
0.043
0.047
0.049
0.049
0.046
0.041
0.035
0.03
0.021
0.017
0.019
0.025
0.034
0.047
0.058
0.072
0.091
0.105
0.112
0.116
0.12
0.122
0.122
0.121
0.119
0.117
0.115
0.112
0.11
0.107
0.103
0.099
0.095
0.092
0.09
0.087
0.084
0.082
0.081
0.079
0.078
0.077
0.076
0.075
0.075
0.074
0.074
0.073
0.072
0.071
0.07
0.068
0.067
0.065
0.064
0.061
0.059
0.055
0.047
0.036
0.028
0.029
0.047
0.073
0.107
0.15
0.202
0.255
0.306
0.348
0.381
0.406
0.429
0.457
0.487
0.516
0.532
0.53
0.502
0.422
0.308
0.191
0.11
0.08
0.068
0.057
0.029
-0.019
-0.074
-0.122
-0.145
-0.152
-0.144
-0.13
-0.116
-0.094
-0.073
-0.051
-0.038
-0.032
-0.028
-0.025
-0.023
-0.023
-0.024
-0.026
-0.03
-0.033
-0.036
-0.04
-0.043
-0.047
-0.051
-0.054
-0.056
-0.059
-0.062
-0.065
-0.067
-0.068
-0.067
-0.065
-0.063
-0.061
-0.06
-0.058
-0.057
-0.055
-0.054
-0.055
-0.057
-0.06
-0.064
-0.069
-0.077
-0.079
-0.08
-0.082
-0.083
-0.084
-0.083
-0.081
-0.077
-0.071
-0.061
-0.044
-0.035
-0.03
-0.026
-0.021
-0.018
-0.013
-0.004
0.01
0.02
0.026
0.033
0.04
0.052
0.061
0.065
0.067
0.06
0.047
0.034
0.029
0.025
0.022
0.022
0.023
0.027
0.033
0.052
0.074
0.087
0.098
0.106
0.115
0.121
0.125
0.129
0.131
0.131
0.129
0.126
0.122
0.117
0.111
0.104
0.098
0.094
0.091
0.088
0.085
0.083
0.081
0.079
0.076
0.074
0.073
0.072
0.07
0.069
0.067
0.066
0.064
0.062
0.061
0.06
0.059
0.057
0.055
0.053
0.046
0.034
0.028
0.022
0.023
0.033
0.047
0.064
0.092
0.129
0.17
0.212
0.252
0.287
0.316
0.344
0.376
0.411
0.443
0.467
0.476
0.469
0.45
0.393
0.314
0.229
0.161
0.126
0.113
0.104
0.081
0.031
-0.04
-0.121
-0.181
-0.19
-0.179
-0.139
-0.1
-0.079
-0.071
-0.069
-0.069
-0.071
-0.073
-0.075
-0.074
-0.065
-0.061
-0.058
-0.055
-0.053
-0.052
-0.051
-0.051
-0.051
-0.052
-0.053
-0.055
-0.056
-0.058
-0.06
-0.062
-0.065
-0.068
-0.072
-0.076
-0.08
-0.083
-0.086
-0.089
-0.092
-0.094
-0.096
-0.099
-0.104
-0.112
-0.117
-0.121
-0.124
-0.125
-0.125
-0.121
-0.115
-0.11
-0.105
-0.1
-0.096
-0.093
-0.09
-0.085
-0.08
-0.075
-0.069
-0.06
-0.048
-0.038
-0.03
-0.02
-0.009
0.0
0.008
0.02
0.028
0.031
0.033
0.034
0.034
0.029
0.023
0.018
0.011
0.007
0.007
0.01
0.015
0.023
0.037
0.049
0.057
0.065
0.073
0.082
0.091
0.096
0.099
0.102
0.105
0.106
0.107
0.107
0.107
0.106
0.105
0.104
0.103
0.1
0.098
0.095
0.092
0.089
0.086
0.083
0.079
0.076
0.072
0.069
0.066
0.063
0.059
0.054
0.05
0.046
0.043
0.04
0.038
0.035
0.032
0.028
0.025
0.022
0.018
0.011
0.011
0.02
0.045
0.083
0.128
0.169
0.206
0.242
0.277
0.309
0.335
0.358
0.382
0.416
0.458
0.497
0.51
0.502
0.446
0.354
0.257
0.18
0.141
0.128
0.118
0.11
0.084
0.008
-0.087
-0.169
-0.199
-0.21
-0.199
-0.168
-0.132
-0.093
-0.059
-0.044
-0.038
-0.036
-0.038
-0.043
-0.046
-0.047
-0.049
-0.051
-0.052
-0.054
-0.056
-0.057
-0.059
-0.06
-0.06
-0.061
-0.062
-0.062
-0.063
-0.064
-0.065
-0.066
-0.067
-0.069
-0.071
-0.072
-0.074
-0.075
-0.077
-0.08
-0.084
-0.088
-0.092
-0.096
-0.1
-0.104
-0.107
-0.111
-0.114
-0.115
-0.115
-0.114
-0.111
-0.108
-0.105
-0.099
-0.09
-0.084
-0.07
-0.046
-0.031
-0.027
-0.023
-0.018
-0.013
-0.007
0.004
0.018
0.024
0.027
0.03
0.034
0.037
0.042
0.047
0.047
0.04
0.031
0.023
0.021
0.02
0.019
0.02
0.027
0.034
0.039
0.045
0.051
0.071
0.089
0.094
0.097
0.099
0.1
0.1
0.099
0.098
0.095
0.091
0.081
0.073
0.069
0.067
0.064
0.061
0.058
0.056
0.054
0.052
0.049
0.046
0.041
0.036
0.03
0.025
0.018
0.012
0.007
0.003
-0.002
-0.008
-0.011
-0.012
-0.013
-0.015
-0.016
-0.017
-0.018
-0.018
-0.02
-0.022
-0.025
-0.019
-0.001
0.028
0.068
0.116
0.169
0.225
0.28
0.331
0.374
0.41
0.443
0.477
0.504
0.513
0.502
0.468
0.388
0.287
0.194
0.13
0.114
0.107
0.098
0.075
0.011
-0.067
-0.144
-0.2
-0.222
-0.222
-0.199
-0.162
-0.127
-0.107
-0.104
-0.1
-0.098
-0.095
-0.093
-0.092
-0.09
-0.089
-0.089
-0.089
-0.089
-0.09
-0.091
-0.093
-0.094
-0.096
-0.098
-0.099
-0.1
-0.101
-0.102
-0.103
-0.105
-0.107
-0.109
-0.111
-0.113
-0.115
-0.117
-0.119
-0.121
-0.122
-0.122
-0.123
-0.124
-0.126
-0.13
-0.141
-0.149
-0.153
-0.156
-0.158
-0.158
-0.157
-0.154
-0.151
-0.144
-0.13
-0.112
-0.098
-0.087
-0.078
-0.07
-0.059
-0.044
-0.026
-0.011
0.001
0.014
0.029
0.04
0.045
0.048
0.051
0.052
0.05
0.046
0.042
0.037
0.031
0.028
0.032
0.042
0.057
0.075
0.085
0.092
0.098
0.103
0.106
0.108
0.11
0.111
0.113
0.113
0.114
0.114
0.114
0.113
0.113
0.113
0.113
0.113
0.112
0.112
0.111
0.111
0.11
0.11
0.109
0.108
0.106
0.104
0.102
0.1
0.098
0.097
0.094
0.091
0.088
0.084
0.082
0.08
0.077
0.074
0.069
0.06
0.049
0.04
0.033
0.03
0.032
0.038
0.054
0.09
0.137
0.19
0.244
0.297
0.346
0.391
0.432
0.469
0.5
0.53
0.564
0.597
0.607
0.595
0.557
0.465
0.348
0.237
0.168
0.151
0.146
0.139
0.128
0.094
0.018
-0.061
-0.125
-0.14
-0.136
-0.096
-0.076
-0.072
-0.068
-0.066
-0.064
-0.062
-0.061
-0.06
-0.059
-0.058
-0.058
-0.059
-0.059
-0.061
-0.062
-0.063
-0.064
-0.065
-0.066
-0.067
-0.069
-0.07
-0.072
-0.075
-0.078
-0.082
-0.085
-0.088
-0.092
-0.096
-0.101
-0.109
-0.116
-0.121
-0.131
-0.14
-0.145
-0.148
-0.143
-0.14
-0.138
-0.137
-0.136
-0.134
-0.133
-0.131
-0.13
-0.128
-0.125
-0.122
-0.115
-0.107
-0.1
-0.092
-0.08
-0.069
-0.06
-0.054
-0.05
-0.045
-0.039
-0.027
-0.009
0.006
0.014
0.019
0.022
0.023
0.021
0.017
0.011
0.005
-0.002
-0.003
0.003
0.012
0.026
0.037
0.046
0.054
0.066
0.077
0.084
0.089
0.085
0.082
0.08
0.078
0.076
0.076
0.077
0.077
0.078
0.079
0.08
0.083
0.073
0.064
0.058
0.053
0.049
0.044
0.038
0.031
0.03
0.029
0.029
0.029
0.028
0.028
0.027
0.026
0.025
0.025
0.024
0.023
0.021
0.019
0.015
0.008
0.0
-0.003
-0.007
-0.009
-0.002
0.01
0.025
0.052
0.089
0.136
0.192
0.248
0.298
0.344
0.386
0.429
0.473
0.516
0.542
0.55
0.538
0.503
0.434
0.34
0.238
0.16
0.129
0.119
0.108
0.093
0.047
-0.045
-0.144
-0.223
-0.259
-0.261
-0.235
-0.189
-0.142
-0.104
-0.091
-0.086
-0.093
-0.105
-0.117
-0.123
-0.127
-0.129
-0.126
-0.119
-0.109
-0.099
-0.095
-0.093
-0.091
-0.09
-0.089
-0.09
-0.093
-0.096
-0.1
-0.103
-0.106
-0.11
-0.114
-0.118
-0.121
-0.125
-0.128
-0.132
-0.136
-0.14
-0.145
-0.15
-0.154
-0.157
-0.162
-0.166
-0.169
-0.171
-0.171
-0.169
-0.167
-0.164
-0.161
-0.158
-0.151
-0.145
-0.138
-0.127
-0.113
-0.099
-0.086
-0.072
-0.058
-0.043
-0.027
-0.011
0.004
0.018
0.033
0.042
0.049
0.052
0.049
0.044
0.036
0.023
0.014
0.008
0.005
0.005
0.008
0.014
0.03
0.053
0.077
0.1
0.124
0.138
0.149
0.158
0.164
0.167
0.169
0.17
0.173
0.176
0.18
0.183
0.185
0.187
0.189
0.191
0.193
0.194
0.193
0.191
0.19
0.188
0.187
0.185
0.183
0.18
0.177
0.176
0.176
0.176
0.176
0.175
0.174
0.177
0.183
0.187
0.176
0.164
0.154
0.147
0.142
0.137
0.132
0.132
0.136
0.148
0.183
0.23
0.28
0.329
0.378
0.429
0.482
0.535
0.582
0.621
0.654
0.68
0.688
0.681
0.659
0.593
0.501
0.402
0.322
0.277
0.26
0.244
0.218
0.157
0.07
-0.019
-0.087
-0.109
-0.109
-0.083
-0.06
-0.047
-0.034
-0.025
-0.019
-0.015
-0.015
-0.021
-0.029
-0.042
-0.051
-0.056
-0.059
-0.06
-0.059
-0.056
-0.055
-0.052
-0.051
-0.051
-0.055
-0.061
-0.072
-0.085
-0.092
-0.096
-0.096
-0.089
-0.084
-0.08
-0.077
-0.077
-0.079
-0.084
-0.091
-0.103
-0.116
-0.13
-0.139
-0.145
-0.148
-0.148
-0.145
-0.14
-0.137
-0.133
-0.13
-0.126
-0.123
-0.119
-0.11
-0.096
-0.082
-0.068
-0.057
-0.05
-0.045
-0.04
-0.032
-0.019
-0.007
0.001
0.008
0.019
0.031
0.043
0.052
0.058
0.062
0.06
0.049
0.032
0.02
0.017
0.014
0.015
0.023
0.031
0.039
0.049
0.063
0.081
0.095
0.104
0.107
0.104
0.098
0.094
0.091
0.088
0.085
0.082
0.078
0.075
0.072
0.068
0.063
0.058
0.052
0.045
0.039
0.033
0.028
0.028
0.029
0.031
0.032
0.034
0.036
0.035
0.03
0.024
0.016
0.006
-0.002
-0.005
-0.006
-0.008
