0,1,2,3,4,5,6,7,8,9,10,11,12,13,14,15,16,17,18,19,20,21,22,23,24,25,26,27,28,29,30,31,32,33,34,35,36,37,38,39,40,41,42,43,44,45,46,47,48,49,50,51,52,53,54,55,56,57,58,59,60,61,62,63,64,65,66,67,68,69,70,71,72,73,74,75,76,77,78,79,80,81,82,83,84,85,86,87,88,89,90,91,92,93,94,95,96,97,98,99,100,101,102,103,104,105,106,107,108,109,110,111,112,113,114,115,116,117,118,119,120,121,122,123,124,125,126,127,128,129,130,131,132,133,134,135,136,137,138,139,140,141,142,143,144,145,146,147,148,149,150,151,152,153,154,155,156,157,158,159,160,161,162,163,164,165,166,167,168,169,170,171,172,173,174,175,176,177,178,179,180,181,182,183,184,185,186,187,188,189,190,191,192,193,194,195,196,197,198,199,200,201,202,203,204,205,206,207,208,209,210,211,212,213,214,215,216,217,218,219,220,221,222,223,224,225,226,227,228,229,230,231,232,233,234,235,236,237,238,239,240,241,242,243,244,245,246,247,248,249,250,251,252,253,254,255,256,257,258,259,260,261,262,263,264,265,266,267,268,269,270,271,272,273,274,275,276,277,278,279,280,281,282,283,284,285,286,287,288,289,290,291,292,293,294,295,296,297,298,299,300,301,302,303,304,305,306,307,308,309,310,311,312,313,314,315,316,317,318,319,320,321,322,323,324,325,326,327,328,329,330,331,332,333,334,335,336,337,338,339,340,341,342,343,344,345,346,347,348,349,350,351,352,353,354,355,356,357,358,359,360,361,362,363,364,365,366,367,368,369,370,371,372,373,374,375,376,377,378,379,380,381,382,383,384,385,386,387,388,389,390,391,392,393,394,395,396,397,398,399,400,401,402,403,404,405,406,407,408,409,410,411,412,413,414,415,416,417,418,419,420,421,422,423,424,425,426,427,428,429,430,431,432,433,434,435,436,437,438,439,440,441,442,443,444,445,446,447,448,449,450,451,452,453,454,455,456,457,458,459,460,461,462,463,464,465,466,467,468,469,470,471,472,473,474,475,476,477,478,479,480,481,482,483,484,485,486,487,488,489,490,491,492,493,494,495,496,497,498,499,500,501,502,503,504,505,506,507,508,509,510,511,512,513,514,515,516,517,518,519,520,521,522,523,524,525,526,527,528,529,530,531,532,533,534,535,536,537,538,539,540,541,542,543,544,545,546,547,548,549,550,551,552,553,554,555,556,557,558,559,560,561,562,563,564,565,566,567,568,569,570,571,572,573,574,575,576,577,578,579,580,581,582,583,584,585,586,587,588,589,590,591,592,593,594,595,596,597,598,599,600,601,602,603,604,605,606,607,608,609,610,611,612,613,614,615,616,617,618,619,620,621,622,623,624,625,626,627,628,629,630,631,632,633,634,635,636,637,638,639,640,641,642,643,644,645,646,647,648,649,650,651,652,653,654,655,656,657,658,659,660,661,662,663,664,665,666,667,668,669,670,671,672,673,674,675,676,677,678,679,680,681,682,683,684,685,686,687,688,689,690,691,692,693,694,695,696,697,698,699,700,701,702,703,704,705,706,707,708,709,710,711,712,713,714,715,716,717,718,719,720,721,722,723,724,725,726,727,728,729,730,731,732,733,734,735,736,737,738,739,740,741,742,743,744,745,746,747,748,749,750,751,752,753,754,755,756,757,758,759,760,761,762,763,764,765,766,767,768,769,770,771,772,773,774,775,776,777,778,779,780,781,782,783,784,785,786,787,788,789,790,791,792,793,794,795,796,797,798,799,800,801,802,803,804,805,806,807,808,809,810,811,812,813,814,815,816,817,818,819,820,821,822,823,824,825,826,827,828,829,830,831,832,833,834,835,836,837,838,839,840,841,842,843,844,845,846,847,848,849,850,851,852,853,854,855,856,857,858,859,860,861,862,863,864,865,866,867,868,869,870,871,872,873,874,875,876,877,878,879,880,881,882,883,884,885,886,887,888,889,890,891,892,893,894,895,896,897,898,899,900,901,902,903,904,905,906,907,908,909,910,911,912,913,914,915,916,917,918,919,920,921,922,923,924,925,926,927,928,929,930,931,932,933,934,935,936,937,938,939,940,941,942,943,944,945,946,947,948,949,950,951,952,953,954,955,956,957,958,959,960,961,962,963,964,965,966,967,968,969,970,971,972,973,974,975,976,977,978,979,980,981,982,983,984,985,986,987,988,989,990,991,992,993,994,995,996,997,998,999,1000,1001,1002,1003,1004,1005,1006,1007,1008,1009,1010,1011,1012,1013,1014,1015,1016,1017,1018,1019,1020,1021,1022,1023,1024,1025,1026,1027,1028,1029,1030,1031,1032,1033,1034,1035,1036,1037,1038,1039,1040,1041,1042,1043,1044,1045,1046,1047,1048,1049,1050,1051,1052,1053,1054,1055,1056,1057,1058,1059,1060,1061,1062,1063,1064,1065,1066,1067,1068,1069,1070,1071,1072,1073,1074,1075,1076,1077,1078,1079
0.569,0.6887704352822931,0.7369404315248189,0.8741423552792592,0.9214854581963776,1.0088407533894426,1.0349999999999997,1.0293888084958531,1.0183320296345038,0.9805415478916604,0.984267605583836,0.9605968386274446,0.9489999999999998,0.9323117813724032,0.9042921215638976,0.8957761476864369,0.8630148873764633,0.8455072445829426,0.8179999999999998,0.7935165341130094,0.7822646694621553,0.7574953591991417,0.7478165997117902,0.7285493986489123,0.719,0.7129102452435077,0.7029318153122721,0.7049935067017565,0.6960980390953638,0.6967902640087156,0.6920000000000001,0.6871913660792865,0.6891475317150507,0.6854595029434952,0.6940449777178935,0.6972987410050467,0.707,0.7186409073145118,0.7296447840725601,0.7496917201921496,0.759041965190903,0.7717775723373912,0.7779999999999999,0.782873531611291,0.7909470389742181,0.7909546348508488,0.7962316140498389,0.7954606818883568,0.7979999999999999,0.800452686182599,0.8004991227350075,0.8061531293175325,0.8055600885483538,0.8087082680002073,0.805,0.7978416852184806,0.7915709432619954,0.7801158480072946,0.7688370338619347,0.7517186906182923,0.7379999999999997,0.7034758614767718,0.6486828934925911,0.5855086863728377,0.4935352799717634,0.3889177952307324,0.2579999999999999,0.1066158299313158,-0.0528377760640697,-0.2253888108906964,-0.3810114339990627,-0.5254209071238052,-0.624,-0.6531778975344511,-0.6526867023665917,-0.6042443613358817,-0.5012700489588248,-0.3716787231876193,-0.2269999999999997,-0.0733373671156202,0.0836830225880907,0.2374177955688984,0.3777554415465352,0.4971991628063575,0.589,0.6323272800005181,0.6460745618500604,0.6571168102616786,0.6611740534602037,0.6659546010033441,0.666,0.6647646634426534,0.6637113836867334,0.6566217520103852,0.6523042137013395,0.6424413562544967,0.6289999999999999,0.6072813203664856,0.5726770994288907,0.5348094510999696,0.491013750607448,0.4473143908362341,0.3999999999999999,0.347078322443955,0.2876803703584319,0.219939070376872,0.1508002660754702,0.0725860202565261,-0.011,-0.098224661050042,-0.1837964921750884,-0.2605874369476156,-0.3379021235658845,-0.4114324591744623,-0.4859999999999999,-0.5593644909536453,-0.6256134138364486,-0.6858014126520052,-0.7325215576602215,-0.7769596300631453,-0.8149999999999998,-0.8402255046216752,-0.8654155453595651,-0.8912049191441075,-0.9102120678826248,-0.9180587202373848,-0.9239999999999998,-0.9285401257310104,-0.9313286915264004,-0.9347889730965588,-0.9350742285097082,-0.9376041640676804,-0.9379999999999996,-0.937735555830972,-0.9379909704272382,-0.9355619688175008,-0.9343906156620998,-0.9299941163453465,-0.927,-0.921733043237331,-0.9140300949170884,-0.9073078616248652,-0.886855213223885,-0.856946144473246,-0.8289999999999996,-0.8052368864235496,-0.7731931082612985,-0.7332923539624588,-0.6972545358791574,-0.6509748569970375,-0.6079999999999998,-0.5810978616449256,-0.554012583719325,-0.5279722896834342,-0.5072445965455714,-0.4878028608193325,-0.464,-0.4460550791078206,-0.4379462333984424,-0.4308777687672113,-0.4263786286322618,-0.42074796782125,-0.4160000000000002,-0.4112779580201319,-0.4055055853448709,-0.4015816704435654,-0.3954961961944243,-0.3912552281890218,-0.385,-0.3779492368298844,-0.3729151656568192,-0.3652355829279414,-0.3579675724746386,-0.3461909377665526,-0.332,-0.3166531008581083,-0.2972306636672026,-0.2758360806957932,-0.2536477164032878,-0.2399175431644562,-0.2279999999999999,-0.2119198273562839,-0.1991752650386296,-0.1894780968813552,-0.1823624609119159,-0.1756651647534942,-0.1700000000000001,-0.164990956894088,-0.1606354921817051,-0.1553997958917428,-0.1457863586963112,-0.1330075370816272,-0.1149999999999999,-0.1016262258362214,-0.0937131417068017,-0.0849857169816008,-0.0806276985076757,-0.0759733743525171,-0.073,-0.0715298257944055,-0.0692959802244636,-0.0684193425651657,-0.0660241556872796,-0.0647104144648119,-0.061,-0.0581369735875219,-0.0568844646729854,-0.0563534887608252,-0.0633097410655293,-0.0704474841742212,-0.083,-0.1019348779653921,-0.1270572888025392,-0.1685744478408568,-0.2136908527828163,-0.2596775712872895,-0.3110000000000001,-0.36507384702438,-0.4174370860904161,-0.4620613019012206,-0.505398459474968,-0.5472687511353055,-0.5919999999999997,-0.6368757541599585,-0.6653292921469989,-0.6881316719740076,-0.714498426389849,-0.7370662255550919,-0.755,-0.7682133508473666,-0.7741516647101881,-0.7759481406084987,-0.7775497981971535,-0.778126338501129,-0.78,-0.7812278076367195,-0.7783945095618303,-0.7707702039943308,-0.7592565867478559,-0.7475880556546262,-0.7339999999999999,-0.7212470924087158,-0.7094654488567815,-0.6954295107359455,-0.6812916350322871,-0.6658094508324365,-0.6499999999999999,-0.6340116933355323,-0.6209955102531851,-0.6109091382201719,-0.5992695830409807,-0.5875153530297255,-0.573,-0.5600171241700965,-0.5502471467536799,-0.5392130901520289,-0.5267598332052669,-0.5136313254507457,-0.5049999999999998,-0.4967551186958505,-0.489682187040632,-0.485091767048585,-0.4783664276088958,-0.4743197203053833,-0.469,-0.4643916753756609,-0.4623609544653713,-0.4590575037253498,-0.4573627425254309,-0.4543544423783883,-0.4529999999999999,-0.4515849844131092,-0.4492912569804794,-0.4481083834982613,-0.444547864735106,-0.4426752894243852,-0.439,-0.4361727792099515,-0.434055779481761,-0.4292173654035643,-0.4272189450431863,-0.4216074358620817,-0.4170000000000001,-0.4105323677977973,-0.3965932945774437,-0.3868546975522791,-0.3786988815663072,-0.3733294323115356,-0.3699999999999999,-0.3656010641870516,-0.3631100461943456,-0.3604731352527265,-0.3601201829906346,-0.3599408725697378,-0.3619999999999999,-0.3670129768214493,-0.3728035129053943,-0.3808578231255609,-0.3881667169164094,-0.4026492369060689,-0.4199999999999999,-0.4288977412024329,-0.4335991919726845,-0.4369115254630688,-0.4403348193773046,-0.4422525944483407,-0.444,-0.4451139313787645,-0.4442775934333869,-0.4430831087528463,-0.439352090125193,-0.4365854518932071,-0.4340000000000001,-0.432148690292793,-0.4305119012395167,-0.4269085810265002,-0.4255525517139618,-0.4220995530003179,-0.4189999999999999,-0.4167244458819415,-0.4135650260156334,-0.4120241173295118,-0.4086362907526339,-0.4081394926461695,-0.4069999999999999,-0.4050177740268396,-0.404296909902255,-0.4011832615336491,-0.4009933959593063,-0.3951200373148069,-0.387,-0.386484749071843,-0.3919378488552428,-0.4082056098860643,-0.4381085117522647,-0.4903514319904638,-0.5629999999999997,-0.6578245945904437,-0.7755642636324763,-0.9058950093060352,-1.0508581163885065,-1.189436892715636,-1.3169999999999995,-1.4162621994960485,-1.4490866292208724,-1.449521537671329,-1.4145025068175454,-1.3184055733973836,-1.1949999999999996,-1.0513377511913475,-0.8908127586144075,-0.7245086733555162,-0.5568106950342565,-0.4040180060156242,-0.27,-0.1606005901940667,-0.0895736957520531,-0.0584279149239598,-0.0471302956459803,-0.0371089984956081,-0.0309999999999997,-0.0277260454943454,-0.0238853969825827,-0.0177851757446711,-0.0049718737423488,0.0141957166033125,0.036,0.0561722488671415,0.0753502039911835,0.0939252649878551,0.1105842847259545,0.1290073902988776,0.1499999999999998,0.1659393036551404,0.1737073275753992,0.17954478314136,0.1851705628537972,0.1914277789776372,0.1990000000000001,0.2056370664959396,0.2126315822311022,0.2173639511179751,0.2203619315274981,0.2248860253654024,0.2280000000000001,0.2311795259960163,0.2349985547149921,0.2370062250854949,0.2388647482021715,0.2415582663272749,0.244,0.2456907936017023,0.2473169957192211,0.2489959781302028,0.2507014339396875,0.2522507839704178,0.253,0.2537801955446659,0.2548013329182069,0.2550168285400217,0.2551691130870392,0.2562377398712366,0.2569999999999998,0.2577231984916201,0.2593778119727784,0.2606378599894404,0.2611472665993054,0.2607868807469897,0.258,0.2523599265653445,0.2451343842701708,0.2370965022358605,0.2284140893177187,0.2175209889507483,0.2039999999999998,0.1948237463650031,0.1929907758239922,0.1927436110725095,0.1913322672405309,0.1897366344263426,0.1889999999999998,0.1882274810758517,0.1872114783147996,0.1868608330158258,0.1874867760607577,0.1909157872226826,0.1959999999999999,0.2010076095407127,0.2055775399550723,0.2088935286270212,0.2126209281184946,0.2168237955997122,0.2209999999999999,0.2252084615653268,0.2292344106495477,0.2336567276327663,0.2374633573886984,0.2420747637331534,0.248,0.2564834193363765,0.2715185265029989,0.2861922546070096,0.2980290210935122,0.3163032468518378,0.3399999999999999,0.3655723964026065,0.3931984120877277,0.4189870269883842,0.43946685764063,0.4548183126939308,0.4679999999999998,0.4776709350055721,0.4835567533944675,0.4898713817885209,0.4942720522220821,0.494863028937609,0.4919999999999997,0.485553441805362,0.4773845049096011,0.4690669697959976,0.4600268944124385,0.4473029909182978,0.4359999999999999,0.4258019979479035,0.4086139572726947,0.3856685509576106,0.3597576383852491,0.3395561300009668,0.32,0.2912223810182719,0.2581089239765073,0.2149589763571453,0.1772202302133598,0.1530730317993655,0.1229999999999999,0.0969126716133725,0.0787667849254377,0.0629937625459278,0.0492041830224802,0.0328866590245872,0.022,0.0137790945889441,0.0061200836252052,0.0003331296800429,-0.0089881610875215,-0.0175445725184104,-0.025,-0.0295249557813678,-0.0323364078204034,-0.0361126196322686,-0.0373437407927011,-0.0395468632859756,-0.0409999999999999,-0.0416556412912603,-0.043467645844748,-0.0448283826696161,-0.0467890295420207,-0.0483344959398152,-0.051,-0.0528922636551356,-0.0535018401890542,-0.0546825369374678,-0.0552007172275763,-0.0562160221017058,-0.0569999999999997,-0.0586019571635774,-0.0603035841840547,-0.062661100315697,-0.0669288435337047,-0.0769617539972942,-0.0979999999999998,-0.1183135529792464,-0.1390220949518195,-0.1631474579180606,-0.1799021572769468,-0.1951947445588752,-0.209,-0.2183441801491244,-0.2257045174139769,-0.2316130389737863,-0.2388805740592224,-0.2437971225105247,-0.2489999999999999,-0.2549589892821275,-0.2615934447403145,-0.274031856355232,-0.2868966874687134,-0.299839974476219,-0.317,-0.3393593712851767,-0.3600377227470905,-0.3732995296929658,-0.3841699153114715,-0.3925022063425815,-0.4009999999999999,-0.4096101464552023,-0.4165954119743663,-0.4256246275266607,-0.4344458875838567,-0.4440411146459549,-0.4539999999999999,-0.4639761625280069,-0.472745143773086,-0.4777944217978633,-0.4832930469732899,-0.487746445589755,-0.4919999999999997,-0.4957038002469849,-0.4958743446729592,-0.4918156653251043,-0.481409852740742,-0.4709744047016655,-0.4569999999999997,-0.4382128775149331,-0.4247138800299463,-0.4121832855585001,-0.3988497176803172,-0.3864450991255747,-0.3729999999999999,-0.3610367422303479,-0.3516133138506179,-0.3421810473250015,-0.3319837833950728,-0.3216872337273155,-0.3050000000000001,-0.2816822386417493,-0.2596820738967427,-0.241804797354556,-0.2274648668797848,-0.2130499420050481,-0.1990000000000001,-0.1850855136022027,-0.1691148891799794,-0.1549231632749227,-0.1436957299192605,-0.1327585203290266,-0.1219999999999998,-0.1129859375010473,-0.1002356270754927,-0.0809424622185941,-0.0614843668210707,-0.043332923849298,-0.0240000000000001,-0.0058943375017668,0.0067674301686227,0.021763715955223,0.037259156569589,0.0440310959272409,0.0509999999999997,0.0564385553893779,0.0598917161034534,0.064454142146342,0.0650617242200868,0.0677250198666693,0.0689999999999999,0.0686792043782846,0.0701577144534516,0.0695081745549909,0.0706961715157202,0.0708238121761432,0.0709999999999999,0.0728082778208315,0.0735851711706876,0.0740878377682342,0.0685665478075913,0.0482427711103116,0.006,-0.052977538150896,-0.1351368257860587,-0.2477673436480809,-0.3854954606261102,-0.5537751880278152,-0.7399999999999999,-0.9345690696785486,-1.1274975820107356,-1.3027219524157183,-1.4429611918873846,-1.5060463227892291,-1.5029999999999997,-1.4335294218516457,-1.25763885093384,-1.005274636339819,-0.7157140644634084,-0.4292234377425104,-0.1839999999999998,-0.0147183869933482,0.0511734842641825,0.0723934616347027,0.080242055127914,0.0682869315402484,0.0589999999999997,0.0513937431306884,0.0591017173960109,0.082780239442271,0.1066262333425768,0.1285461304257217,0.1369999999999998,0.1417700320274109,0.1459155241169969,0.146333381183234,0.1491422348276977,0.1501992929755513,0.1539999999999998,0.1584638105796116,0.161372780103979,0.1653047109402677,0.1682257013611341,0.1731064425265259,0.1779999999999999,0.1841618849081694,0.1957739542075816,0.2121270544642668,0.2250480422719261,0.2296501504332631,0.2339999999999999,0.2375476262028532,0.2403832541751907,0.2440192950587217,0.2454592265811299,0.2474451614828863,0.2490000000000002,0.2513513953260213,0.2537980305329732,0.2541699173359433,0.2558063324442953,0.2571812614176448,0.2579999999999999,0.2580951134628167,0.2578913619303524,0.2578202160358954,0.2564225972061736,0.2559703759557346,0.255,0.2539921433434469,0.2541205258028767,0.2538304540615349,0.254150062179104,0.2539494245359692,0.2549999999999998,0.2568426413733701,0.2574593454673758,0.2591393537862164,0.2603006114747963,0.261291292152244,0.2629999999999997,0.264621151446982,0.266465569681477,0.2677408822065464,0.2702398726003394,0.2736469964062333,0.2770000000000002,0.28116491781743,0.2855863693224993,0.2929219795814218,0.3031833264203875,0.3128455041678779,0.322,0.3311867709466894,0.3402642354840769,0.3498601381800409,0.3601293377561542,0.3698267988359447,0.378,0.3859860627693146,0.3992622089844992,0.4201187884155177,0.4408411552507724,0.460045060008133,0.482,0.500341966925866,0.5113175051504698,0.5208621596702735,0.5308998072862008,0.5397954175199619,0.5509999999999999,0.565260998778125,0.5780643245533975,0.5908694650315488,0.604280646728486,0.617918682003514,0.6339999999999998,0.6491460668482134,0.6642255794838533,0.6813086664512483,0.6971131994642558,0.7118516845300077,0.7240000000000001,0.7325364026334049,0.7390721416553002,0.7432059042582663,0.746110796916698,0.7483776220146071,0.7499999999999999,0.7516976916623948,0.7528213543781255,0.7530938200976974,0.7527028388971785,0.7503131234539042,0.7459999999999998,0.7411113513528194,0.7352208268830435,0.7302980351975051,0.7263629159149441,0.722302334188973,0.7199999999999999,0.7175353290987823,0.715493250708032,0.7138515185433043,0.7107485692786427,0.7086326757883968,0.7059999999999998,0.7033699941130129,0.7012441355565584,0.6981467224393019,0.6966200474038016,0.6958172684194311,0.695,0.6941516974017684,0.6938838734089475,0.6937973345987072,0.6924766237023524,0.6918709904520194,0.6899999999999995,0.68820446832385,0.6864730106624658,0.6819738621184918,0.6713927617472747,0.6490913100385974,0.6289999999999999,0.6102019450402508,0.5819689496282316,0.5600529672944331,0.5349854144359368,0.4940048672551589,0.444,0.3774776845739778,0.2957760595887732,0.2076268226041569,0.1188939351387598,0.0363417069988229,-0.03,-0.0705817296823077,-0.090116626840097,-0.0871469031081713,-0.0580173916398208,0.0083725922259691,0.1259999999999999,0.2744011989330399,0.4381082818672224,0.6050939598456695,0.7542685582588499,0.8857759368741901,0.9939999999999998,1.0846940024266996,1.162842070438597,1.2019058962875475,1.2119876246007475,1.2171628648053467,1.202,1.1637162393948466,1.1184806873361048,1.062631062611225,0.9963618052624634,0.9354668992866748,0.8799999999999998,0.8366097164713738,0.8174118164309162,0.8056232409645429,0.7910386012682081,0.7724085420980725,0.7399999999999999,0.6951527729913259,0.6400136484503519,0.5749317209488309,0.501618777572273,0.4203324218723775,0.3369999999999999,0.2577770923985741,0.1893697015600018,0.1344325583782376,0.0886900373706988,0.0527351957388397,0.0280000000000001,0.0122443330983259,0.0037244314704553,0.0006454603195236,-0.0004446730681711,-0.0025505248033642,-0.0059999999999999,-0.0101053168965787,-0.0149201476472322,-0.0198645888826084,-0.0230337129820351,-0.0256120856949448,-0.03,-0.0378487649245279,-0.05022967624847,-0.0653875740428727,-0.08362153920128,-0.101038627686141,-0.1129999999999998,-0.1245035380070604,-0.1369807212933191,-0.150225288748106,-0.1675482780819,-0.1897340747943637,-0.2129999999999998,-0.2310366740000802,-0.2449326370648513,-0.2568891263303243,-0.2669348764256744,-0.2770528191291551,-0.2879999999999999,-0.3019577222995117,-0.3166107474024304,-0.3303774778432853,-0.3471189224075399,-0.3656890560371205,-0.3829999999999999,-0.3980156304595776,-0.4143291648184361,-0.4342869774233437,-0.4557518313711623,-0.4785318912453914,-0.4980000000000001,-0.5101541218885148,-0.518779995888611,-0.5264309226548852,-0.5318556289989717,-0.5358122483277856,-0.5399999999999999,-0.5413666077601458,-0.5375762874880147,-0.5305908450615102,-0.5229808547308253,-0.5155000975648332,-0.5079999999999997,-0.4985574108720972,-0.4835982349582057,-0.4678742622178289,-0.4520640163704748,-0.4288524098509785,-0.4040000000000001,-0.3831096156895663,-0.3614663836731537,-0.3372406181913647,-0.3113893767460284,-0.2816155788892659,-0.2479999999999999,-0.2140859089799413,-0.1766618789558073,-0.1388290836329779,-0.106537902785883,-0.0760699495446824,-0.05,-0.0282256134095318,-0.0084307134356192,0.0062196044156851,0.0193377323936917,0.0326364569315861,0.047,0.0631317271778125,0.0748649278426288,0.0820691632424665,0.088580676765809,0.0956086899876176,0.1069999999999999,0.1227589990397993,0.1390540296237536,0.1569263506233529,0.1722819472653405,0.180150549735248,0.1849999999999998,0.1884564974434321,0.1911669136241465,0.1919826901371394,0.1879128863776916,0.1816105523572448,0.1730000000000001,0.1642899713234536,0.1593355592622755,0.1560918891265348,0.1524076557628054,0.1482158000850124,0.145,0.1409632008223404,0.1368528104667941,0.1351630294514624,0.1329497990909578,0.1306347472492795,0.1289999999999999,0.1259408395673739,0.1199975652957411,0.1126232520824005,0.1071164417168807,0.1049525191718037,0.108,0.1130789473796048,0.1181984965156786,0.1257475157764533,0.132149501815853,0.1354980040256525,0.137,0.1377662667523095,0.1392908509643324,0.1408273470337178,0.1406063364400934,0.1386124159456309,0.1379999999999999,0.138796291448364,0.1402105943902145,0.1418745902518942,0.1418688031363183,0.1421135656568555,0.142,0.1410566848614655,0.1410811588320609,0.1405559735796308,0.1396793916574148,0.1387791612083,0.1369999999999999,0.1330533659929667,0.1277830718723827,0.1237870926656384,0.1211783799594336,0.1212210403546959,0.1219999999999999,0.1203962120887484,0.1191337740272135,0.1181222178777903,0.1112801561597123,0.0981788690918291,0.084,0.0682799306116348,0.0530171919964412,0.0410836160950751,0.0291577209808218,0.0178481901945205,0.0070000000000001,-0.0039038646418001,-0.0148882985335033,-0.0282224119288804,-0.0405100996942669,-0.0496096414510475,-0.056,-0.0608850234850231,-0.0668818290005865,-0.0708779169950394,-0.0702594899284567,-0.065769534441262,-0.0569999999999998,-0.0461243350721751,-0.0352176892200463,-0.0205307424182267,-0.0034066423104261,0.0090711619129152,0.0180000000000001,0.0242698670914082,0.0265971843666324,0.0274749384435229,0.0286042140564288,0.0318385266129322,0.0369999999999999,0.0449506115728085,0.0557733486978189,0.0660006067924368,0.075998554247943,0.084412666701023,0.0900000000000001,0.09502131444715,0.0995665986484905,0.1022907745163855,0.1008300602952851,0.095964719488773,0.092,0.0909276817960387,0.0920153417168381,0.0951717772413181,0.1000259861462565,0.1049597717252938,0.1089999999999997,0.1100509058411933,0.1106507734704689,0.1151852187337576,0.1216203884448121,0.1283715805286488,0.1349999999999999,0.1402826655996797,0.1422214404476303,0.1413710293518563,0.1409098641498173,0.1411767308840322,0.1439999999999998,0.1483045293763125,0.1511787952429651,0.1526119516592548,0.1509296615156743,0.1471977644705958,0.1430000000000001,0.1401704296180009,0.1404018723615152,0.1422743559411223,0.145210912070214,0.1472760807579256,0.1480000000000001,0.1472783573859968,0.1468962442964651,0.1508869668461048,0.1556771408846712,0.1584030577655369,0.1590000000000002,0.1574257286757598,0.1547247693751654,0.1498567994067642,0.1456660183734549,0.143612129086178,0.1410000000000001,0.1376705022608813,0.1347016172552676,0.1336647482336238,0.1344037480468445,0.134976998732525,0.133,0.1288675378889267,0.1242698939209536,0.1180556679039059,0.1115103294215813,0.1058913794704678,0.0999999999999997,0.0933867433506016,0.0865509377812136,0.0803809319822083,0.075077978184121,0.0729228652423653,0.074,0.0742129877827184,0.0727174120858755,0.0709608776157834,0.0694565117965654,0.0690952136031412
0.0710000000000001,0.0742849275709642,0.0778491136356986,0.0797489583732015,0.0778513492803896,0.0742774312571193,0.0710000000000001,0.0698238599054209,0.0717459504097158,0.0750954585090133,0.0777129650515632,0.0764737406386923,0.074,0.0724299576912031,0.0703024950781476,0.0704161868728154,0.0710740630721011,0.0711113832182914,0.0719999999999999,0.06989974676487,0.0645664472068457,0.0576897500383032,0.0498901057008534,0.0425731619591793,0.0359999999999998,0.0323468406979484,0.0308129367488534,0.0285341373474021,0.0258637984817828,0.0222428647771181,0.02,0.0207757685554499,0.0216559738286675,0.0226282305397451,0.0229166917689887,0.0215881303434335,0.0170000000000001,0.0078918675293348,-0.0007451323197285,-0.0094236663266346,-0.0181794355160937,-0.0240999313055014,-0.0299999999999998,-0.034353203584603,-0.0380666219796127,-0.042803272059577,-0.0461967276593335,-0.0482253950359369,-0.0479999999999999,-0.0486860702927964,-0.0494235896020831,-0.0483044016873514,-0.0476836333944846,-0.0455013084380557,-0.0439999999999999,-0.0403985092512274,-0.0327713548153171,-0.0257940881468357,-0.0150987617148537,-0.0027281853200414,0.008,0.0217465044917397,0.0389805512311957,0.0554529643724688,0.067295709286867,0.0783192776936714,0.0889999999999999,0.0958915297711289,0.101491099924998,0.1084689390645863,0.1180682202465557,0.1278835046989188,0.1379999999999999,0.1497860901167455,0.1599414750091944,0.1715367610757877,0.1875024721250946,0.1981565517506003,0.1960000000000002,0.179103856552987,0.1363775551973965,0.0660428640642181,-0.0250101353092955,-0.1400086109582614,-0.2799999999999999,-0.4481738883381522,-0.6380800420068071,-0.8324831085368877,-1.017717569180422,-1.172804163573789,-1.2840000000000005,-1.3322305068795677,-1.2955210390806802,-1.17003232699973,-0.9598025189417908,-0.688252294506753,-0.3869999999999998,-0.1019546826118069,0.129045818698028,0.2926043943845122,0.3656217068898174,0.3801217269424579,0.3729999999999999,0.3366843781914461,0.3103944892964258,0.3066144372153059,0.3026993942818531,0.3062772031866093,0.3109999999999996,0.315522146170244,0.3229177080366259,0.3271623802419547,0.3301099947817106,0.3325324538147782,0.3360000000000001,0.3378666629247662,0.339126112148402,0.3406359402079144,0.339375599224391,0.3390310501344621,0.3390000000000003,0.3411925272086818,0.3445809133101168,0.3450174080546507,0.3447927896466666,0.3423511180327124,0.3399999999999998,0.3385226981568875,0.3353602773863394,0.3318207256036626,0.3267360755345265,0.3208778174511948,0.3159999999999999,0.3119764863769714,0.3054769062536523,0.2972341709048548,0.2924407727605584,0.2879991259309122,0.2839999999999998,0.2824359269974272,0.278655335604807,0.2710165480151044,0.2604433137255303,0.2471220308809439,0.2319999999999999,0.2184010344087808,0.2070335097419884,0.1981275171037267,0.1935080871252138,0.1888067710786661,0.1809999999999998,0.1711156888170813,0.1607611263451614,0.1517944434757011,0.1441656065160094,0.1392938087552654,0.1369999999999997,0.1347974341223868,0.1279679622247632,0.1139945489601992,0.0998088732797897,0.0905964141945462,0.087,0.0870720407688134,0.0850796036124093,0.0786089587393193,0.0688094696759548,0.0577840917802574,0.0469999999999999,0.0376235864160411,0.0303064269093547,0.025470805153573,0.0232306922147451,0.0202692173201329,0.0169999999999999,0.0153396512167362,0.0131453011109758,0.0101215294853109,0.0065064884740719,0.0035864147814182,0.0029999999999999,0.0038590794515937,0.0037248795774327,0.0015196967415205,-0.0010771881776898,-0.0048919435191209,-0.0089999999999999,-0.0115472783084099,-0.0135904600204994,-0.0140715991175448,-0.0140627750093986,-0.0138559354942654,-0.0130000000000003,-0.0131028315344627,-0.0109855196334438,-0.0052795891535644,0.0022430745172472,0.0121628520022788,0.0229999999999999,0.0322578525011877,0.0412634671317362,0.0500863975320933,0.056077056849234,0.0609955267287295,0.0649999999999999,0.0667101311845994,0.0683899067724069,0.0693858585676382,0.0683222907927433,0.0652513491783613,0.0609999999999998,0.0560376235269157,0.0513886942010021,0.0478639689710425,0.0428991923570507,0.0396479051364336,0.0380000000000001,0.0346839488076964,0.0299754065684719,0.0171064491898735,0.0010238407577397,-0.011496156414658,-0.0250000000000001,-0.0367593050508269,-0.0492760142774196,-0.0631986098128355,-0.0768097938278045,-0.094781802264381,-0.111,-0.1220974443921193,-0.1305117512088372,-0.1360900810384099,-0.1410547293082056,-0.147528492592678,-0.1570000000000002,-0.1677059347287929,-0.1800505849250248,-0.1907133589205501,-0.1957460965184126,-0.2027156201499897,-0.2109999999999998,-0.2190295207641006,-0.2289599357466421,-0.2352759102702541,-0.2426765803394167,-0.2542987578286125,-0.2640000000000001,-0.2731840854838283,-0.2812528977982546,-0.2889780847630304,-0.3015808767372988,-0.3157610257657413,-0.3299999999999999,-0.3451269273509795,-0.3594945868613814,-0.377058528644169,-0.3939914640934375,-0.403456045915704,-0.4099999999999996,-0.4151243189861531,-0.4202557874976005,-0.4270873149112765,-0.4311175832341005,-0.4319855594883198,-0.4299999999999999,-0.4258114830623166,-0.4218519943560238,-0.4166253862862354,-0.4107947738599382,-0.406055034231945,-0.3999999999999999,-0.3910618943646391,-0.3800000869030383,-0.3668193787920269,-0.3519583300104606,-0.3371075333594991,-0.3239999999999999,-0.3144799527132147,-0.3076815006027587,-0.3006330738687084,-0.2929530241524316,-0.2854066085687138,-0.2750000000000001,-0.2608172033683982,-0.2477806693761101,-0.2355424608169847,-0.223607597492897,-0.2172853965926848,-0.2159999999999999,-0.2152592825811412,-0.2136932765032415,-0.2120124642461608,-0.2102766585544128,-0.2087751724065705,-0.2079999999999999,-0.2070914240660815,-0.2074258085303972,-0.2089503067877653,-0.2108971662865714,-0.2134652942993282,-0.215,-0.2166371335433946,-0.2178889506336715,-0.2182703314526689,-0.2195491459749444,-0.2199724858262887,-0.2199999999999997,-0.22147243410058,-0.2250328639934675,-0.2300923400311065,-0.234800160988457,-0.2386607151389567,-0.241,-0.2433792935741837,-0.2466484621917949,-0.2502651243954427,-0.254993121494482,-0.2600008777392728,-0.2649999999999999,-0.2685802212379186,-0.2699505718404346,-0.2691865566372063,-0.264904230600351,-0.2587035760980691,-0.2520000000000001,-0.2460648766244001,-0.2398221302202341,-0.2284968235659532,-0.2145983434731631,-0.2025778916851605,-0.186,-0.1596774790654706,-0.1337986630121753,-0.1169524220382529,-0.1060409134542429,-0.0973527884127988,-0.0900000000000001,-0.0849169530627165,-0.0796007173620576,-0.073252839022703,-0.0678465908867003,-0.0617773990348288,-0.057,-0.0536457577830113,-0.0509008926657384,-0.0476761086113434,-0.0386546523336913,-0.0266361295901965,-0.0149999999999999,-0.0025110250281639,0.0086163157269887,0.0105616107499502,-0.0011626964481014,-0.026641685540376,-0.0759999999999999,-0.1489242661806409,-0.2466649757830628,-0.3803829360248779,-0.5408484231045652,-0.7242314817279681,-0.916,-1.100883956844102,-1.266684562523282,-1.3562587210705075,-1.3737769746815969,-1.3376691856689027,-1.1929999999999998,-0.9601572170594403,-0.683849864101196,-0.3892100067873402,-0.1303964589878311,0.0806624269983282,0.213,0.2590816817046115,0.2791997830314584,0.2721845309251829,0.2443532074314158,0.2286649854657279,0.2169999999999999,0.2090190144825204,0.2038255015634886,0.2012749466689206,0.2044160433254331,0.2063029105819685,0.2089999999999999,0.2115062409984491,0.2155067417090584,0.2212034570284673,0.2238647217793953,0.2264979771159957,0.2269999999999997,0.2261006116264664,0.2250182484877281,0.2223486923677608,0.220006261298724,0.2161660788275947,0.214,0.2148699706480669,0.2150600245264747,0.2147659853723653,0.2132129986418818,0.2119374056281074,0.2129999999999999,0.214007053104683,0.2134384634933759,0.212190661169949,0.2099792445697819,0.2076186824336944,0.2059999999999998,0.2035000868152072,0.2015717451218996,0.199745634723106,0.1968618093513263,0.194519989075349,0.1909999999999999,0.1860474485247519,0.1808474498028473,0.1767918789217412,0.1737329573183322,0.1704231323575724,0.169,0.1682561819331526,0.1667774557276551,0.1643057869783804,0.1604403230782593,0.157508044076452,0.155,0.1525142515881919,0.1491138532078074,0.1433738701534256,0.1381322156793448,0.134236601245715,0.13,0.1250783669432495,0.1190093431111828,0.1110483093761994,0.1025283316308604,0.0913712161171589,0.0770000000000002,0.0664931827615112,0.0596153434142282,0.0533392504293873,0.0477296424852959,0.0419157317911839,0.0380000000000001,0.0354252977595554,0.0340758682417221,0.0337533518691076,0.0324362856203454,0.0320347495894865,0.032,0.0304848750089928,0.0278508131133319,0.0265141871821939,0.0277100542002317,0.0307832074966365,0.0349999999999998,0.0368304747521773,0.0385542835633854,0.0424676247962547,0.0469713713156122,0.0533412310143477,0.0589999999999998,0.0645599951000643,0.072605489374801,0.0805972505426081,0.0853296109010473,0.0859574759661849,0.0859999999999998,0.0866715814469692,0.0898366493238852,0.0950525501225514,0.0978708260035831,0.1006897965362617,0.1040000000000001,0.1058386054009784,0.1056888261185162,0.1038098314681641,0.1027562427324829,0.1032741654138113,0.106,0.1079693978061087,0.1078129967323991,0.1086121774987427,0.1090003243034381,0.1091006094538501,0.11,0.1101673969864407,0.108739071564417,0.1072428031814894,0.1068819151013916,0.1056172656554177,0.1029999999999999,0.0989562728728205,0.094408622484188,0.0913609671202652,0.0891101944109323,0.0863303314627304,0.0820000000000001,0.0770425778469546,0.071389705579527,0.0659814545972643,0.0630368795655165,0.0604285823729021,0.0579999999999998,0.0570523094181365,0.0570096325844078,0.0567030393151737,0.0553932094147183,0.0535912974769102,0.0509999999999998,0.0477220085150561,0.0441446116164404,0.0418554923019194,0.0403148792320054,0.0388435483700112,0.0389999999999999,0.0375537629759612,0.0349203536013836,0.0322555191667363,0.0286209660881592,0.026749313934705,0.0249999999999999,0.0225238057950573,0.0194720395614907,0.0159198753029065,0.0125322313675009,0.0081520453989395,0.005,0.0010429237059409,-0.0037128587137585,-0.0067610459719503,-0.010603047049254,-0.0134308858712514,-0.0160000000000002,-0.0193625123782504,-0.0229825355040464,-0.0284913739187133,-0.0342851238746781,-0.0401690749454734,-0.0450000000000002,-0.0483966628955774,-0.0506971802849126,-0.0512424975457889,-0.052891896229638,-0.0555451902305273,-0.0590000000000001,-0.0639571949968333,-0.0690660997531153,-0.0736668442975018,-0.0774287210226645,-0.080521527863601,-0.082,-0.082786226052755,-0.0837859417678792,-0.0840911858205096,-0.0838897633854919,-0.0841954585094194,-0.0859999999999999,-0.0869511537564687,-0.0875315563378106,-0.088372963195389,-0.0875606759148708,-0.086908545528884,-0.0859999999999999,-0.0850859900040343,-0.084480507791003,-0.0833020971691723,-0.0829766716288399,-0.0830409109115678,-0.084,-0.0856971511272162,-0.0868866543295479,-0.0866165433711915,-0.0859116151006658,-0.0874197536733405,-0.0889999999999999,-0.089804691969363,-0.0911151292180888,-0.0938498551456748,-0.0973513177843936,-0.10076159660969,-0.1049999999999999,-0.1082878156439363,-0.1132180208263738,-0.1201643674483176,-0.1265970592089803,-0.1332662121283201,-0.139,-0.1463784530604331,-0.1536300443007267,-0.1598095595786497,-0.1664864224494907,-0.1707156815154442,-0.1739999999999998,-0.1736036491639538,-0.1703556487823079,-0.1661459829507789,-0.1589517070449473,-0.1514255129520452,-0.1419999999999999,-0.1307128595205193,-0.1145436561408317,-0.0967360498634432,-0.0819849389346276,-0.0644580692979425,-0.0500000000000001,-0.0368496233003232,-0.0243253104739735,-0.0164770283149353,-0.0072629360246632,-0.0010737222622808,0.005,0.012771308861552,0.018490123359322,0.02483472711193,0.0297721141721043,0.0336471560927162,0.0350000000000002,0.0344877319460498,0.0294081606571674,0.0206443775607081,0.0039244993471458,-0.038436484851048,-0.0999999999999999,-0.1851410880831879,-0.2992660799331921,-0.4366340252421302,-0.6015562584892415,-0.7791164127284478,-0.9659999999999996,-1.148173635130531,-1.3082467382925118,-1.4296399267191522,-1.475183568986184,-1.4624555052129846,-1.378,-1.1915115084843109,-0.9386507931726752,-0.6534494185846897,-0.3877665841808975,-0.1640922924058889,-0.0129999999999999,0.0399422640797691,0.0624213177115753,0.057919767326939,0.0304690239364808,0.0248186867530639,0.0169999999999999,0.0093802653161912,0.0060644463338934,-0.0008712748956404,-0.0023347638123028,-0.005770653312824,-0.006,-0.0048630987588256,-0.0051626482738564,-0.0057960061737646,-0.0092648292725798,-0.010149709148762,-0.0130000000000001,-0.0141384492838604,-0.0151795849292524,-0.0193786671529621,-0.0201033680321794,-0.022731944265827,-0.025,-0.027153630130575,-0.0315745446619804,-0.0351272505865214,-0.0402459298298371,-0.0463468583504178,-0.0549999999999999,-0.063635335908314,-0.0698214616091698,-0.0747271551320636,-0.0787450563093438,-0.083941841789901,-0.0859999999999999,-0.0874218834952283,-0.0898328113753644,-0.0898420400039878,-0.0900985766525798,-0.088464629079206,-0.0859999999999999,-0.0836768248787338,-0.0801418468863745,-0.0775810195171292,-0.0748368801464958,-0.072716967811547,-0.0719999999999999,-0.0719531779964903,-0.0720750900299026,-0.0719080490878753,-0.0721732689929156,-0.073372769542598,-0.0759999999999999,-0.0784260809499263,-0.0825824138114341,-0.0885748526362881,-0.0948782198468173,-0.1069712092849543,-0.1229999999999998,-0.136698486731174,-0.1471325445353311,-0.1572835649187887,-0.168162282831299,-0.1766185916672251,-0.1869999999999999,-0.1990777033829759,-0.2067382440007352,-0.2122086041419405,-0.2165042341593255,-0.2195840603879733,-0.2219999999999999,-0.2229440434335421,-0.2230145856591677,-0.2232360635234124,-0.224715834357255,-0.2262301206224229,-0.2270000000000001,-0.227097953346258,-0.2264160506404527,-0.2247248802879633,-0.2194087077627895,-0.2128863256852942,-0.209,-0.2049945545973743,-0.1999205507226195,-0.1951470797802911,-0.1897085199748479,-0.1837912636138014,-0.176,-0.162966737525169,-0.1492264664206409,-0.1397812965887575,-0.1318407892083916,-0.1247008149901085,-0.1190000000000001,-0.1146708592537205,-0.1114462017136173,-0.1077488000913702,-0.1052434208714668,-0.103631575437192,-0.1020000000000001,-0.1019635851121636,-0.101882520626962,-0.1030517345269853,-0.1063151222949481,-0.108231257347896,-0.109,-0.109746795436076,-0.1117773822203431,-0.1147061302253996,-0.1168276261580274,-0.1196117394805538,-0.1220000000000001,-0.1236014777621463,-0.1255482412810421,-0.12632322606191,-0.1280130912862346,-0.1317336488556262,-0.1339999999999999,-0.13481250843812,-0.1357779635388442,-0.1360405508651122,-0.1360499902252139,-0.1358478271298829,-0.1339999999999999,-0.131497294632658,-0.1289751718731777,-0.1266250867829281,-0.1235286985599696,-0.1192105487884698,-0.117,-0.1155031569095517,-0.1124860042969089,-0.1082765622688115,-0.1029016303103805,-0.099521979875361,-0.097,-0.0936396849357058,-0.0904196054356776,-0.0868867885873898,-0.0836700699778968,-0.0788985340374447,-0.074,-0.0706679090316258,-0.0676426102347784,-0.0665894664911205,-0.0652952920534807,-0.0638307774122171,-0.063,-0.0605082067763388,-0.0585781803119934,-0.0567576184223539,-0.0536959489341621,-0.0503088695888898,-0.047,-0.0444316107479628,-0.0425572447702661,-0.0411450898609276,-0.039156447435685,-0.0378571433280931,-0.037,-0.0352827590226959,-0.0339265653781341,-0.0307810605659216,-0.0260972088841754,-0.0208523290044508,-0.0149999999999999,-0.0100424416031421,-0.0043140065280717,0.0008378530881263,0.0043393742495737,0.0076023277705582,0.0099999999999999,0.0117579661554556,0.0126329631131396,0.0139187089635921,0.0155238971807173,0.016092802945303,0.0169999999999999,0.0185783934649546,0.0210151448955405,0.0231331904940868,0.024630232212546,0.0262768641386027,0.0269999999999997,0.0277862864488588,0.0287206289937923,0.0294856235619453,0.030183358861626,0.0299156331288687,0.0299999999999998,0.0301247667537608,0.0292547351534045,0.0289431513196152,0.0288749647326995,0.0276844056721555,0.0259999999999999,0.024337844178594,0.0226777695461723,0.0207458371085087,0.0176228661479492,0.0144522231564673,0.0120000000000002,0.0081121575443459,0.0013917236917518,-0.0074849002564536,-0.0165147840706042,-0.0244957071041176,-0.031,-0.0360487693313588,-0.0409391067822201,-0.0461005221433225,-0.0506612218261449,-0.0533923948961085,-0.055,-0.0567415630405728,-0.0572905726210649,-0.0561797827699586,-0.0540449326209219,-0.051513219982495,-0.0489999999999999,-0.0449752558092108,-0.0401300588225358,-0.0332021815536197,-0.0177089315741821,0.0016235587826019,0.0179999999999998,0.0375301557762301,0.0601225262863271,0.0822142176200428,0.1026900654201483,0.1175182225400675,0.128,0.1342212778659171,0.1381353157286223,0.1425169514322093,0.1446988927607813,0.147789629593321,0.1510000000000002,0.1525720362100193,0.1550812329115669,0.1570649944449878,0.1585366930995676,0.159005001700371,0.1590000000000003,0.157634185845787,0.1537945590884924,0.1488443930008068,0.1423209071860787,0.1335152011469128,0.1059999999999999,0.046298868299,-0.0400765833065003,-0.1535180621372539,-0.2944624860142855,-0.4598444737694303,-0.6429999999999998,-0.8303608250711264,-1.0060357862062286,-1.1523085799244508,-1.252120537096978,-1.2872149664402333,-1.2469999999999997,-1.1229464482593623,-0.9203798087959836,-0.6636606310938717,-0.3775191278035514,-0.1072550445242119,0.117,0.2759110944636987,0.3491874524433149,0.3780077856871505,0.3878532554708656,0.3777735682572243,0.3739999999999999,0.3713129668378086,0.3661798952929225,0.3663643326764674,0.3659908085292649,0.3702307439220146,0.375,0.3774437518528781,0.3796736088842765,0.3808029002148032,0.3849525906317101,0.3884920483907789,0.3909999999999999,0.3937056130062695,0.3946327908363933,0.3956786023672438,0.3958565541092741,0.3947209632873735,0.3929999999999999,0.3912709377553548,0.3898586888232426,0.387165286209186,0.3837131205951696,0.3816672555442981,0.3789999999999999,0.3748102464706446,0.3697343812043038,0.3579928317985326,0.3436965720365478,0.3328808420649761,0.321,0.3086347688603911,0.2941144993226685,0.2803533867654716,0.2720379345389017,0.2645409098179662,0.259,0.2548382524120103,0.2511768897904707,0.2478220183937719,0.2432376589927923,0.2406060621170953,0.238,0.2347170048871362,0.2302374128812359,0.225137069068773,0.2213091390020724,0.2144655724832107,0.2079999999999998,0.1988751124440164,0.1829302232642032,0.1697050091302641,0.158172628579804,0.1455080870219017,0.1330000000000001,0.1195352518208508,0.1083971648488159,0.1006950906832732,0.0946933010714701,0.0887948474639542,0.0830000000000001,0.0772559060677929,0.071048866349821,0.0667065613511722,0.0639650350954911,0.0615283490289184,0.059,0.0564096184225937,0.0546635407106944,0.0529368876570325,0.0514558741332858,0.049496792710929,0.047,0.0461261468277714,0.0448391513549511,0.0431043204773986,0.0431500386153599,0.0428261367840607,0.0419999999999998,0.0419918700424644,0.0419578953692818,0.0421434304716881,0.041547417050789,0.0395910052305193,0.038,0.0376872270004217,0.0412999238234993,0.0483376409479472,0.0540009877966201,0.0591305045557884,0.065,0.0699579030237882,0.0760904932002933,0.0829902500959434,0.0876313661701335,0.0919098046880907,0.0959999999999999,0.099269670653177,0.1029235804295476,0.105004753539091,0.1069848153662261,0.1092767711382395,0.1089999999999997,0.1088801965282777,0.1091977243485484,0.1085392097038118,0.1074879179930884,0.1056034590960049,0.1039999999999999,0.1023705022654882,0.1006423018281028,0.0987650465213807,0.0955581706632962,0.0909283903008255,0.085,0.0806918705118579,0.0760966685193164,0.067070353427084,0.0545827955810717,0.038706793391686,0.0240000000000001,0.0096832495471545,-0.0122965197843887,-0.0403794842635222,-0.0748569405829021,-0.1183563840164906,-0.1700000000000001,-0.2301682187942987,-0.2959083907624216,-0.363650998060084,-0.4280024193029196,-0.4860047344818081,-0.531,-0.5499551114056871,-0.5493210826073969,-0.525749041005636,-0.4584274225475734,-0.349278367053007,-0.206,-0.0409795693275302,0.1301178098023647,0.3008487009427555,0.4591256012920304,0.5981443561977019,0.715,0.8123917433656164,0.8910521570748037,0.9384708977514278,0.9609340080601788,0.9667798274233512,0.9569999999999996,0.9325445733460154,0.8858127076324886,0.8285392892815269,0.7728795018732948,0.7200093601069668,0.6770000000000002,0.6457514414258199,0.6261702701561778,0.6105806439552856,0.5947371443725853,0.5751277407065943
0.5410000000000003,0.4946294109563469,0.4358801613702956,0.3671814355895118,0.2968158417126416,0.227469248582633,0.1640000000000001,0.1065999347330012,0.0577436063247729,0.0184969048283369,-0.0093634472807024,-0.0245350172368159,-0.0369999999999999,-0.04511272557849,-0.0496112477279985,-0.0555065238317443,-0.059393075190322,-0.0640581337063005,-0.0689999999999999,-0.0746678016486716,-0.0809026669878971,-0.0865070916896684,-0.094194483898655,-0.1014272056872005,-0.1099999999999997,-0.118605501592372,-0.1252961643722118,-0.1315569444728071,-0.1353703399830896,-0.1400901910188869,-0.1449999999999999,-0.1497898208197337,-0.1562745254368093,-0.1635617049727435,-0.1728186472025197,-0.1817768496815612,-0.1919999999999998,-0.2022730230928945,-0.2109117497084775,-0.2220776185768418,-0.2358564242294481,-0.2523239403934239,-0.2659999999999998,-0.2759403085524587,-0.2862676041836461,-0.295279829190459,-0.3051096916705079,-0.3148523161384456,-0.3250000000000001,-0.3381102736896094,-0.3534237556312418,-0.3693408929420345,-0.3812176319163285,-0.3909323198976605,-0.3999999999999999,-0.4103134116040547,-0.4251240624339901,-0.4384066628883913,-0.4468721264182322,-0.4517972010583109,-0.455,-0.4553976470583991,-0.4525634275611917,-0.447760170893556,-0.4391427200459938,-0.4272307794161717,-0.4099999999999999,-0.3951361664025318,-0.3828867990525105,-0.3601455118585917,-0.3354880672915177,-0.3092725667306813,-0.2819999999999997,-0.2628051448453396,-0.2417026624759123,-0.2215163409821668,-0.2004327029052473,-0.1693771228662764,-0.1370000000000002,-0.1024476331196327,-0.0649023318543318,-0.027553246886428,0.0096508897168357,0.0434457766442114,0.0739999999999999,0.1011073888234439,0.1238655431785532,0.1440500142541229,0.1661537468989804,0.1864053178123116,0.1989999999999999,0.2120070833518083,0.2266234009945177,0.240204302794208,0.2547987284155223,0.2673256091809242,0.2799999999999999,0.2950840662027222,0.3080844019627431,0.3165575892278706,0.3220124824527506,0.3270163497087669,0.3319999999999998,0.3362974395213596,0.339189899972902,0.3410502491023851,0.3426139212153031,0.3443913467979206,0.346,0.3460727842541575,0.3459324574293827,0.3460310373445778,0.3460250325137944,0.3459044278962949,0.3449999999999997,0.344908083891932,0.3451288745191879,0.3448586390481382,0.3451411108253081,0.3448567349854546,0.3439999999999997,0.3432238605289425,0.3417387273617878,0.3399758943453492,0.3381995509686373,0.3353965260199084,0.3329999999999999,0.3306968886879939,0.3266685068901625,0.3224298352731275,0.3160550635004057,0.3087548013554858,0.3039999999999999,0.2969510106413082,0.286359988898024,0.275945332317599,0.2685165245102758,0.2642248915427375,0.2599999999999998,0.2564747375326368,0.2545907307980357,0.2530714847146684,0.2512368469265069,0.2498023436847409,0.2489999999999999,0.2473661134337407,0.2457006686636829,0.2436154217245722,0.2409850822873871,0.2384256873292081,0.2350000000000001,0.2310274432587312,0.2247924621278565,0.2185431699747516,0.214327236904473,0.2087098790999419,0.2010000000000002,0.1902521567625666,0.1806078020855917,0.1743614181285437,0.16689060695607,0.1611713356015013,0.1580000000000002,0.1553181678661775,0.1543428064536199,0.1531122960750651,0.1513031326516415,0.1496622861369883,0.1479999999999998,0.1464020769674613,0.1440308186396253,0.1416092439746213,0.1382613926098577,0.1299031009522038,0.1189999999999997,0.109935325102152,0.0988357780259608,0.0880089553075003,0.0818385921240689,0.0756841882811099,0.07,0.0651165427115829,0.0596730761648824,0.0560361939076788,0.0523906882622313,0.0481883055475431,0.044,0.0390419488077337,0.0335495328536809,0.0267004332205718,0.0187244483814614,0.010347550990456,0.003,-0.0028947918064104,-0.0081515400710129,-0.0125592884866276,-0.0165170276526361,-0.01951394588577,-0.0219999999999998,-0.0245254875874261,-0.0269511770632345,-0.0295397275056021,-0.0320942792579949,-0.0358391241607746,-0.04,-0.0448615137332638,-0.0502746410399504,-0.0545679309539405,-0.060755271350685,-0.0671624177998024,-0.0739999999999999,-0.0834056819153197,-0.0889905015552095,-0.0914199750464688,-0.0938808145989643,-0.0952514891884794,-0.0969999999999998,-0.0987110174968904,-0.1002764493476054,-0.1020466520902601,-0.1036408735344821,-0.1053402595517452,-0.107,-0.1086759126627558,-0.1103037865025126,-0.1120345807717227,-0.1138054501839985,-0.1182482931156878,-0.1259999999999999,-0.1328357466980546,-0.1382623726726936,-0.1418182457581784,-0.1438251423948813,-0.1465775824149888,-0.1489999999999999,-0.1514330447608785,-0.1541521266605464,-0.1560093386695304,-0.1578266023753613,-0.1605883482072269,-0.163,-0.165952238021619,-0.1724519541706718,-0.1772841315131904,-0.1783649535370818,-0.1804938201052575,-0.182,-0.1827767052296346,-0.1837606525975142,-0.18444161310788,-0.1851169013503202,-0.1835017605597038,-0.1809999999999999,-0.1778659221310388,-0.173446303773293,-0.1701451612045726,-0.1662943470835578,-0.1623013380211519,-0.159,-0.1555300057813613,-0.1535887559035302,-0.1519320064689056,-0.1507466552037749,-0.1510849203331697,-0.1510000000000002,-0.1509538960831534,-0.1510651295779782,-0.1509363425520541,-0.1510478579545678,-0.1509756863039649,-0.1509999999999999,-0.1510176492698956,-0.1509804006968556,-0.150988581053146,-0.1511622834619459,-0.1522492830867246,-0.1529999999999998,-0.153698984166544,-0.1554410565586883,-0.1565023441819614,-0.1575420203648782,-0.1593460645922626,-0.1599999999999999,-0.1570891932419289,-0.1510817931276045,-0.146809991209483,-0.1434993236569819,-0.1392447825310852,-0.1370000000000001,-0.1346555866815039,-0.1316828082886601,-0.1304060270666598,-0.129940044978347,-0.1315012963644697,-0.1339999999999999,-0.1355822623019165,-0.1384860323185898,-0.142106960354073,-0.145471094418154,-0.1515146547828797,-0.1600000000000001,-0.16687160388516,-0.1725423478910717,-0.1786856870235103,-0.1840089117897833,-0.189024560770896,-0.1939999999999999,-0.1989308915199309,-0.2042245588245582,-0.2080948423359367,-0.2114849406329162,-0.2158925170305668,-0.2199999999999999,-0.224815875808467,-0.231240734678907,-0.2381346500335134,-0.2441731749969028,-0.2474122549461341,-0.249,-0.2514453938010235,-0.2540583857350446,-0.2564493561803566,-0.2590412436254446,-0.2614685980686343,-0.264,-0.267277611158389,-0.2710800906461675,-0.2770998949534248,-0.2874760454748172,-0.2962336048255187,-0.2989999999999999,-0.3005939069516999,-0.302447800645687,-0.3036841540329115,-0.3037687639676956,-0.301333469708896,-0.297,-0.290589008616167,-0.2811612369916914,-0.266545724472448,-0.2491676793593955,-0.2342021942841221,-0.2209999999999999,-0.2100037394063048,-0.1995493107510661,-0.1883112308806034,-0.1776662165153468,-0.1654951846725903,-0.154,-0.1425108042159381,-0.130668078109814,-0.1222661683271207,-0.1129341237253103,-0.1032698682572777,-0.0950000000000001,-0.0862330274450198,-0.0837646039543821,-0.0875128353484346,-0.0924322120115865,-0.1089676791038146,-0.1469999999999998,-0.2027181021708999,-0.2782326301578068,-0.3764098893603827,-0.4953599215724993,-0.6399560002074732,-0.8049999999999998,-0.9790458899281802,-1.1499737427964662,-1.3030593119363518,-1.4209982868171824,-1.4753294951568028,-1.4699999999999998,-1.405027821274871,-1.243200601865755,-1.0055945103096116,-0.7377658141289927,-0.4679422688522611,-0.2370000000000001,-0.0642368261436351,0.0345635281141376,0.0659847926199185,0.0669200260860131,0.0481360827933724,0.0269999999999999,0.0193505728198985,0.0216207329242157,0.0357891906780522,0.0544645185319536,0.0739946222544725,0.0900000000000001,0.0947062144479821,0.096815295545591,0.0992886621414726,0.1005254623110943,0.1023725586217424,0.1040000000000001,0.1057297801398826,0.106658489444977,0.1079027242259787,0.1095294749080215,0.1100965148471224,0.1109999999999998,0.1118738381603606,0.1125883798300607,0.1138219286467721,0.1159954995768984,0.1183785700668486,0.1189999999999999,0.1182249316564642,0.1168335771703344,0.1142866691123026,0.110287020339158,0.106247559873594,0.1019999999999998,0.0947829605010883,0.0859403895950308,0.0798207614556976,0.0772487522203764,0.0756707669781285,0.074,0.0723345769514498,0.0710646950886717,0.0711847074194649,0.0704517100075613,0.0687324158484395,0.068,0.0664028396687592,0.065017600555808,0.0651508226495428,0.064692229550218,0.0638534582845332,0.0629999999999998,0.0613794497579432,0.0596245070377407,0.0576608474927398,0.0522209887711366,0.0431209099783446,0.035,0.0283491818259016,0.0215725083950848,0.0154185054760511,0.0096879679325621,0.0038982606588133,6.315935428978669e-18,-0.0008990766347609,-0.0021035572720376,-0.0042128333795002,-0.0054888890627266,-0.007450296934388,-0.009,-0.0097288183459432,-0.0114134432062685,-0.012520801557669,-0.0135325475692358,-0.01536687826111,-0.0170000000000001,-0.0187087277887751,-0.0197324292129448,-0.020740429569859,-0.0228858772063962,-0.0241366066389236,-0.0249999999999998,-0.026717321952795,-0.0276845524654549,-0.0288468330681413,-0.0306215740978548,-0.0309684728824436,-0.031,-0.031104924753646,-0.0303122166123674,-0.029607142374866,-0.0283829006192261,-0.0266914336425408,-0.0249999999999999,-0.0217732385930598,-0.0181781612001245,-0.0152287968909042,-0.0110919829532466,-0.0044290317294846,0.0049999999999999,0.0151240972781336,0.0238738778996779,0.0313104584501869,0.0370195745283861,0.0405681018155937,0.0430000000000001,0.0455207792016952,0.0474876530076082,0.0488187047303771,0.0508924884754639,0.0520201094158485,0.0509999999999999,0.0501030794772725,0.0494284547993589,0.0483846293438964,0.0477997074203411,0.0466776097015285,0.0449999999999999,0.0448216657830262,0.0461544304036785,0.0487445219245335,0.0525530010263399,0.0554262866513863,0.0569999999999999,0.0586551981617139,0.0603345642770397,0.0620158413781832,0.0636351976310524,0.0653693092393304,0.0669999999999998,0.067849782372793,0.0687094732819224,0.0691281955899315,0.0689492215602607,0.068967457711073,0.0679999999999999,0.0663544620243145,0.0641764117588913,0.0612660071798052,0.0593905867391446,0.0575364045143478,0.0550000000000001,0.053277137381852,0.0517409597221846,0.0498964553872955,0.0485715295229812,0.0478690524269236,0.0469999999999999,0.046130138331723,0.0454145558087573,0.044353637877962,0.0439820208941589,0.0439232168646786,0.0429999999999999,0.0421252200018433,0.0414306876650404,0.0401029914779271,0.0382637765131632,0.0367102451757779,0.0350000000000001,0.0332312472137596,0.0323787793094195,0.0311049787828878,0.0293018014486723,0.0276577804091795,0.0259999999999998,0.0251397045978881,0.0239440895915852,0.0211431359111616,0.0175588530869185,0.014451897651652,0.012,0.0101413439767093,0.0104273449201843,0.0119053422676969,0.0140802540656553,0.0177175032626394,0.0199999999999998,0.021540152921278,0.02406244856647,0.0263431743409391,0.0293360665438157,0.0325731477491808,0.0349999999999998,0.0374935713265989,0.0399790554844126,0.0425953123931462,0.0446237675653424,0.0449825712832559,0.0449999999999999,0.0450822320551323,0.0443586691705193,0.0435409641508782,0.042459851166369,0.040621454350788,0.0389999999999999,0.037364277786042,0.0356159602168352,0.0340567597267431,0.0322940743953025,0.0306275814351728,0.0269999999999998,0.0196320826744852,0.0122560418047429,0.0070270684511486,0.0018103209419135,-0.0043149377184378,-0.0120000000000002,-0.0211679526289287,-0.0298775800879837,-0.0372599261143168,-0.0432898350954113,-0.0493110925656033,-0.0570000000000002,-0.0660992916134646,-0.0754913683736226,-0.0838060101956486,-0.0903868452007448,-0.0946988397871618,-0.0980000000000001,-0.1014596174932794,-0.1034587485540031,-0.104770784480893,-0.1044986046904368,-0.1012079449097283,-0.0969999999999998,-0.092062669971069,-0.0862172509338359,-0.0765651041447801,-0.0642172055874221,-0.0539165301092364,-0.0399999999999999,-0.0223377745628469,-0.0063751301825599,0.0099415882378649,0.026749517660153,0.0446967634305543,0.061,0.0691284683441233,0.0732145805490944,0.077444597247277,0.0796251937361838,0.0814809370887498,0.0839999999999999,0.0849654272230515,0.0850492270407638,0.0846592299383786,0.0834568530196496,0.0814908506316445,0.078,0.073943592393727,0.0674583695962025,0.0533304803291852,0.0260709574403787,-0.0213752006568225,-0.093,-0.1889368705226377,-0.308983390141616,-0.4541931233767426,-0.6229383703229971,-0.807803996691394,-0.998,-1.1772429585429138,-1.324842847219682,-1.4186156831237875,-1.4397171109382454,-1.3730843012162457,-1.213,-0.9742497241593188,-0.6809106962921408,-0.3755777361544502,-0.1094899734631294,0.0893186491855353,0.2009999999999999,0.2325235747786833,0.2132122240354897,0.1667153467242325,0.1309459391860646,0.1170319264699243,0.1109999999999996,0.1188741742912241,0.135196413383225,0.1481355231635967,0.1547623849168442,0.1562681808615938,0.159,0.1602415837397488,0.157847297804792,0.1519618457812215,0.1439125557079591,0.1378404813247323,0.1309999999999999,0.1255847480373429,0.123163998998205,0.1199272742569242,0.1169093386097141,0.1145815878594645,0.113,0.1113839054517563,0.1096168962218592,0.1077844977782533,0.1046491535533163,0.1013067506839712,0.0969999999999997,0.092024855904735,0.086091734739077,0.0779571557766013,0.0697556953655229,0.0612960074996279,0.0539999999999998,0.0489335618856659,0.0444851469411984,0.0410302561495127,0.0375670120763493,0.0344702362352515,0.0319999999999997,0.029426924755573,0.0276344154670241,0.0259799035643185,0.0243977633470529,0.0225598659157038,0.0200000000000001,0.0174919501731919,0.0150031171420158,0.0124974480687709,0.0100200782968919,0.0074294040516107,0.0039999999999998,0.000662738235642,-0.0038852202822191,-0.0128604081830942,-0.0228124421924507,-0.0318072645938793,-0.041,-0.0508198787865349,-0.0619596316902815,-0.0709635743330053,-0.0774998690708037,-0.0829444414007283,-0.0869999999999999,-0.0912575033775165,-0.0941217849625147,-0.0967813660800613,-0.1002954240429411,-0.1023711236892793,-0.1050000000000001,-0.1076143940460544,-0.109758986218412,-0.1131081212055127,-0.1160504185605369,-0.1185022298533279,-0.1209999999999999,-0.1234563247913689,-0.1265136139269927,-0.1304703751520198,-0.1345429784646377,-0.1374789397507184,-0.1389999999999999,-0.1384112145521569,-0.1355772631130494,-0.1312612353641198,-0.1253508923203009,-0.1156177134522897,-0.1009999999999999,-0.0850984655324604,-0.069853913343535,-0.0557237337766692,-0.0429674806209665,-0.030587418905771,-0.0189999999999999,-0.0058752910192881,0.0077243091304531,0.0171666453322867,0.02552381129986,0.0347956719395125,0.0430000000000001,0.0519798350990093,0.0618476278527587,0.0682081314933818,0.0709159041631889,0.0735698951998424,0.0759999999999996,0.0776740254506871,0.079333999605355,0.0810046271212256,0.0826357500032522,0.0844185513689905,0.087,0.0888316702490667,0.0895499308046059,0.0909473530955571,0.0926821322216117,0.0943211688081579,0.0959999999999999,0.0984310556434971,0.1011066261817911,0.103371579025895,0.1061352176133717,0.1083634332802298,0.1099999999999998,0.1110002153354761,0.110444561786789,0.109176420622395,0.1070206196265524,0.1045270064204662,0.102,0.0986860161847106,0.0953632155886016,0.0916687951598309,0.0871838282595751,0.0833548597950822,0.081,0.0793277610015532,0.0776735073646463,0.0759711279677655,0.0744866470942136,0.0739817076674076,0.074,0.0732766842151179,0.0716510799029436,0.0703007982764162,0.0699568499192009,0.0700122255355239,0.0700000000000002,0.0699758395976573,0.0700943131198051,0.0695602104054371,0.0687864166686683,0.0691498304558435,0.07,0.0708367008356939,0.0716432694895248,0.0725759888659182,0.0730940868293501,0.0729821159229923,0.073,0.0729345158961549,0.0736702921748674,0.0741026809122391,0.0741512540523356,0.0751696208327444,0.075,0.0749082179167281,0.0751059844568182,0.0751716785047284,0.0766155069734075,0.0769357858006458,0.0769999999999998,0.0778982728757969,0.078053344526564,0.077957946425614,0.0780662190910574,0.0778811535092363,0.077,0.0770112822968609,0.0759702678275419,0.0737598053850074,0.0723607918183749,0.0693179637706697,0.067,0.064077728322486,0.0576862688286181,0.0513022305343031,0.0461888165835032,0.0436808274948628,0.042,0.0402448036625558,0.0388457500107849,0.036760938665705,0.0355846737535692,0.033447745647487,0.0309999999999999,0.0286440232379513,0.0253079229184552,0.0213676759872948,0.0132815383140497,0.0044251196458586,-0.0030000000000001,-0.0113327418239834,-0.0196041354025081,-0.0280939562311249,-0.0364365499999718,-0.0475092081655281,-0.06,-0.07077021924736,-0.0827347296426665,-0.0965069587823608,-0.1125688493097396,-0.1262152392222245,-0.1340000000000002,-0.139176550185499,-0.1427689240812573,-0.1455028330564734,-0.1456509322193492,-0.1434855655622188,-0.1400000000000001,-0.1350750400016045,-0.128345075223298,-0.1154534561702416,-0.1002107734663879,-0.0891309188805168,-0.0809999999999999,-0.0727326055518641,-0.0646381790286107,-0.058094106840495,-0.048743481598295,-0.038153488585106,-0.0319999999999997,-0.0286221784575077,-0.0253620984292631,-0.0222176851782118,-0.020390415729563,-0.0185979323700236,-0.0169999999999999,-0.0161592031625397,-0.0157479138622455,-0.0165948712536324,-0.0171988808837866,-0.0182696278233033,-0.0189999999999998,-0.0196095694214603,-0.0220882593049091,-0.024115903397582,-0.028614087570868,-0.0445574502472283,-0.0789999999999998,-0.1312416178161096,-0.2054123616357137,-0.3076900253352758,-0.4372786329883149,-0.5956985881536202,-0.7729999999999998,-0.9586818240082297,-1.139850572038256,-1.295616745011077,-1.4103768983716944,-1.4550667271919548,-1.4119999999999997,-1.2790024287401605,-1.066208725462034,-0.8003959775354655,-0.5099806873152091,-0.2478386407946596,-0.0409999999999999,0.0884709347420805,0.1250872150941056,0.1306051674592112,0.1153251648490778,0.0788820010549002,0.0679999999999998,0.0636799027190236,0.0584370592987608,0.0595164645538371,0.0572241733609696,0.0596900795612078,0.06,0.0604610615758262,0.0621599406189235,0.0624012398293262,0.0647350252546048,0.0637437299346528,0.0649999999999999,0.0646313494509829,0.0625660285890663,0.0636589893222298,0.0622782087940307,0.0620677939651554,0.0610000000000001,0.0599833231583162,0.0591530239782766,0.0564835876367774,0.0557582106471767,0.0534307321208656,0.0519999999999999,0.0505525159158753,0.0483180502363652,0.0471571327068512,0.0431923464568204,0.0391511532350788,0.032,0.0225418243600507,0.0160261115515725,0.0116225161705285,0.0089192819066665,0.0052539047258221,0.0029999999999998,0.0007183075619131,-0.0024263813857669,-0.0036727356167839,-0.0061362650386375,-0.0084244678903532,-0.0119999999999999,-0.017086120457498,-0.0217651003590098,-0.0277423167719286,-0.035534803474819,-0.0476586362213473,-0.0589999999999996,-0.0651421815341882,-0.0688010090055107,-0.0721021606941302,-0.0772680375438148,-0.0832269388448576,-0.09,-0.0967083524906314,-0.1037638465469145,-0.1115240364767454,-0.1169222016833136,-0.1221283203976848,-0.128,-0.134658282447465,-0.1400213613158578,-0.1418785616528737,-0.1438808548981243,-0.1451180572092296,-0.146,-0.1477293618307626,-0.14874639981807,-0.1491606979748952,-0.1488685364822627,-0.1490845427671454,-0.149,-0.1481659039528125,-0.1473278132853605,-0.1465796268188444,-0.1452735790286003,-0.1423970350278034,-0.14,-0.1375471526606648,-0.1350191892215946,-0.1318596876208242,-0.1271097668076059,-0.1232583035323437,-0.119,-0.1156402600438062,-0.1102385039017078,-0.0980873123940194,-0.0850227189655579,-0.0739258422983613,-0.0649999999999999,-0.0575327224799821,-0.0491850202832875,-0.0372110642817602,-0.0217482022118931,-0.0070786639119168,0.0090000000000002,0.0237933542357779,0.0329340443328718,0.0406261428257441,0.0476141146045639,0.0528871702514189,0.0559999999999999,0.0584849605483091,0.060552606836649,0.0617693505562873,0.063862725973784,0.0652181430033229,0.067,0.0688002876197505,0.0700454207587081,0.0726712632095032,0.0746617428208489,0.076359050695657,0.0779999999999999,0.0803773360882548,0.0831953963510788,0.0854591975469005,0.0902528144064399,0.096141912062719,0.1019999999999999,0.1079247278734047,0.1130510879146204,0.1176978942926207,0.1213942391562698,0.1245733762578204,0.1269999999999998,0.1302723766608517,0.133222646252756,0.135578037265422,0.139661372250688,0.1424764446408493,0.1459999999999999,0.1502011362768804,0.155913268502002,0.1673386634121596,0.1774530829897009,0.1843356838695807,0.191,0.1982197561449447,0.2083825352835701,0.2200171228104178,0.2315421608791091,0.2419907258296234,0.2519999999999997,0.2627874062203507,0.2738093252774818,0.2837035305865099,0.2928772741250807,0.3060871058619833
0.3239999999999999,0.3447571067513852,0.3645816483155477,0.3788428530962123,0.3883645607627512,0.3953715002184224,0.4029999999999999,0.4104624485995711,0.420607272851662,0.438267999092754,0.4547972082944779,0.4645508603854898,0.4709999999999996,0.4768545734392204,0.4821821816641787,0.4866958243270762,0.4929772391106459,0.5049576668820289,0.5209999999999996,0.5309171203975207,0.5358797032598693,0.5406417839740502,0.5426640399276496,0.545689546265607,0.5469999999999996,0.546047887370893,0.5452688803174823,0.5413600399566411,0.5376236158254332,0.5328823798933868,0.5279999999999997,0.5227124554458717,0.5127622961132682,0.5046698039934331,0.4984583670001452,0.4932362243200384,0.4909999999999999,0.4885441440784547,0.4859675247754859,0.4837232681719717,0.482782915750335,0.4816401375974428,0.4799999999999998,0.4800083704347498,0.4794148490131663,0.4785252923892426,0.477434222719418,0.4756918519403053,0.4749999999999997,0.4750427122514135,0.4744329939608893,0.4734369134113439,0.4725814536427183,0.4704885255285278,0.4679999999999999,0.4649329069089978,0.4583374937135026,0.4455479101412579,0.4300497345965831,0.4175723080837835,0.4030000000000001,0.3869988029721572,0.3705797749400084,0.347244192158645,0.3252258636013003,0.3134349140618149,0.309,0.3049534665120328,0.3012949968446707,0.3013376521837184,0.3030085599603037,0.3097854565066893,0.3189999999999998,0.3313368533172317,0.3527296404718829,0.3751865729791245,0.3964663985082706,0.4155289732208045,0.4340000000000001,0.4545891393005961,0.4672452601584726,0.4735802072338685,0.478944016878513,0.4827089564732572,0.4859999999999999,0.4877352052642106,0.4893201425114156,0.4906943299441305,0.4910912051134195,0.4908964247249354,0.4899999999999997,0.4884556916327641,0.4855827712517673,0.481148041427715,0.4758990799737901,0.4674178900492903,0.4399999999999998,0.3842227354534793,0.3026798490677361,0.1915251537314909,0.0496783002204422,-0.1213438437515649,-0.3139999999999998,-0.5142746124650189,-0.707383360483467,-0.8773055611753079,-1.0028884912891411,-1.0584034047868809,-1.0519999999999998,-0.97925758943533,-0.8070794969707061,-0.563298905952336,-0.2918002219596047,-0.0269578936035343,0.1869999999999997,0.3328508387231898,0.4038322499336328,0.4216621356140504,0.4135505410899687,0.3786509598716298,0.343,0.3283185883124104,0.3233942546983567,0.3200122311211832,0.3167611894944366,0.3147138261745385,0.3139999999999999,0.314758888223363,0.3156835444727323,0.3170699197126274,0.3204383889706977,0.3236295419043844,0.3269999999999999,0.326884037388996,0.320363143792536,0.3119722027454656,0.3036587077779386,0.2953635554050785,0.2869999999999998,0.2758549586596859,0.260211185967387,0.2464064139848495,0.2380121971172233,0.230453103560184,0.2229999999999998,0.2148720631621514,0.2050561061131825,0.1947355514126151,0.1832867703907129,0.1718129849344573,0.1619999999999999,0.1536185499260297,0.1453864901600169,0.1369661266079943,0.1285837798641891,0.1189213510124278,0.108,0.0978447984750019,0.0887899089690902,0.0789674164373646,0.0693790280349883,0.0614542057949324,0.0529999999999998,0.0438024746425114,0.0348036916801618,0.0246187614359669,0.0111153871272852,-0.0053254282603558,-0.02,-0.0309223102520755,-0.0420634609597644,-0.0543009933678821,-0.0652328876040677,-0.0763183219050742,-0.0879999999999999,-0.0988713095219299,-0.1096049018803943,-0.1208265538331779,-0.132838894988852,-0.1441543856271077,-0.155,-0.1667007891645516,-0.1777554825766967,-0.1884289994843427,-0.1995082634159811,-0.2114333235000502,-0.2230000000000001,-0.233750459152372,-0.2449885368536532,-0.2541701571151091,-0.2623604819817639,-0.270524938660146,-0.2779999999999998,-0.2864868835785699,-0.2924241918756448,-0.2964487367048904,-0.3003580703306044,-0.3023573760404235,-0.3049999999999999,-0.3076176390764144,-0.3094076101553455,-0.3103581606678525,-0.3096166972996859,-0.3088187009367268,-0.3070000000000001,-0.3044935919616606,-0.3015812640245551,-0.2974376246332358,-0.2934165336185072,-0.2891080570627953,-0.285,-0.2809488063129053,-0.2759410632185773,-0.2713827787086304,-0.267501339067325,-0.2645342378787662,-0.2629999999999999,-0.2614074202022876,-0.2594888045649047,-0.2585543940800953,-0.2573937871253952,-0.2557358172178274,-0.255,-0.2534572856824557,-0.2514320609102429,-0.2505938149210949,-0.2493873976131642,-0.2477100000820189,-0.2469999999999999,-0.2470133623342337,-0.246914668813153,-0.2474203039008499,-0.248334561955113,-0.2492404444806891,-0.2509999999999999,-0.2526904361717157,-0.2543591660444507,-0.2556240869740301,-0.2564225724146404,-0.2584420938480622,-0.26,-0.2615742139029513,-0.2634748153160511,-0.2650669735011571,-0.2685600150490544,-0.2714186305300277,-0.2740000000000001,-0.2782282377586403,-0.281623183363123,-0.2854525338533544,-0.2895032410837239,-0.2925501933081553,-0.295,-0.2981634703791356,-0.3023913470739111,-0.3072482068052682,-0.3182892496036142,-0.3329168683574751,-0.3499999999999999,-0.3739988980777383,-0.3991894773630878,-0.4330558629673344,-0.4767915257519139,-0.5227848013995844,-0.5789999999999998,-0.6404278075028832,-0.7065832298567521,-0.776540585109623,-0.8364707111425032,-0.8809233104755004,-0.894,-0.8838933590230306,-0.8605970345579281,-0.7920477832463864,-0.6771174626035036,-0.5343602979773537,-0.3680000000000001,-0.1927769363695812,-0.0220917154961364,0.1356140074897709,0.273318112289093,0.3867875941494401,0.479,0.5501063005818323,0.5933436145071325,0.6147170064685025,0.6178623315428466,0.601142833166046,0.5659999999999997,0.5179774511676353,0.468646022493263,0.4200662996973186,0.3822240620226402,0.3614804638580101,0.3429999999999999,0.3286987177974361,0.3211539881160809,0.30777180657971,0.2845312993376734,0.2500634679511438,0.2029999999999999,0.1468956636884953,0.0863828017685537,0.0260523275531076,-0.0320975498893597,-0.0892683379534229,-0.1419999999999999,-0.1889516623679396,-0.2318567920584173,-0.2625510245528771,-0.282370548984061,-0.2989468368801397,-0.31,-0.3198240398714236,-0.3299821238562146,-0.3363881896027357,-0.3404743321708748,-0.3436217984457549,-0.3469999999999997,-0.3496040433922913,-0.3518466312742536,-0.3546625431765806,-0.3568657446489006,-0.3595759577641996,-0.3619999999999999,-0.3644208099281586,-0.3671493553840351,-0.3692910696997328,-0.3723262259917206,-0.3757179909825553,-0.381,-0.3892753428473589,-0.3973165521782024,-0.4033369461384048,-0.4077158717936758,-0.4132821654933827,-0.4199999999999999,-0.4278846039867676,-0.4403966873094367,-0.4536013350711502,-0.4639810182435843,-0.4739412837455306,-0.4819999999999999,-0.4884559649267743,-0.4983093587856057,-0.5143575803230253,-0.5336853063122898,-0.5497983708514552,-0.5619999999999998,-0.5744103932040953,-0.5871283290121619,-0.5995291355416581,-0.6141706835531211,-0.6284773590633556,-0.6369999999999999,-0.6428069483633153,-0.6483427570239036,-0.6520327599691741,-0.655274000435408,-0.6571850832289193,-0.6569999999999997,-0.6554859401432153,-0.6525239959248107,-0.6482602791938267,-0.6427283844452449,-0.6365409738594253,-0.624,-0.6025104286441464,-0.5816061063444392,-0.5613996480736311,-0.5346108811456678,-0.5082952223968374,-0.4859999999999999,-0.4544401042379246,-0.4185837156168597,-0.3867445512629544,-0.3477181757307071,-0.3163711659729982,-0.2969999999999997,-0.2637879075950696,-0.2284149670736408,-0.1994380319057782,-0.1648758568053772,-0.1362008094043343,-0.1140000000000001,-0.0882899341451075,-0.0627179796023602,-0.0385253984160346,-0.0142200649896221,0.0112167259987552,0.037,0.0590842847560479,0.0782147579272824,0.0978528132124024,0.1155198072068308,0.1281574557771004,0.1369999999999999,0.1444030587069663,0.1528598520766613,0.1593207467112518,0.1618037404790968,0.1646403354506698,0.1670000000000001,0.1685740005788236,0.1705866263797629,0.1713215253736532,0.1727578568812161,0.1741033719732057,0.1739999999999998,0.1747911559288866,0.1756306890041035,0.1769199664581749,0.1785059075104121,0.179156614869646,0.181,0.1835280378947849,0.1859824836426081,0.1882362421307469,0.1894615454581484,0.1915179690083847,0.1939999999999999,0.1956892013857109,0.1972910662526715,0.1993008660655473,0.202289137457526,0.2057242403210999,0.2099999999999999,0.2143288060398897,0.2170926679166799,0.2194216981099889,0.2222006287106943,0.2257265757486636,0.2290000000000001,0.2329413815934486,0.238681926282397,0.2445893844702092,0.252526311447977,0.2617739523871438,0.2699999999999999,0.2776756318269218,0.2832794207680834,0.2873002548800254,0.289614786453722,0.2900800841033564,0.2909999999999998,0.2918715990532431,0.2926231979610008,0.2935243745292841,0.2943459955963738,0.2950967162860156,0.2949999999999998,0.2949079513035161,0.2956548524535489,0.296246861944864,0.2956329801796902,0.2949352737373845,0.2949999999999999,0.2950036715783659,0.2950183676716794,0.2949460511815142,0.2950944617389057,0.2948640440984371,0.2939999999999999,0.2939566696717038,0.2940270513915878,0.2940151144806994,0.2939301211467541,0.294128150691014,0.295,0.2950020396000609,0.2955591443165584,0.2962764619767976,0.2958065851147144,0.2961104352707182,0.2959999999999997,0.2951363409809266,0.2944089761152058,0.2933935191325873,0.2927802140810119,0.2917450832544637,0.2910000000000001,0.2910819633303524,0.2902955698911872,0.2899059351332604,0.2900032669853106,0.2900443042694848,0.29,0.2883621535521226,0.2871942747407723,0.2863054036887429,0.2841216552742862,0.2827779767773181,0.2809999999999998,0.2792206270479916,0.2778778487672048,0.2757237388507959,0.2746190742759193,0.2724561209623949,0.2710000000000001,0.2692627761586484,0.2597076756096123,0.2492583192090835,0.2422291107398067,0.2344548874403255,0.2280000000000001,0.2221998354572952,0.2163640023535028,0.209864569015466,0.201732863019459,0.1946988253355527,0.1879999999999998,0.1812674184046442,0.1747988871234754,0.1677980510355997,0.1616926129836152,0.1557343509203232,0.1490000000000001,0.1423010043116021,0.1357894895713752,0.1282731242921241,0.1195514679041751,0.1129611255110909,0.109,0.1056155288975425,0.1028740147790841,0.1009012853644395,0.0994101092720359,0.097614903585095,0.0960000000000002,0.0944521837420875,0.0919103080870428,0.0899901202413833,0.0881087750231016,0.0855326149527644,0.0840000000000001,0.0824460412115849,0.0799860209151022,0.0776147504494592,0.0744163972422694,0.0671294229991566,0.056,0.0450253602396557,0.0354213431716919,0.0273534667895486,0.0200536897738179,0.0125214403135115,0.0060000000000001,0.0016059230153929,-0.0009880914662527,-0.003628006470558,-0.0056580396729013,-0.0074606028226476,-0.0099999999999997,-0.0115984471263237,-0.0145293245891967,-0.0177165970088484,-0.0200610432482351,-0.0237609570491584,-0.0269999999999999,-0.0310275593926234,-0.0362450835471433,-0.0447803752776564,-0.0565414332990961,-0.0642111966848977,-0.0710000000000001,-0.0786981486634451,-0.0850448418590451,-0.0930117300495828,-0.1011017933440731,-0.1084012040424744,-0.1139999999999999,-0.1173656088788354,-0.1206731829952067,-0.1239600121610561,-0.1273835459805783,-0.1306318832747264,-0.1340000000000001,-0.1373805099124232,-0.1405390198684965,-0.1446235086983173,-0.15075525218979,-0.1585615680358833,-0.1659999999999999,-0.1742983788636509,-0.1817932148545823,-0.187000096684392,-0.1918457782033205,-0.1958196706867545,-0.2009999999999997,-0.2053846866045815,-0.2089359795197222,-0.2142505009674549,-0.2188237109441844,-0.2256410453956214,-0.2339999999999999,-0.2415042433886408,-0.2485704397437857,-0.2546996543128224,-0.261979694396425,-0.2680670707222735,-0.2740000000000001,-0.2801302949759841,-0.2836530646687052,-0.2871861178074268,-0.2899278798520737,-0.2926582554014461,-0.2959999999999999,-0.2985034449155339,-0.301037247917328,-0.3034345894572594,-0.3060595591732299,-0.3084780135258025,-0.311,-0.3126903624674552,-0.3152681094314827,-0.3194212596966718,-0.321870650404129,-0.3244570430411005,-0.324,-0.3206915873182175,-0.3160166561898851,-0.308147114702572,-0.3011471005965895,-0.2888368146407003,-0.2719999999999999,-0.2592581531423348,-0.2477618805841884,-0.2356597246412025,-0.2229387368349988,-0.2120521305700777,-0.2029999999999999,-0.1952536922707397,-0.1893607118515932,-0.1836612423598529,-0.1794481585211763,-0.1750751287618536,-0.1709999999999999,-0.1669123187032762,-0.1629338057733151,-0.1613425125283647,-0.1635892801078819,-0.1705428282027794,-0.1819999999999998,-0.2145711378944818,-0.2656364344056343,-0.326632395827523,-0.4124339873975048,-0.5204590208363193,-0.6569999999999999,-0.8166608839257172,-0.9901968248721604,-1.1731371702440894,-1.337135392767858,-1.4856660774717878,-1.5789999999999995,-1.59177526095733,-1.557470590366305,-1.4271478161863127,-1.1995080600043948,-0.9251951447398628,-0.6279999999999998,-0.3571929582547206,-0.1437807725480529,-0.022230520473863,0.0274502212412738,0.0453682755348242,0.025,0.004521188896935,-0.0101715497894652,-0.0219412506649856,-0.0132531247574838,-0.0042585740786249,0.0119999999999999,0.0300064259140571,0.0369158454609563,0.0413857650177325,0.0421265698986373,0.0446399220186414,0.0459999999999998,0.0481807882425931,0.0510164519481467,0.0513206191405732,0.05396408991742,0.0523729776037125,0.0510000000000001,0.0497548110552034,0.0459691143022052,0.043474936834505,0.0392423448278644,0.0365761985168888,0.0330000000000002,0.030123392161394,0.0291766267344626,0.0260351503953401,0.0246463297794817,0.022337311841292,0.0190000000000001,0.015705771388401,0.012778976076252,0.0104301789564816,0.0063321737874088,0.003548763363398,0.0010000000000001,-2.243053705699872e-05,-0.0008269188787592,-0.0038283334323869,-0.0057024331071627,-0.0086997518137494,-0.012,-0.0175040350499571,-0.0246666918091697,-0.0306007561377873,-0.0380406062340573,-0.0440483696237741,-0.05,-0.0567361077834236,-0.063236684693898,-0.0698074540003258,-0.0751279905976433,-0.0812118466585673,-0.086,-0.0908817974381956,-0.0956895539136763,-0.0993612966620657,-0.1057217648941567,-0.1108049561044687,-0.1150000000000001,-0.1186261916594976,-0.120138878555704,-0.1226226100302956,-0.1246823501199473,-0.1263580734507799,-0.128,-0.1296430104450921,-0.1313148196765521,-0.1333783738251945,-0.1358726178743623,-0.1373236758343144,-0.1400000000000001,-0.1418465385806134,-0.1430641903339879,-0.1452813916377196,-0.1464449775224834,-0.1484438184420732,-0.1499999999999999,-0.1523233961991577,-0.155284404643778,-0.1571752136202389,-0.160297678346698,-0.1622744938271355,-0.1639999999999998,-0.1650727145527548,-0.1643609967491202,-0.1629902880557209,-0.1593257946682936,-0.155155652008265,-0.1499999999999999,-0.1441876558935841,-0.1370256900326981,-0.1260949614111172,-0.1143361647222937,-0.1026744517502308,-0.0909999999999997,-0.0771289681963998,-0.0612686995138753,-0.0455245962440581,-0.0300427901107454,-0.0177995810672147,-0.0069999999999998,0.0031791673845383,0.0121788315543224,0.0219895939983286,0.0319905361733181,0.0419890044468898,0.0519999999999997,0.0622452192195683,0.0687367666350382,0.0717668088592362,0.0753991340090172,0.0772395915785948,0.0789999999999999,0.080775013345424,0.0821614358364188,0.0841530501272563,0.0857036646770003,0.0886352274933855,0.0909999999999999,0.0941236231596834,0.0980605998889136,0.100214266260683,0.1034509093832563,0.1065211241065616,0.1089999999999999,0.1107665738438525,0.1121886832857599,0.1141107695536813,0.1157624518551191,0.1185440488086115,0.1199999999999999,0.1222164996538244,0.1259912233416891,0.1282996269878641,0.1312355392180987,0.133295868618228,0.1350000000000003,0.1367397401971437,0.1382426990514474,0.1398014145709933,0.1401262514049682,0.1412200228975006,0.1410000000000003,0.1408396831023448,0.1408585580110125,0.1385510193656345,0.1379752152230703,0.1364861327377207,0.1339999999999999,0.1317250317577649,0.1275639613813917,0.1240089570043053,0.1205811620960454,0.1174117126886542,0.1139999999999998,0.1104827020463486,0.1086314201943894,0.1069747948177575,0.1053729955675316,0.103648315714015,0.1019999999999999,0.099594594417009,0.0968611595137104,0.0946364392726252,0.0919184857973395,0.0894743154423713,0.086,0.0832995095541575,0.0817634746337065,0.080165388408895,0.0799393459150745,0.078665744257718,0.078,0.0781313813936412,0.0772751361220648,0.0765856839732757,0.0756285104066373,0.074737888284681,0.0720000000000002,0.0693317836669571,0.0673161638333585,0.0638636763898547,0.0606882562191682,0.0559113363915517,0.0509999999999997,0.0461778800917932,0.0401621534598508,0.0350192734369578,0.0299671988588859,0.0249633590212814,0.0189999999999998,0.0131147444356729,0.0069310988372353,-0.0002684747587346,-0.0064505906756876,-0.0134502255293894,-0.0199999999999999,-0.0265786244718696,-0.0333976516407696,-0.0405301734685156,-0.049662091360701,-0.0575323237190008,-0.0669999999999998,-0.0772614358544996,-0.085566607021168,-0.0941851263916609,-0.1020730074774348,-0.1092744351217292,-0.1129999999999999,-0.114632584809051,-0.1159538140659198,-0.1161541572367805,-0.1177726834150815,-0.1192683313955081,-0.1209999999999999,-0.1219381113145046,-0.1226502070713956,-0.122410854058978,-0.1178158370466803,-0.1115759082590415,-0.102,-0.0905438927516603,-0.0754229648604918,-0.0573060902212021,-0.0418568508973143,-0.0244303573927665,-0.0089999999999999,0.0051190634099439,0.0172031744108136,0.023527993863099,0.0312003468468565,0.0369392398957419,0.0429999999999999,0.049138063192424,0.0540801110538167,0.0614671960906091,0.0673659419537294,0.0758604446130323,0.0829999999999998,0.0901551334844412,0.0981133385771888,0.1035441017487428,0.1149630089891897,0.1214226506149717,0.1199999999999999,0.1085481016342728,0.0783732340484224,0.0270339034557919,-0.0531746214613386,-0.1554386122987963,-0.2899999999999998,-0.4520321983311472,-0.6295469229088567,-0.8201709083669217,-0.9919359122458212,-1.1470294372258054,-1.2459999999999998,-1.2623133045385555,-1.240255166744797,-1.1272831712105245,-0.9151087684743234,-0.6629663407642347,-0.384,-0.1183503851469322,0.1002353930680378,0.234497723348083,0.2893566044621039,0.3118890501144997,0.293,0.2456698068053638,0.2012764552128641,0.1757152620983174,0.1692351715310845,0.1643383188082605,0.1689999999999999,0.1771984577568884,0.1807753856696906,0.1868332791278838,0.1919022551535527,0.1968137895365715,0.1959999999999999,0.1887130861715351,0.1796343634855927,0.1717165973632855,0.1673559396037437,0.1618099737350062,0.1569999999999997,0.1521483289392223,0.1467961494371535,0.1421194291296169,0.1372678649191407,0.1344358218708588,0.1299999999999999,0.1257251241606095,0.120580152358481,0.1103881342299325,0.0977169351283648,0.0846057369260249,0.0760000000000001,0.0694083981431494,0.0630035451068318,0.0578550408477504,0.0513573055705934,0.0460554350120141,0.0409999999999999,0.0366691933617267,0.0329422035394055,0.0281567946627135,0.0247819844331513,0.0212467141472143,0.018,0.0147537823863979,0.0111981289576355,0.0081087922466588,0.0047510253503309,0.002572230658068,-0.001,-0.0059555199346227,-0.0120157067942616,-0.0193105823343868,-0.025510938261732,-0.033886728170449,-0.0429999999999997,-0.0519832885912748,-0.0621665661935547,-0.0719007742593929,-0.0844277142491108,-0.0972637065189868,-0.106,-0.1127099175114269,-0.1192613166693473,-0.1261137697097572,-0.132429071850348,-0.1380770815719723,-0.1429999999999999,-0.1479491334386437,-0.1530832840480294,-0.1579226130325987,-0.1629448505456095,-0.1666239148191833,-0.17,-0.1734987341201173,-0.1753972314527544,-0.1770021376485994,-0.1786268852205844,-0.1803803011883047,-0.1819999999999999,-0.1828135384994055,-0.1841940814935051,-0.1861692931775853,-0.1873449285333734,-0.1882501594878201,-0.19,-0.1909718742397415,-0.1910194422053805,-0.1905083222295758,-0.1874827079350663,-0.1831045138166865,-0.1779999999999997,-0.1713912494173361,-0.164586835901806,-0.158160901543148,-0.1507586844826291,-0.1409698747178608,-0.1329999999999999,-0.1302247761091609,-0.1292584519826926,-0.1289064480476102,-0.1290112047082598,-0.12906575464553,-0.13,-0.1309131952750156,-0.1310718218074167,-0.1309059089494223,-0.1311402365460034,-0.1307856591837975,-0.1290000000000001,-0.1273826968052175,-0.1246206088717882,-0.1204850086332418,-0.1161783865822017,-0.1109681296813665,-0.1070000000000001,-0.1037588927476609,-0.1001019571978907,-0.0976201589762519,-0.0946874933087511,-0.0913655874856844,-0.0880000000000001,-0.0845447217725061,-0.0821034283932699,-0.0789888531440925,-0.0759046135932654,-0.0734979055714513,-0.071,-0.0693185262394007,-0.0675734721629831,-0.0667244866515562,-0.067170236872771,-0.0669054510983656,-0.067,-0.0678784167758557,-0.068095782280292,-0.0679098049900123,-0.068096669270362,-0.0678824565264967,-0.0669999999999999,-0.0661673834644348,-0.0653082295572036,-0.064578133176824,-0.0634277292891661,-0.0616512760487992
-0.06,-0.056328057114074,-0.0471944544561041,-0.0334311213622334,-0.0198608303007616,-0.0090674773850236,-0.001,0.0055834292461689,0.0134725842577824,0.0221570620796619,0.0302052454976664,0.0387840193806313,0.0479999999999998,0.0579304399109933,0.0681440629989767,0.0775572851399709,0.0865349802373456,0.0944563518532264,0.1010000000000001,0.1062174269721909,0.1092373681213104,0.1109947915220506,0.1127903134515626,0.1156810946321015,0.1189999999999999,0.1214814709211443,0.1241752506193072,0.1256115336031696,0.1265310349766752,0.1282426029254468,0.1280000000000002,0.1278729920238714,0.1281948665995266,0.12778830026718,0.1281809906654102,0.1278914923900797,0.128,0.1281602051413425,0.1272144103936248,0.1267286354712935,0.1252576693153739,0.1238147874437231,0.1229999999999999,0.1213808039349988,0.119202703799548,0.1159023241995095,0.1130961337296952,0.1117597097628296,0.11,0.1075008283705319,0.1050326898763925,0.1023957352221962,0.1003045777351768,0.0985346677110266,0.0950000000000002,0.0915747546841425,0.0880911049301536,0.0823994536433228,0.0769996909218981,0.0718677596047965,0.0650000000000001,0.0566965929088505,0.0486675923520569,0.0429043066687719,0.0402545591940816,0.0385811231901779,0.0359999999999998,0.0342670297012749,0.0327149147235564,0.0310033068363357,0.0294685566663496,0.032373828136969,0.0450000000000001,0.0593334107461783,0.0736000708765132,0.0889551871614452,0.09996311281626,0.1100880234703687,0.12,0.1306437511002507,0.1416269776296794,0.1494209412812349,0.1570469505869036,0.1630323127490949,0.1690000000000001,0.1758693103008803,0.1809607318906153,0.1863233544639972,0.1929554556565206,0.2034099446892381,0.2159999999999999,0.2278259465312959,0.2376207329555275,0.2463340128017504,0.2552824796232497,0.2593658359432003,0.2589999999999999,0.2536937577807124,0.2434576592193897,0.2210519096996819,0.172223873426508,0.0997030548259826,0.002,-0.1221676097818712,-0.2724589447221862,-0.4464483122524004,-0.6299586973953554,-0.8124285496233739,-0.9709999999999998,-1.0935790505769214,-1.1651378719269785,-1.1616231830867836,-1.0804366724490018,-0.9085844813089324,-0.6669999999999999,-0.3924138356253361,-0.1206455189626115,0.1017547849972848,0.2718550737279381,0.359865273577645,0.378,0.3782077725023892,0.3406484041279034,0.3042737990015537,0.2952598891186088,0.2901901005006837,0.3049999999999999,0.3179579963353864,0.3246216203619126,0.3344228288788333,0.3386995433802036,0.3466455181579527,0.3499999999999999,0.352124383811894,0.3550699665881754,0.3555454257466082,0.3597288849478662,0.3611214265948616,0.3639999999999999,0.3661205807586543,0.3660721759897377,0.3684886370205528,0.3691180564402964,0.3701985219857491,0.3689999999999999,0.3664725797466704,0.3630398699833657,0.3584501044224678,0.3560583087616933,0.352149610316133,0.3489999999999998,0.3449954646037321,0.3409988804164556,0.3375619355050462,0.3292726120494998,0.3201903633569383,0.3099999999999999,0.3012477097497124,0.2954113940520985,0.2896647177958242,0.2852396594024989,0.2799342495934164,0.2759999999999998,0.2719697076051895,0.2679464174636087,0.2651857300479352,0.2594634922352539,0.2539958276907072,0.248,0.2412834153110869,0.2339065405101517,0.2237417602782294,0.2144594601378365,0.2049726188683707,0.1940000000000001,0.1814782402021756,0.1705566389539829,0.1607807712699422,0.1449646807963573,0.1279245492494212,0.116,0.1090908924931473,0.1030348167731239,0.0953190001298024,0.0881578516541557,0.080458392696145,0.074,0.0675747945428859,0.0596563546425729,0.0537787357142955,0.0492574874495556,0.0451850417293784,0.041,0.0389875404032905,0.0392560056448671,0.0380800017363158,0.0363252032412808,0.0346740736662308,0.0329999999999999,0.0305071452841668,0.0289064346543712,0.0294792486246889,0.0304776942126658,0.032413686268284,0.0339999999999999,0.0363482326579473,0.0392602369359672,0.0411498639196213,0.0445101919978117,0.0474186441443062,0.0490000000000002,0.0506742612905483,0.0522956414597895,0.0542444268861441,0.057638940762568,0.0632320346300202,0.0699999999999999,0.0783047745611405,0.0861212786876097,0.0939466041905618,0.1044272335693763,0.1166798384663607,0.132,0.1444863281260926,0.1497276921821636,0.1527221657769357,0.1545249081340814,0.1550272050580877,0.1550000000000001,0.1564650278986553,0.1591445646226542,0.1610977592957857,0.1622977228519783,0.1618726903708039,0.1619999999999999,0.1614155539166558,0.1593715003259925,0.1587323909488376,0.1571983196558874,0.1559190847861915,0.156,0.1551795717274625,0.1548047893333462,0.1554348688321184,0.1566144251531477,0.1598396315286484,0.1639999999999998,0.1657738762375583,0.1676955593524062,0.1708228767884898,0.1725849333597918,0.1744002045300977,0.1759999999999998,0.1775585688994534,0.1799796894370768,0.1827435939813108,0.1867179657718319,0.1907216455415853,0.1939999999999999,0.1973481978755971,0.2002241769528305,0.201718049900252,0.2019463831143977,0.200573269045466,0.1979999999999999,0.1955711145144754,0.1923051564015771,0.1894409615874617,0.1867956454256219,0.1833731408056427,0.181,0.1784837353066172,0.1765995649982969,0.1746887661127359,0.1719647288716873,0.1693616058232555,0.1649999999999999,0.1615206159379468,0.1585126430204969,0.1548851389841198,0.1515480090539278,0.1471537025732219,0.1440000000000001,0.1393635019630075,0.132034564446706,0.1241660175732885,0.1158001254152572,0.1100825090672762,0.1059999999999999,0.1033346440011415,0.101280042073336,0.0981157216199359,0.0966433546649906,0.0958051990176421,0.0950000000000001,0.0935316817366123,0.090384682902954,0.0869596045465107,0.0837535895318184,0.080145085495822,0.0749999999999999,0.0707266325186493,0.066742020196475,0.0628258249583383,0.0593495266950792,0.0523931917248019,0.0450000000000001,0.0383456577260735,0.0325235344529188,0.0288782831955679,0.0236722530342607,0.0178486359819431,0.0109999999999999,0.0032440182412054,-0.0016017563915387,-0.0054794915802286,-0.0118959506252367,-0.0194710837289324,-0.0280000000000001,-0.0419549457766219,-0.0548199653509104,-0.0618765792888472,-0.0687629121892176,-0.073802721376496,-0.0780000000000001,-0.0822870390768861,-0.0860922409296781,-0.090836635607125,-0.094189772905962,-0.0978259850814748,-0.1019999999999998,-0.1069049050792972,-0.1117086542463019,-0.1148390163540502,-0.1182403656886133,-0.1189203331644658,-0.1190000000000001,-0.117814297412868,-0.1129152079843608,-0.1080147419905772,-0.1009015545969346,-0.0934263804526114,-0.08,-0.0574494372641272,-0.0368753855228927,-0.0169991536455765,-0.0027482542824363,0.0016200400225814,0.0059999999999999,0.0088561356833925,0.009509738182143,0.0106605105227613,0.0113328910955953,0.0135655534968456,0.0159999999999999,0.0177095107088439,0.0183823516365206,0.017233994852605,0.0171506499265042,0.016711432217527,0.0139999999999999,0.0099678122586557,0.0052974042553484,0.0024619912068318,-0.0063425461950487,-0.0376109560808282,-0.0990000000000001,-0.1887458907153926,-0.3070521869091394,-0.4553047885822591,-0.6272878813047382,-0.8183057613693122,-1.014,-1.1974785283886116,-1.3542520136388765,-1.4442505412871554,-1.4677813119958754,-1.4392183928493842,-1.3169999999999995,-1.1061120347031732,-0.8428259318301493,-0.5551963642517073,-0.2915237919809965,-0.0757475859760642,0.064,0.1245746419350072,0.1435629810325914,0.1267804728593544,0.0950077504266281,0.0750280319510676,0.0679999999999998,0.0762428878772483,0.091041771485914,0.1101148010486597,0.127913443821961,0.1349305671034343,0.1409999999999997,0.1471707950566093,0.1511097123059543,0.1559034586335133,0.1588405638025531,0.160274930898313,0.1610000000000001,0.1594887062360723,0.1570067662467384,0.1542138506139211,0.1504866051400712,0.1474640322081067,0.1440000000000001,0.1389762837002758,0.1342020206536374,0.1279007729512082,0.1194700613295774,0.1100823248517422,0.101,0.0934286520361694,0.0864719634199336,0.080822850929312,0.0760853340172455,0.0709599620670162,0.0659999999999999,0.0617686084832851,0.0578122556503142,0.053036807145152,0.0479199399015309,0.0415215668977315,0.0329999999999997,0.0245558346826949,0.0170001762801715,0.0094400081795174,0.0022313154449441,-0.0043480211648902,-0.0120000000000001,-0.0203606997059352,-0.0286088355447018,-0.0370664912302354,-0.0452869463384076,-0.0536698316832465,-0.0620000000000001,-0.0725313512258885,-0.0847256212131958,-0.0948773382455966,-0.1053811604518992,-0.1160151469993552,-0.126,-0.136874120737461,-0.1470306896549102,-0.1573034471751921,-0.1684962022470917,-0.178941176840034,-0.1869999999999999,-0.192869074628337,-0.199043353812527,-0.2069246036626036,-0.215105129354835,-0.2209630940637401,-0.2249999999999999,-0.2283719408017641,-0.2316295817956369,-0.2347927950572554,-0.2365943440738514,-0.2384515354191165,-0.241,-0.2435412329822605,-0.2454450358092961,-0.2469289369387826,-0.2485651800129613,-0.2490586478910794,-0.2499999999999999,-0.2502648933987784,-0.2485733018132861,-0.2472100302097402,-0.2449582182091765,-0.2425699971053311,-0.2399999999999997,-0.2366514334092622,-0.2333456889408158,-0.2303270652188328,-0.2275999928046322,-0.2184623981405743,-0.2039999999999997,-0.1921478995415287,-0.1808911369163089,-0.1687002649796849,-0.1581072252609325,-0.1507912665236917,-0.146,-0.1432949878495274,-0.1418387524996269,-0.1396873729487604,-0.1389575070820188,-0.1389451932629669,-0.139,-0.1399455975461235,-0.1394404783182083,-0.1386943853252784,-0.139499099853356,-0.1414446637836311,-0.144,-0.1479859063014732,-0.1531404939003834,-0.157526530883187,-0.1616620519657661,-0.1658855888906165,-0.1709999999999996,-0.176082755744573,-0.1808791834974049,-0.1858911227217667,-0.1892443502748269,-0.1943746521599268,-0.2039999999999996,-0.2179272229175719,-0.232685225812173,-0.2460993853140092,-0.2610202530235343,-0.274707483269603,-0.2929999999999998,-0.3241865955618499,-0.3686333276402234,-0.4245835215997379,-0.4865202157073701,-0.5566075009087901,-0.629,-0.6995858818344498,-0.7697800030303016,-0.8234317771548536,-0.8550419352320329,-0.8607132035899053,-0.8389999999999996,-0.7886640554267356,-0.6885247893265879,-0.5505687750398152,-0.3965021740672381,-0.2291094435555427,-0.0639999999999998,0.0905728898573162,0.2309170432907942,0.3534859838819618,0.4592791365202426,0.5485639704732587,0.6179999999999998,0.6573286218077076,0.674416506032137,0.6740120244290455,0.6474363377786422,0.6033599785864305,0.5509999999999996,0.498047161757797,0.4489095503406038,0.4043875095097309,0.3759217321040167,0.3600556347321823,0.3449999999999999,0.3323957892024255,0.3177562299966573,0.2920888388150951,0.2547502250590314,0.2065372286451159,0.15,0.0907396319084812,0.0335442507427944,-0.0188398603333469,-0.0662577335849968,-0.1064812254294774,-0.1429999999999997,-0.1781633690744961,-0.2014644108424971,-0.2182320313798235,-0.2377982937321571,-0.2539714428558895,-0.271,-0.2912923535352077,-0.3073131868688863,-0.3173578178807076,-0.3229088427549088,-0.3281837922046003,-0.3339999999999998,-0.3382198124193193,-0.3423356984535913,-0.3461811655339484,-0.3491935721721937,-0.3528017433479767,-0.3569999999999997,-0.3611240147272787,-0.3658938432677271,-0.3710898130775413,-0.3760066458045445,-0.3825277666694375,-0.3909999999999999,-0.3979065967165062,-0.4034205047888027,-0.410158451792537,-0.4162784105138004,-0.4223282567316079,-0.429,-0.4346264427068339,-0.4438381914217812,-0.4571870140026476,-0.4699785589106439,-0.4825735078177545,-0.496,-0.5108954561222305,-0.5261614263199509,-0.540781503850069,-0.5563671763439,-0.5720639221205007,-0.5869999999999997,-0.6019839814517878,-0.6170303418984068,-0.6319228504839468,-0.6473235355996012,-0.6646005712882916,-0.682,-0.6943425789621351,-0.7009399799261989,-0.7060869030392062,-0.7106464413096758,-0.7133888581199064,-0.714,-0.712480779232031,-0.7095706863674167,-0.7052136313397952,-0.6995251851102737,-0.6909391918343956,-0.6779999999999999,-0.6595961561165671,-0.6340941327745293,-0.6065933641737613,-0.5781559051659171,-0.5451150039925956,-0.51,-0.4727650825796099,-0.4336613169102366,-0.3942795542786902,-0.3536013346012877,-0.3129769948711792,-0.2740000000000001,-0.2365454794346699,-0.1979209064265286,-0.1582721442174904,-0.1196005936646571,-0.0815105165902436,-0.0459999999999999,-0.0138395913149878,0.0123401294604966,0.0336548690345171,0.0559278043692606,0.0756982275398552,0.0960000000000001,0.1190647783015997,0.1347538367490833,0.1448207729612247,0.1526187413741811,0.1567665587424261,0.1619999999999999,0.1672119110206041,0.1711463165251573,0.1757995249529616,0.1791824063704051,0.1829116737982771,0.1879999999999998,0.1929284551797325,0.1986773027230472,0.2041472667104024,0.2088303572570362,0.2126117942151489,0.2149999999999997,0.2182343258895038,0.2218233963732973,0.2245879668116403,0.2267750656029441,0.2283053178875421,0.2299999999999997,0.2309235543958949,0.2315250356994014,0.2326876691371722,0.233017473693921,0.2330120688803607,0.2329999999999997,0.232981993847588,0.2330091701152825,0.2332359922955723,0.2347175742178315,0.2362231364369461,0.2369999999999999,0.2378302665566176,0.238655620631151,0.2395428603207614,0.2401637729729978,0.2398644779183492,0.239,0.2382080278194033,0.2367733485932104,0.2349043151769061,0.2334227064858543,0.2315641235486017,0.2289999999999999,0.22644717449755,0.2238358904204654,0.2178757982523374,0.2102254026476628,0.2065332205834036,0.2040000000000001,0.2013442403103827,0.1997830889387505,0.1977769707676372,0.1967209479940246,0.1957503882865407,0.1949999999999998,0.1950730349633404,0.1947298758393078,0.195995203566858,0.1973917451117366,0.1982501980705351,0.1999999999999999,0.2016121251875375,0.2039843959393678,0.2061626891978775,0.2075872232884933,0.2093600098409068,0.211,0.2126665011135428,0.2143081041945884,0.2160794440181926,0.2174358687645293,0.218100038664255,0.2179999999999999,0.2164195239722338,0.2141330590290635,0.2110281717337489,0.2077147818694052,0.2042507185548547,0.2010000000000001,0.2000950446354216,0.1988961987704712,0.1968074777803831,0.1954687330014117,0.1935988957718042,0.192,0.1903922013163486,0.188563464761906,0.1871327322756039,0.1851778111786201,0.183866110604817,0.1840000000000001,0.1848145821651475,0.1856874332370197,0.1864890245100625,0.1873179842890824,0.1882345387937957,0.1899999999999999,0.1917569554030892,0.1927338425670741,0.1931672975652425,0.1928428722742251,0.1931613267715639,0.1939999999999997,0.194037640331216,0.193943167556878,0.1942918900074164,0.1956860472662989,0.1972251065509316,0.1979999999999998,0.199616692842748,0.2009544237922088,0.2008912785290587,0.2011628541156435,0.2007801831289084,0.1989999999999999,0.1973043823627321,0.1957054932392335,0.1939539956517014,0.1923880479899979,0.1906091667327548,0.189,0.1889486818756821,0.1885739937839384,0.1872463924577666,0.186915051704348,0.1856100625521587,0.1840000000000001,0.1832559177521507,0.1816145947838395,0.180401088658275,0.1798094646649487,0.1801821945295703,0.1809999999999999,0.1816262652146293,0.1845167459213006,0.1880320188451234,0.1914035178485199,0.1945196089175659,0.1970000000000001,0.2004213795058642,0.2024131513897658,0.2045938583278272,0.2086004581069206,0.211480729237328,0.2139999999999999,0.2165670776595079,0.2180748399895844,0.2171149310243093,0.2155334244032599,0.2147487681178019,0.2119999999999998,0.2086209756006607,0.2053798629922087,0.2020190100859628,0.1984401033083682,0.1942127515484704,0.1910000000000001,0.1869313266551253,0.1829747008941491,0.1806712461335584,0.1778150219282134,0.1756680275234497,0.174,0.1722928914107548,0.1707415215343291,0.1689120931994439,0.1674092184768931,0.1656234012926091,0.164,0.1623752067721706,0.1605946810449035,0.1590852174863914,0.1572480162753765,0.1557595860579181,0.1549999999999999,0.1550054725326298,0.1544888030563868,0.1533593856381337,0.1527748029421506,0.1517734338556976,0.1510000000000002,0.1502545364915289,0.1487187358698454,0.1469128479550664,0.1455928365557127,0.1447858959610796,0.1429999999999999,0.1413064321508901,0.1392660195905693,0.1355846757979518,0.1284795155837077,0.1165202160836733,0.1069999999999998,0.0998593662615386,0.0892565071520488,0.0798249567640283,0.0738597788743172,0.0691030997286155,0.065,0.061587449070105,0.0589030946541765,0.0568797262319965,0.0554350217709136,0.0535133749225725,0.0489999999999999,0.0385900939387352,0.0264985599014442,0.019167695952349,0.0139300924601368,0.0090598416915988,0.0039999999999999,-0.0010992766162792,-0.0060894034415677,-0.0146302480635483,-0.0252808075353638,-0.0362554231784282,-0.0469999999999999,-0.0547427823399552,-0.0607636174329758,-0.0660461256580529,-0.0712661689240873,-0.0786023682840493,-0.0859999999999997,-0.0911313703349639,-0.095395316502125,-0.0991207174193588,-0.1022914179056951,-0.1055945439059577,-0.107,-0.1062368010812411,-0.1048378130580283,-0.1022811823660892,-0.0981938612723939,-0.0928182007197199,-0.085,-0.0713568566303347,-0.0543660849425959,-0.0389653416212712,-0.0240566248124805,-0.0104446399983956,0.0019999999999999,0.0132451567107671,0.020486472717594,0.0273328693010389,0.0347752496485333,0.0399049457806671,0.0449999999999999,0.0509208354420621,0.0555940787914937,0.0587548107416152,0.0603203043319742,0.0582357662778454,0.053,0.0461527098308707,0.0288210861759608,-0.0102458401963646,-0.0703842687684586,-0.1525780908588589,-0.263,-0.3998029667370513,-0.5596301906359026,-0.7367926145096045,-0.9208631268984414,-1.1008641906484844,-1.258,-1.3754199885730438,-1.4381859068534324,-1.4248187992975845,-1.3242599367644974,-1.138395759468397,-0.8809999999999999,-0.5856860795175616,-0.2971045942128259,-0.0557878726583348,0.1104650785393919,0.1949053162305333,0.213,0.1842624038545628,0.1366473611094037,0.1054114783786572,0.096080629461721,0.0998349044698926,0.117,0.1390761967126364,0.1556322542304397,0.1643719236748785,0.1683088068875772,0.170050874401178,0.1669999999999999,0.1611258835363203,0.1555013140121298,0.1489515592450756,0.1425742080542011,0.1368557987122068,0.1309999999999998,0.1244927433088741,0.1164169588369342,0.108031604334842,0.0992260378079253,0.0874210156463037,0.0749999999999999,0.0649876470273723,0.0539877110383689,0.0418732820378619,0.0327642269566912,0.0256298359924661,0.02,0.0173411123074693,0.0156362055662146,0.0143428801043605,0.0137657735415027,0.0127812220062124,0.012,0.0112604132322512,0.0096549275811613,0.0083225281794817,0.0078165680290754,0.0066785060213699,0.005,0.0041545061538018,0.0028603681091347,0.0007735750537729,-0.0003802299929581,-0.0027455054928546,-0.0079999999999998,-0.0123894289120852,-0.0154596889052824,-0.0195431082354354,-0.0237625488263415,-0.0307842279354543,-0.041,-0.0508638461907705,-0.0628188733093248,-0.0748295261621539,-0.0828142691000313,-0.0892528122988314,-0.0950000000000001,-0.1000688662723586,-0.1043596884095371,-0.1088201717607919,-0.1139856927866255,-0.1176102349422782,-0.1209999999999999,-0.1251937002429613,-0.1288407103135121,-0.131489494152315,-0.1342048833297498,-0.137694138434818,-0.141,-0.1451147275449807,-0.1492856823840054,-0.1544155930669601,-0.1622639148905396,-0.1692461063080105,-0.1750000000000001,-0.1792680685426499,-0.1843742342140343,-0.194673913240995,-0.2043110616970983,-0.2099473963792169,-0.2140000000000002,-0.2166382183289922,-0.2179018892486627,-0.217744342667618,-0.216100908604864,-0.2120054817083192,-0.2070000000000002,-0.2021602893443115,-0.1956855553422019,-0.1893819872902788,-0.1835601507819583,-0.1765594527031513,-0.1699999999999999,-0.1642165916688072,-0.1577707720104791,-0.1506701234488257,-0.1426866000368828,-0.1343779800470379,-0.126,-0.1159822849753574,-0.1074511051379909,-0.1016012637881445,-0.0956721542113968,-0.0912474071625971,-0.0869999999999999,-0.0819290240910664,-0.0772424934979244,-0.0710929887292001,-0.0643497471424208,-0.0575867687599681,-0.0499999999999998,-0.0417374883967736,-0.0327780985677625,-0.0232331825981315,-0.0153867034883825,-0.0128397357820087,-0.0120000000000002,-0.0102343154049136,-0.0093902926935499,-0.0083128380798639,-0.0080616363072389,-0.0078452634377423,-0.0069999999999998,-0.00704978943409,-0.0063331619115221,-0.0058733925370201,-0.0060303386665966,-0.006020527974287,-0.006,-0.005143839091436,-0.004924334158044,-0.0047713907282166,-0.0033291471094583,-0.0016782447898322,1.8947806286936004e-17,0.0016817781616009,0.0032768335212067,0.0053463156244619,0.0081241397857273,0.0104101679038032,0.013,0.0164194369891681,0.0189442167153085,0.0219607313260423,0.0251392559285123,0.0274746544602701
0.03,0.0317275572424932,0.0332724762761459,0.0350280083192526,0.0366941299368264,0.0382342022624782,0.0389999999999999,0.0406144751860182,0.041917447942666,0.0422317614678888,0.0435990608533712,0.0439239950376781,0.044,0.0456969887416472,0.0466998948859441,0.0478198309808546,0.0497678921433511,0.0512839234495827,0.0529999999999999,0.0554110849795715,0.0586621266394026,0.061691446251395,0.0638503678547229,0.0666383232574122,0.0699999999999999,0.0733272786595509,0.0766806124758991,0.0799852092107146,0.0833387976425951,0.0866779176059802,0.0899999999999999,0.0918860252795474,0.0920370322145763,0.0917870841646263,0.0901018446938162,0.0875060196873611,0.085,0.0816617982871873,0.0788603074987352,0.0766065394328927,0.0739450476552993,0.0714727234137832,0.0680000000000001,0.0645093145817281,0.062146662853781,0.0589468304095153,0.055951622552856,0.0534194861225252,0.05,0.0473946659420649,0.0451908684174517,0.0419916588019139,0.0387184625205091,0.035245632166777,0.031,0.0260849508272637,0.0203492624440275,0.0147859452316768,0.0101760651549065,0.0048685110199299,1.8316212744038136e-16,-0.0032425428616232,-0.0079066164689843,-0.0124871589292739,-0.0147159314499698,-0.0162699478236276,-0.0169999999999998,-0.0177544720264404,-0.0188294844110252,-0.019211769833309,-0.0209774183020619,-0.0232343795229091,-0.0209999999999999,-0.0137478846874723,-0.004718736019759,0.0045829706616278,0.0134315727741388,0.0216865559958295,0.0319999999999999,0.0468319999561609,0.0609653617759587,0.0701431333594603,0.0806743152270406,0.0919388064107363,0.0989999999999999,0.1049000249240553,0.1095501915396375,0.1133672770984151,0.1175943405513827,0.1205397963825544,0.1240000000000002,0.1281977334265429,0.1325803580665856,0.1396937961173185,0.1482109279049021,0.1540383570525352,0.1609999999999999,0.1677388288784351,0.1645484956774463,0.1538759274894136,0.1294188461823418,0.0788811481278481,0.0049999999999997,-0.0947139061925755,-0.2209294870973233,-0.3708843381007592,-0.542863334600561,-0.7259563026327861,-0.9089999999999998,-1.076866845648887,-1.2112132629675842,-1.290783664773343,-1.2947046358527146,-1.2137704993991605,-1.0459999999999998,-0.8076040808116124,-0.5282817922391526,-0.2451500341714089,0.001400765017808,0.1891203672313765,0.3039999999999999,0.3459778142220022,0.3311579288602105,0.2837535357981109,0.2443646987351453,0.2292079852402212,0.2229999999999998,0.2200458585473035,0.2214589649104257,0.2259540467625078,0.2306928188811322,0.2334430298533449,0.236,0.2393953331224663,0.2416140079132929,0.2424560830847558,0.2432751279765156,0.242744411351422,0.2409999999999998,0.2386449881813964,0.2348224799547272,0.2301027068025335,0.2247974697946204,0.2187077659291787,0.2119999999999997,0.2060842320597615,0.2004365013618796,0.1946069270312636,0.1906434459964133,0.1872507082468121,0.1829999999999999,0.1787515921629411,0.1753345953556735,0.1716403306977791,0.1674050392259997,0.1644618728923431,0.1609999999999998,0.1568014307049542,0.1527220906156241,0.1484774010427211,0.1441715571810625,0.1389858359601824,0.135,0.1303368120028334,0.1226302101286679,0.1128635042466519,0.1014989725640326,0.0924308938131972,0.0849999999999999,0.0782288332702547,0.0714416649016431,0.0626229381514721,0.0553531083554119,0.0486191197563287,0.0429999999999999,0.0389793280466193,0.0337980234977431,0.0296684652246379,0.0249276686992982,0.0200944734305268,0.0139999999999999,0.0047667688428148,-0.0035287237085928,-0.0126788469619066,-0.0211156675113002,-0.0301233059800782,-0.0409999999999998,-0.0463745721447004,-0.0501575862847827,-0.0540198076589069,-0.0556596372625729,-0.058670105536455,-0.061,-0.0633001745129721,-0.0668942811570491,-0.0691345947991946,-0.0705869632733003,-0.0724363233120234,-0.075,-0.0767917473905284,-0.0780585468948704,-0.0809010744855566,-0.084373282448393,-0.0875864617471247,-0.089,-0.0867605476412884,-0.0826941747481989,-0.0782643538077174,-0.072406126398065,-0.0641155808820096,-0.0529999999999999,-0.0404127855421077,-0.0294935129457361,-0.0213894332651231,-0.0140951341921604,-0.0080202757608246,-0.005,-0.0032929292182321,-0.0022098695801218,-0.0016143406138968,-0.000577423975866,0.0001173310824429,0.0009999999999997,0.0018849962300658,0.002566656549585,0.0036491197795685,0.0040591876416128,0.0039424578482555,0.0029999999999997,0.0013384014808838,-0.0007178986193174,-0.0044137130376009,-0.0086676250459157,-0.0128610226135862,-0.0170000000000003,-0.0203561602229962,-0.0236886424947788,-0.0266790768948322,-0.0288464108611021,-0.0316574160327596,-0.0350000000000001,-0.0375069825144376,-0.0404874555837168,-0.0442033741814896,-0.0470084593416706,-0.0495234460841119,-0.0519999999999999,-0.0537405533202064,-0.0547938357682089,-0.0548711068632964,-0.0530457299245301,-0.0505879363409721,-0.049,-0.0465817984448846,-0.043907463555818,-0.0415479253645837,-0.0391274149276116,-0.0377598684110399,-0.0360000000000001,-0.0342199957620937,-0.0333305062400171,-0.0325133182776971,-0.0315081536385811,-0.029579316526122,-0.0279999999999999,-0.0271554507534336,-0.0263825062256112,-0.0251418813093003,-0.0232544872956426,-0.0216895303578299,-0.02,-0.0190952480382542,-0.0183799101109116,-0.0177921312662969,-0.0179892114830631,-0.0166715849797567,-0.0159999999999999,-0.0153770108325774,-0.0134217475008585,-0.0126726928881981,-0.0112724268756344,-0.0098147770754552,-0.0089999999999999,-0.0073503184089772,-0.0056879071907591,-0.0039171274229427,-0.0025711021810721,-0.0018665266472596,-0.001,-9.11202815261242e-05,2.1346604725936103e-06,0.0003598564777201,0.0012595379690826,0.0008733032026662,0.0009999999999999,0.0018629780556003,0.0026146980066992,0.0035203339507433,0.0044932467854199,0.0063548637633007,0.007,0.0076411060454202,0.0095214814729245,0.0104513931054086,0.0114244178959341,0.0120979592571902,0.0130000000000001,0.0139568889863464,0.0139601814567036,0.0140836214539642,0.0139124143006285,0.0140547607305198,0.014,0.0139677690924485,0.0136009544556787,0.0121509738436319,0.012171685197759,0.0117892188400225,0.0110000000000001,0.0111325239806082,0.0097146346417937,0.0083490739860763,0.0076071061457492,0.0054790599104541,0.0030000000000002,0.0005966990104342,-0.0026487843321901,-0.0065156998476117,-0.0155925563179504,-0.0297681362575088,-0.041,-0.0523862296380883,-0.0649081680903765,-0.0742888526157148,-0.0816239722116834,-0.085580999456024,-0.0889999999999999,-0.0925574336551382,-0.0943132359253262,-0.0958833781716345,-0.0955864978816511,-0.0934414106822599,-0.0889999999999998,-0.0824045142858043,-0.0751359033311986,-0.0669316323333303,-0.0563196023818379,-0.0435648304172777,-0.0339999999999999,-0.0257553863001258,-0.0176273549770732,-0.0111540768817015,-0.0043595483512084,0.0010701614042513,0.008,0.0142268184853999,0.0179767405777307,0.0233313876860276,0.0273627007376483,0.0306557406613686,0.033,0.0346849665334394,0.0349773802682418,0.0320126038995012,0.0284064484989588,0.0227607529399744,0.0149999999999999,-0.007522281634492,-0.0530596162290933,-0.1160263609120416,-0.2030462564199862,-0.3154457838736345,-0.4539999999999997,-0.6151075332611619,-0.7889338985876795,-0.9690518027497534,-1.1383264627331755,-1.2819177012753713,-1.382,-1.4217497110011943,-1.3829196875000769,-1.255893762969024,-1.055995102232914,-0.7971762498736167,-0.5239999999999998,-0.2709975770272711,-0.0634019937885285,0.0465663610587238,0.0894183681979658,0.1042006671225233,0.0889999999999999,0.0718735529741623,0.0579710786474151,0.0575666597219181,0.071137601721046,0.0767899983609824,0.084,0.0889182988748351,0.0890160188036294,0.0870763113006785,0.0778966710419958,0.0695028415381779,0.0609999999999999,0.0531921084596635,0.0469932742721595,0.0395783524616858,0.0338738194260557,0.0276052866819797,0.02,0.010905615400229,0.002066190065643,-0.0058730656659179,-0.017080915402382,-0.0337783325164008,-0.0539999999999999,-0.0731602423218484,-0.093382801441918,-0.1149210224644603,-0.1370118933235264,-0.1593076428989746,-0.181,-0.2055287411010909,-0.2226241260957031,-0.2298525470489719,-0.2366262259549911,-0.2405573382250233,-0.2439999999999998,-0.2468616958496046,-0.2469474484508773,-0.2469470175567525,-0.2448280756764982,-0.2412612462953012,-0.2369999999999998,-0.2319926740907231,-0.2270272089582329,-0.2218181840828244,-0.2147622959245834,-0.2051192567100416,-0.1989999999999999,-0.197293744686346,-0.1955970775637452,-0.19442280713081,-0.1936820917275505,-0.1928380142308404,-0.1920000000000001,-0.1911437731262976,-0.1904002309964066,-0.1893414217261242,-0.1891384431545941,-0.1901805323929571,-0.1899999999999999,-0.189806602523328,-0.1908948443946933,-0.1907998664953347,-0.1915910742851946,-0.1932274556586387,-0.194,-0.195689623307452,-0.1966940833192811,-0.197885540403146,-0.1995229007250369,-0.2001210319211073,-0.201,-0.2010354888785157,-0.2014636245364131,-0.2026797662752839,-0.2031963232559484,-0.2042489008205539,-0.2049999999999999,-0.2049754070543008,-0.2054962567380445,-0.206962010669696,-0.2086941954089072,-0.2102422120138183,-0.2100000000000001,-0.2069354191033573,-0.2006831732131465,-0.1908855603183686,-0.1809829180181234,-0.1664152046772045,-0.148,-0.1382638368239971,-0.1296671210980922,-0.114259652102088,-0.0996236883230713,-0.0893063070298235,-0.0830000000000001,-0.0772238365597491,-0.0716900356606818,-0.0676316690717364,-0.0630821915007906,-0.0579058154679809,-0.052,-0.0461961217281964,-0.0396965468527145,-0.0337856783434568,-0.0313238991363832,-0.0296132182821068,-0.0280000000000003,-0.0271624211872951,-0.0263197859462187,-0.0255220915362494,-0.0246488633806558,-0.023839527678181,-0.0230000000000001,-0.0222015250077493,-0.0207959064954299,-0.0188482702795523,-0.0176092074790458,-0.016848305638989,-0.0160000000000002,-0.015150771119927,-0.0143761368151152,-0.0134070872151649,-0.0129120996962297,-0.0130234943944288,-0.013,-0.0129881630600658,-0.0130460675423273,-0.0126702768289614,-0.011524096974325,-0.0109365355065525,-0.01,-0.0082259732132143,-0.0074369319789487,-0.0059637918970923,-0.0046279276499718,-0.0037325340242009,-0.002,-0.0011290741187573,-0.0002965650795623,0.0001068514586822,-1.5254481866286873e-05,-3.249934135859197e-05,-9.473903143468e-17,0.0008858407907402,0.0009922285517241,0.0013990938158909,0.0023063738007503,0.0032892488664476,0.0050000000000001,0.005813161892453,0.0072619178066367,0.0091274160845926,0.0130157490545946,0.0191810397982121,0.0249999999999997,0.0340089332108495,0.0429231438133434,0.0512367463400576,0.0601407958086098,0.0632124775996379,0.065,0.0684271669285267,0.071044460913775,0.0727671043701606,0.0707504024615833,0.0674255798447503,0.0649999999999997,0.0631936814044357,0.0624445881490843,0.0610073196220998,0.0595137414551602,0.0589382083512396,0.0589999999999998,0.0597688604905667,0.0612069732925596,0.0634107288152479,0.0660794988532837,0.0683959900222773,0.0699999999999999,0.0716293864684847,0.0738004604645625,0.0770951012093436,0.0798854509965436,0.0812858031702297,0.0829999999999998,0.0831922615101225,0.0822673217696938,0.081313067869036,0.0789516257453294,0.0764973663321823,0.073,0.0688107867482658,0.0635703453350784,0.0530853053036859,0.0421421875610343,0.0360641910332804,0.0319999999999998,0.0293214588741373,0.0278010499584924,0.0255296628946599,0.0230145541753314,0.0204800202658698,0.0179999999999999,0.0155411154085627,0.0128987447112188,0.01068480140892,0.0076378181852863,0.004423952685385,0.001,-0.0047857880706827,-0.0101631960365093,-0.0149587465137302,-0.0196892261900863,-0.0225143546841977,-0.0260000000000001,-0.0295210710840772,-0.0314532491433499,-0.0321973935457735,-0.029371191925137,-0.0238118085517767,-0.0170000000000001,-0.0059697232530827,0.0111238812675008,0.0308161101062161,0.0491098411652522,0.0664305348795883,0.0830000000000002,0.0994766142932551,0.1177441958181278,0.1349940829112517,0.1498588918807942,0.1650670895087674,0.179,0.1892988390716589,0.1971096798102966,0.2046476740561109,0.2138145160923668,0.2226271169321658,0.2309999999999998,0.241734336407498,0.2527095533712871,0.2635201265987105,0.2709901983383525,0.2690936977761057,0.265,0.2560994635710979,0.2251340629442538,0.1709876007145408,0.0913855058764936,-0.0209620862590905,-0.1630000000000001,-0.3353154778265297,-0.5298082609050304,-0.730212170526531,-0.9202799101143776,-1.076784376039808,-1.1850000000000005,-1.226616852415343,-1.1832471208088031,-1.0503291239676136,-0.831694216547089,-0.5608806295866683,-0.2800000000000002,-0.0249037767158958,0.1753545404280899,0.3107882912995426,0.369502638154712,0.3771367620433097,0.3759999999999999,0.3634293994547875,0.3514815856083161,0.3569292346348076,0.3665197415431846,0.3730614657982306,0.3770000000000001,0.3811430436326254,0.3843955870623426,0.3858961173901982,0.3874617332934463,0.3866958549443652,0.3849999999999999,0.3817852581603911,0.3786533682652759,0.3768562058162825,0.3736864217064209,0.3717407929243676,0.3699999999999999,0.3675170221484161,0.3644711182055071,0.3611518235208318,0.3592769145088261,0.3563299623594735,0.3540000000000001,0.3524768310606181,0.3498977797950131,0.347696795543462,0.3446701316924218,0.3412838845039638,0.3359999999999999,0.3284200130016596,0.3221222882111026,0.3169720124813091,0.3119000832253362,0.3056527176992549,0.2990000000000001,0.29177678150394,0.2816678748660922,0.2696421584365635,0.2569620217878002,0.2460885829214357,0.2380000000000001,0.2305821135439666,0.2215849762282194,0.2093604649438209,0.197883094015573,0.1909352601728533,0.187,0.1837464751027099,0.1796577555531784,0.175854557030679,0.1726654206563614,0.1677759691322863,0.1589999999999999,0.1457996503103733,0.1333738386448865,0.1263534814600067,0.1203164060462659,0.1123867929799034,0.1040000000000001,0.0905572774752425,0.0722257954554917,0.0595189181465755,0.0545236294795222,0.0513574449278439,0.0479999999999999,0.0445746046034083,0.0424621499637496,0.0411636453244294,0.0393219636917159,0.0390920707773943,0.0389999999999999,0.0380036790803614,0.0386882514044435,0.0390102990236819,0.0393876807678809,0.0414138128448736,0.0429999999999998,0.0453911631517771,0.0481506533489344,0.0503537740647035,0.0530878520483055,0.0555692381752154,0.0609999999999999,0.0701644246394234,0.0787430293639317,0.0870533239174336,0.0949569890556972,0.1011728610470911,0.1070000000000001,0.1120877230879438,0.1168248506200809,0.1225095991392993,0.1281804959546811,0.1328152628287978,0.136,0.1384882995359768,0.1410377452877565,0.1434383462500403,0.1460813359946712,0.1483951144601236,0.15,0.1509396761900608,0.1509928404553263,0.1510771183289674,0.1507679157783244,0.149765038558114,0.148,0.145423039703139,0.1437379260886203,0.1412387441371994,0.1376974219107414,0.1356384526856338,0.1329999999999999,0.1303231252753545,0.1288508167548615,0.1263944759708345,0.1243534318166234,0.1224874045234799,0.119,0.1163585926785549,0.1142669849808392,0.1108524863629616,0.1080250175825102,0.1053664951484232,0.102,0.1002543696995023,0.0982657066427209,0.095260504204345,0.0930756210605708,0.089029766035999,0.084,0.0735759542479691,0.0521315503455873,0.0313383463924341,0.0164990090306148,0.0049921640358656,-0.0049999999999999,-0.019705792937715,-0.0359756457053553,-0.0559607559071458,-0.0836112051187206,-0.1145698664927721,-0.1519999999999999,-0.1947292744570257,-0.2459477069500182,-0.308532983703792,-0.3774167770166175,-0.4534132627531991,-0.526,-0.5889526535000544,-0.6334102957001047,-0.6462777431008079,-0.6388633798046515,-0.6005581454799737,-0.5149999999999999,-0.3937939261244299,-0.2444519893584438,-0.0775764049043746,0.0953362172490393,0.2637200088260813,0.4179999999999999,0.5523600800992653,0.6596981250118992,0.7435891584176596,0.7966835349631926,0.8176831843898741,0.8260000000000002,0.8209742117465757,0.8022872228173945,0.777031779359051,0.7439674915083,0.7078208081786175,0.6720000000000002,0.6333610502758728,0.5898319205713486,0.5463970561661018,0.5086984646070127,0.4770928341289133,0.4479999999999999,0.4130460701013977,0.3696944888286271,0.3171235641314273,0.2533959600540881,0.1839727173855524,0.1140000000000001,0.046774262542383,-0.0143674002238212,-0.0693517463129543,-0.1193807154481511,-0.1632262734334737,-0.2009999999999998,-0.2320381062268721,-0.2527128179028444,-0.2678586749170874,-0.2805178197036073,-0.2882750534662123,-0.2940000000000001,-0.2976038379676406,-0.2992974359694373,-0.3010574833115511,-0.3026276966286967,-0.304339627588179,-0.3059999999999997,-0.3084155711814667,-0.3115137326918374,-0.3157694041089062,-0.3211267901504963,-0.3259474820806474,-0.3310000000000001,-0.3360189025730401,-0.3410245956558773,-0.345654448802851,-0.3495836796882038,-0.3538588972688126,-0.358,-0.3628705261253676,-0.3690338524290341,-0.3772145066627569,-0.3867295512219322,-0.3943304715848397,-0.4009999999999998,-0.4112487987784938,-0.4265546902144438,-0.4421120274913105,-0.457294655404788,-0.4745231079133473,-0.4919999999999999,-0.5095896947140278,-0.5258192009635465,-0.541512728633802,-0.556889625996293,-0.5709740516924495,-0.5889999999999999,-0.6091413750579463,-0.6282476943342069,-0.6476750572105147,-0.6661111409610588,-0.6802299744659999,-0.6869999999999999,-0.6919169333820678,-0.6962863666758057,-0.6975141963955477,-0.698034666281291,-0.6950345098439428,-0.6889999999999997,-0.6810429605779221,-0.6687873116754394,-0.6488834957964918,-0.6224254516651156,-0.6012787652776864,-0.5789999999999998,-0.5452640261891113,-0.509828128385155,-0.4747404812916709,-0.4385825099952385,-0.402829671901147,-0.367,-0.3313562004387656,-0.2934568928563913,-0.2556669469223103,-0.222157843372176,-0.1920927757823859,-0.162,-0.1324479083427371,-0.1067150722410354,-0.08248692189123,-0.058146036868524,-0.0314953322155074,-0.007,0.0083812552373455,0.0222817850190137,0.0352973467154596,0.0446345343939014,0.0553227176694217,0.068,0.0823275684073502,0.093259261786957,0.0994656077425081,0.1053757323317634,0.1112172063025867,0.1179999999999997,0.123955796948685,0.1295370064465806,0.1353215206620569,0.1397776879021233,0.1450982071839131,0.15,0.1570178244030461,0.1677422421345477,0.1780604975306834,0.1877786692414963,0.1952200503463542,0.1999999999999999,0.2034222307872847,0.2064837972359374,0.2106698949820017,0.2168266140942802,0.2259464609230064,0.2349999999999998,0.2433271915011919,0.2511922309889292,0.2586899401362019,0.2702056787229154,0.2850875393962639,0.3009999999999999,0.3175537409692862,0.335551250917567,0.3533506191846643,0.3669807367235595,0.3780533619406879,0.3860000000000002,0.3903897666720081,0.3925733992781433,0.3938048005315294,0.3956682810536996,0.3959979076692102,0.3969999999999999,0.397968419075377,0.3988893159310585,0.4015372596692063,0.402121652097563,0.4047978812704596,0.4079999999999998,0.4116073584332738,0.4201045085657865,0.4311504941212122,0.4514303184559421,0.4769998955320669,0.502,0.5281378481461314,0.5514224341556476,0.5759411929835211,0.5954712183763161,0.6074105000917637,0.622,0.6363351941967543,0.6501268886945283,0.6647130673781677,0.6781771455370101,0.6888490919813953,0.6979999999999997,0.7090594267688957,0.7163072059886475,0.720734040974233,0.7260359689608348,0.7295724350300535,0.7319999999999999,0.7329913991196528,0.7325693822291879,0.7306552395849264,0.7278308151214427,0.7241534376993637,0.7199999999999996,0.7161140241350256,0.7090962966417665,0.7023946651258882,0.6985366299161622,0.6940436756187148,0.6900000000000003,0.6874783228102584,0.6845465807528102,0.6807561869631706,0.6779150552219554,0.674125966861092,0.67,0.6632460952042991,0.6502218175199909,0.6382186997672412,0.628049277330192,0.6208920703444276,0.6129999999999999,0.5959706550505655,0.5753777042945741,0.5507350759102438,0.530146020172716,0.5173907668737593,0.502,0.4885278645258836,0.4747376429443591,0.4613607147711173,0.4450861250224995,0.4169818245920371,0.39,0.3643008662396406,0.3406348911852748,0.3259712798099132,0.3123716824489519,0.2980222145434949,0.2799999999999999,0.2589285615647338,0.2406513274363158,0.2243775680470621,0.2087704004928809,0.1944872531445686,0.186,0.1803267544643424,0.1735026349108343,0.1673588878628877,0.1593416838354632,0.1472882376470486,0.1330000000000001,0.1204250952892477,0.1071090762838815,0.0922009959559135,0.0811403427727135,0.0737630406989361,0.0690000000000002,0.0627820261723896,0.0526307153373602,0.040587949463977,0.0284627613169091,0.02084562541153,0.0149999999999999,0.0068459694459886,-0.0032882713346749,-0.0150563964989796,-0.0242750858078689,-0.032996818872257
-0.0439999999999998,-0.0519127959850871,-0.0569724896123213,-0.0618158848605961,-0.0652390439106864,-0.0687645689000898,-0.0719999999999998,-0.0743900394707418,-0.077760498596,-0.0806938826340105,-0.0851520153692435,-0.0911055128044692,-0.0959999999999998,-0.1017065361684894,-0.1094003462857809,-0.1228161716872414,-0.1369489924007833,-0.1439781967662073,-0.148,-0.1505918111388799,-0.1529539054303856,-0.1551617749949503,-0.1567753869199658,-0.1595211395648462,-0.1609999999999999,-0.1625672507478374,-0.1644654857612516,-0.1658942706062872,-0.1677023489432479,-0.1693915536659657,-0.1719999999999999,-0.175156743665527,-0.1804897043812248,-0.1862726224365596,-0.1908727403865665,-0.1960621206141075,-0.2029999999999998,-0.2160912039730777,-0.2281990830119896,-0.234094270748437,-0.2388267713737334,-0.242833698097631,-0.2479999999999999,-0.2522925070586656,-0.256680614832848,-0.2620191457213797,-0.2652635342232117,-0.2700657297519909,-0.2740000000000002,-0.2771693875357648,-0.2810213856565941,-0.2832392643220162,-0.2865068127399041,-0.2910502673450142,-0.2979999999999997,-0.3048702649074353,-0.3109480684979096,-0.31872335031156,-0.3259669102883888,-0.3364904683695969,-0.3499999999999997,-0.3648023965349642,-0.3803854269338586,-0.3946091546128867,-0.4128857348609806,-0.4312803003515758,-0.4469999999999999,-0.4688945703458284,-0.4936829363480049,-0.5123928818478578,-0.5291357182021316,-0.5504110396855532,-0.5689999999999998,-0.5802114943896755,-0.5884088910161185,-0.593944631315737,-0.5970058188033752,-0.5979815513895177,-0.5960000000000002,-0.5911374313830119,-0.5857851348703427,-0.5814915922788513,-0.5774689575022718,-0.5744345820959931,-0.571,-0.5675218633777925,-0.565086680764194,-0.5623177806882215,-0.5603558522599402,-0.55856357077788,-0.5559999999999999,-0.5535099913305,-0.5505742740047406,-0.5461558279432773,-0.5409165859626349,-0.5360522609488639,-0.531,-0.5237576673387568,-0.5160317662881931,-0.5167128013008075,-0.5246791915129423,-0.5420566166111678,-0.5829999999999997,-0.6450414604664315,-0.7324149862372372,-0.853370398959247,-1.003817965813099,-1.1856493384010374,-1.3890000000000002,-1.5987675259314849,-1.7950490894355833,-1.954603549415112,-2.065284792097436,-2.106993970654959,-2.0679999999999987,-1.9439497594802104,-1.7416637715917411,-1.488359613248582,-1.2122367486019845,-0.9530237047849952,-0.7339999999999999,-0.5812398692958314,-0.5186181018292939,-0.5044927023961342,-0.5174759401515968,-0.5604738367301947,-0.598,-0.613154196516874,-0.6120599677944313,-0.6029803666586787,-0.5851006675277649,-0.5546040795356066,-0.529,-0.514358198930957,-0.5039577570801774,-0.4976910328500582,-0.4932956110287838,-0.4891822921463755,-0.4849999999999997,-0.4809073216044064,-0.4752119931851183,-0.4665524260157238,-0.4573956131707328,-0.4479839921755257,-0.436,-0.4211274644138891,-0.4053742455650158,-0.3895768297069609,-0.3760849344531867,-0.3662066089318015,-0.3579999999999999,-0.3506404072623292,-0.3408804594651687,-0.3284019620525097,-0.3161091422747134,-0.3034244803021175,-0.2909999999999999,-0.2799667729123636,-0.2714342020622036,-0.2660197854306819,-0.2605357969674054,-0.252038695834942,-0.241,-0.2299714347753327,-0.2210904546224423,-0.2132346838676135,-0.2044281106750748,-0.196565587090042,-0.189,-0.1803942180712113,-0.1756670126710545,-0.1741638873014654,-0.1721976167738447,-0.170740075026024,-0.169,-0.1672317117986738,-0.1663173284746497,-0.1655016092320969,-0.1646586426817962,-0.1638538348483681,-0.163,-0.1613421806570177,-0.1601562704482267,-0.1596684899928485,-0.1585270110304868,-0.1579190923271417,-0.157,-0.1560162257090009,-0.156146695035939,-0.1554345083854227,-0.1549803494210066,-0.1548585824732201,-0.153,-0.1505113072172031,-0.1479023148530626,-0.1461747402004251,-0.1461240699706183,-0.1474326276547405,-0.1509999999999999,-0.1545139158937157,-0.156829509652451,-0.1600630935185806,-0.1630661445682487,-0.165513682096843,-0.1679999999999999,-0.1690187442963755,-0.1684535635806315,-0.1671525296242298,-0.1649440226077489,-0.161144623186693,-0.1569999999999998,-0.1523292882589753,-0.1440258295881335,-0.1342170025787152,-0.1255608086210328,-0.11598043123246,-0.1059999999999999,-0.0961079621685853,-0.0852784534488508,-0.0748976611755024,-0.0650543502978714,-0.0549116550672555,-0.0430000000000001,-0.0280623707147519,-0.0135075503085676,0.0009091901931833,0.0179126208134225,0.0324861873217037,0.0429999999999999,0.0524450379873982,0.058083243948177,0.0598762383434623,0.0619873940248916,0.0644288699892094,0.066,0.066869739282734,0.0676034688503403,0.0685926787392422,0.0692100383704394,0.0703204045707545,0.0719999999999999,0.0728155157154554,0.0742590926364581,0.0757346124821853,0.0761875405024753,0.0772294054142921,0.0779999999999998,0.0795240842915964,0.0815943173738725,0.0826080731780516,0.0853554921985276,0.0885904379388619,0.0929999999999997,0.1013223804901078,0.1081657958128178,0.1127557086796736,0.1182269190543924,0.1227958179975877,0.1269999999999999,0.1327609559808048,0.138395128100964,0.1416838457490946,0.1439454219616115,0.1464586424219084,0.1479999999999999,0.1495409243251446,0.1520708845046262,0.1540757182517944,0.1557624518342014,0.1586819158409142,0.1619999999999999,0.1644941696934541,0.1675056619938768,0.1711863265107484,0.1740192035770368,0.1765206801527933,0.1789999999999997,0.1807160744394808,0.1822401915909273,0.1843598105190511,0.1872481734402951,0.190705047284193,0.1939999999999996,0.1965791194791142,0.1984240933644614,0.1996618060118823,0.2000494184705703,0.2000042672575501,0.1999999999999998,0.1992189838291664,0.1982939304589175,0.1972783566057208,0.1949616280710069,0.1925471004044882,0.1899999999999999,0.1873838152587231,0.185742320945561,0.1835593244754675,0.1810310806197536,0.1783978339895961,0.1749999999999998,0.1723830984322793,0.1706280872252213,0.1692681933532587,0.1691377750128585,0.1702582781391216,0.171,0.1709429507138573,0.1716245712169925,0.1724438346566346,0.1736824370899672,0.1767140627335052,0.1799999999999998,0.1798348301096179,0.1729602126058509,0.1631997799573278,0.1544876891060224,0.143544614854029,0.1309999999999999,0.1207301280811023,0.1127994128663301,0.1059818858271498,0.0993235860549543,0.0926863164485625,0.0859999999999997,0.0785598769414637,0.0708851551072328,0.0638778672626842,0.0576660601361407,0.0532833987737028,0.0499999999999998,0.046588902348356,0.0439993624143856,0.0413723026754044,0.0394555577521919,0.0389193470027331,0.0389999999999998,0.0413729638975423,0.0441107616214649,0.0466856583945387,0.0506883083967978,0.0548660446629296,0.0599999999999995,0.0658119351130725,0.0721366495573784,0.079682069464074,0.0889492466796449,0.0988385407897711,0.107,0.116809295019358,0.126883586325863,0.1341020809731028,0.1403475927195318,0.1447871712591253,0.149,0.1524686073801242,0.1554861537341245,0.1589129262748435,0.1606610807465574,0.1637066787531474,0.166,0.1675257807148981,0.1695565522550994,0.171427637199683,0.1780184969711677,0.1805175808934768,0.1700000000000001,0.1451174654630555,0.1021804759690303,0.0404334809464627,-0.0483415237485366,-0.1683057891439218,-0.3160000000000001,-0.4875199111418876,-0.6742137117624412,-0.8604558220212235,-1.0254746383495157,-1.1536256116463246,-1.2219999999999998,-1.2287028678394618,-1.1788532083745522,-1.0385016443071495,-0.8142099400128421,-0.5477470485222038,-0.2729999999999999,-0.0343760496357343,0.1489833253364788,0.2587035485725553,0.2955394752580562,0.2957170501291894,0.265,0.2253745215046489,0.2079316983851947,0.2016656278927178,0.2003958602689043,0.2051242963215381,0.2099999999999999,0.2133826329223795,0.2166441920178266,0.2197288182854116,0.221745796146544,0.2231344397410087,0.2220000000000001,0.2195696769663615,0.2155110223216144,0.2089960403037374,0.2016900180441162,0.1874137163955491,0.1679999999999998,0.1532541104984736,0.1429531483773255,0.1326925616097007,0.1216220995895796,0.1123740373833807,0.1050000000000001,0.0974807385525377,0.0905177022511507,0.0841846387585851,0.0769994962119529,0.0695814071304716,0.0629999999999999,0.0564660091053191,0.0473686355439904,0.0323620730877556,0.0182361576271905,0.0122634593601274,0.009,0.0063732711178601,0.0042199086721944,0.0012061038138942,-0.0005632876368879,-0.0024796873574303,-0.005,-0.0074367808612095,-0.0105665238991332,-0.0143575793089364,-0.0188967547578084,-0.0241068105706243,-0.0299999999999999,-0.0358090168417305,-0.0422301635884557,-0.0488250031769644,-0.0539333408321726,-0.0590578577281888,-0.0639999999999999,-0.0688866805914462,-0.0747092898376103,-0.0803175798189163,-0.0870304327133731,-0.0973555467482857,-0.1099999999999998,-0.1212047087864253,-0.1283240123165321,-0.1319473074264131,-0.1355146266908795,-0.1383971615936947,-0.1399999999999999,-0.1425790720330483,-0.1437738250885964,-0.1448367674826173,-0.146524258450226,-0.1471932860809852,-0.149,-0.1491767207410365,-0.1491904674669963,-0.1513237710301917,-0.1522087452310845,-0.1533032917504987,-0.1549999999999999,-0.1581412503952723,-0.1617609867692613,-0.16044600238935,-0.1540761124614616,-0.1465921006452819,-0.1399999999999997,-0.1318034236097617,-0.1235680416728879,-0.1173422016836619,-0.1094380883981013,-0.0969821906081685,-0.078,-0.0597169090392822,-0.0486514486701981,-0.0391685439377868,-0.028914679640249,-0.0190794826811552,-0.0099999999999997,-0.0016080949322857,0.0057324422919301,0.0107385435345216,0.0142805695002893,0.0162443189036641,0.0169999999999999,0.017831802598989,0.0186535315254462,0.0195285144827884,0.0202905608604173,0.0212378132908525,0.0229999999999999,0.0255228710555569,0.0274630546105515,0.0288804406516853,0.0307762352888569,0.032219422108115,0.0329999999999999,0.0337623201399293,0.0353135356439737,0.0366938963154124,0.0372074689410976,0.0382321115407704,0.0390000000000001,0.0397366824757218,0.0413127786543209,0.0430000034220428,0.0446712056687969,0.0463309293976176,0.0480000000000001,0.0496838751839688,0.0508896718623323,0.0509051511898255,0.0513123631164464,0.0520704347652737,0.0519999999999999,0.0520946324781866,0.0508270328120796,0.0489263161756512,0.0473099440785069,0.0457825832245235,0.0450000000000001,0.0433060075516387,0.0423638274376399,0.0407100694813057,0.0382575955292841,0.0379657379210905,0.0370000000000001,0.0382384415953162,0.0428248660726436,0.0487779747623623,0.0556339412897652,0.0610469130045506,0.067,0.0721343831606688,0.077237140008939,0.0842706928852616,0.0902857160531851,0.096161223339488,0.1009999999999999,0.1051707296698989,0.1088013203902604,0.1122055107463928,0.1167251068226009,0.1194674804374563,0.1230000000000001,0.1265892528972848,0.1282956220616953,0.1298104612292502,0.1300709753813484,0.1312980553646827,0.1310000000000001,0.1284300967921856,0.126262669102228,0.1225908739394352,0.1181961915366818,0.1128660753387396,0.1080000000000001,0.1046577270112223,0.1013317179750212,0.097762596078377,0.092974392284168,0.0880248596442836,0.0830000000000001,0.0787271937530006,0.0748111957667803,0.070583589469369,0.0681876074248119,0.0653005278067788,0.062,0.0595069132924547,0.0569681256735737,0.0545253343622999,0.0520296290099604,0.0493553549149553,0.045,0.040775635177833,0.0362573892396845,0.0307699096874048,0.026051611644939,0.01957536912242,0.0129999999999999,0.0065076592025719,-0.0015320338212454,-0.0104867622778108,-0.0193200699981382,-0.0263974485321828,-0.0340000000000002,-0.0400060530832998,-0.0459169338850842,-0.0532323487511225,-0.0572184587517423,-0.0591913662756497,-0.0570000000000001,-0.0520060955627023,-0.0461487787744776,-0.0377610432620062,-0.0274131918867665,-0.0129860377853914,0.0,0.0122102684694734,0.0260501446236021,0.038194813931427,0.0514397766106085,0.0646420697913386,0.0790000000000001,0.0925539692981093,0.105747599642793,0.1212749103584568,0.1333461752932654,0.1425687944125478,0.147,0.1508612754357848,0.1554824469105578,0.1564483863363596,0.1592690084866189,0.1598454220065025,0.1599999999999997,0.1595481351933265,0.1572212538146316,0.1560497525432709,0.1504649312079976,0.1444345262271538,0.1240000000000001,0.079990320244337,0.0152620918810694,-0.0794044846875003,-0.2008586671205043,-0.3526248973127444,-0.5239999999999999,-0.7056235792015622,-0.887804064594286,-1.0452795793978569,-1.1752223607425558,-1.2417568349872776,-1.241,-1.1854525274629777,-1.0279891627404287,-0.7905780636989727,-0.520673912919528,-0.2499403494784008,-0.0149999999999998,0.1599739420965039,0.2426885341978932,0.2720048260328517,0.2809641685898505,0.2641529161434234,0.2529999999999999,0.2432611690811548,0.2377161024722831,0.2442176641939061,0.2465195798835016,0.2496772108424805,0.2499999999999999,0.251249119224623,0.2534837186044597,0.252684209333889,0.2548354364760238,0.2535522001004843,0.2539999999999999,0.2551715619963714,0.2550630238016337,0.2572539857405981,0.2563893587960452,0.2559874555167188,0.254,0.2512755391012811,0.2494099990999934,0.2460055536918601,0.2444633331726384,0.2411613818745278,0.2379999999999998,0.234968080580337,0.2298396090421988,0.2250656528070253,0.2177077233544191,0.2093821512618772,0.2009999999999997,0.192582940319846,0.184488653089631,0.1758000734211965,0.1679602482689354,0.1605746714564896,0.1540000000000001,0.1472863458344735,0.1417785013833469,0.1368737871696536,0.1304194309028365,0.1249426799162048,0.1189999999999999,0.1138493295875927,0.1092077459632677,0.103836536696927,0.098935618818321,0.0927791860753422,0.0879999999999999,0.0824302289066772,0.0754857650195448,0.0685428538860578,0.0565864256274683,0.0420973519312251,0.0269999999999998,0.0111132222029915,-0.0041723535964618,-0.0180016915310973,-0.0293782133679186,-0.0400528922118162,-0.0489999999999998,-0.0580120925914585,-0.0672855041948047,-0.0729288360798186,-0.0759826976989164,-0.0771751896304013,-0.079,-0.0816169388191506,-0.0832914853509241,-0.0850898548650878,-0.0865731998313163,-0.08839194027613,-0.09,-0.0916052011372727,-0.0934356756773144,-0.094904788795847,-0.0966189256680538,-0.0969620233530974,-0.097,-0.0970772624496371,-0.0968448833644952,-0.09722706437452,-0.0966336153698282,-0.0958847661229402,-0.0949999999999998,-0.0940668382652896,-0.0936153689373866,-0.0915188582064004,-0.0892398096077888,-0.0876185145719967,-0.0849999999999999,-0.0824708204333667,-0.0795844577669944,-0.0756928954960612,-0.0728752707328061,-0.0659433120947792,-0.0529999999999999,-0.043373355592375,-0.0366578726992546,-0.0308266135071919,-0.0281309068758686,-0.0253933269173427,-0.0229999999999999,-0.0213565737011522,-0.0196350803410449,-0.0179641910310797,-0.0166831497688245,-0.0171356092536616,-0.0169999999999999,-0.0168528950107666,-0.017725099545891,-0.0184213703331607,-0.0193810680087685,-0.0201994509527937,-0.0219999999999998,-0.0237630026135601,-0.0251601089653163,-0.0272410463291249,-0.0282797854472329,-0.0292772046690168,-0.031,-0.0327168563925804,-0.0337642116362012,-0.0344242730173843,-0.0353745052660956,-0.03616315531402,-0.0369999999999998,-0.0370543907750344,-0.0369586559755389,-0.0369661485919361,-0.0372461373786997,-0.0381033915756367,-0.0379999999999999,-0.0387851702012208,-0.0391720781287116,-0.0391763442306882,-0.040519260734598,-0.0411494383911186,-0.0430000000000001,-0.0440340540151227,-0.0443478572551003,-0.0458628523925399,-0.0460047781030128,-0.0473830342432341,-0.0479999999999998,-0.0470784814679444,-0.0465567114109673,-0.0451576052694977,-0.0451654787463838,-0.0448434871321101,-0.0449999999999998,-0.0460597283929777,-0.0451952022374582,-0.0451161339140733,-0.0446171889100727,-0.0439948173430098,-0.044,-0.0430924829861245,-0.0430594849454593,-0.0425272812407819,-0.0417802995449746,-0.040604025161187,-0.0379999999999999,-0.0362988120861764,-0.0345806137933991,-0.0337514059977469,-0.0340880817400061,-0.0340788859327728,-0.036,-0.0386008233901236,-0.0407613060766771,-0.0441346055294376,-0.0469735097172545,-0.0496673971025172,-0.054,-0.0582849448599045,-0.0612727154023339,-0.062616513421823,-0.063317671292778,-0.0640952187322606,-0.0640000000000001,-0.0646649608436006,-0.0664528308026081,-0.0675490008110917,-0.0683271398105054,-0.0691617654155028,-0.07,-0.0708558428315308,-0.0715661051598078,-0.0731426319490235,-0.0765484028709531,-0.0809170861629843,-0.0860000000000001,-0.0911285017996015,-0.0952085325891805,-0.1002583208484566,-0.1065889274935066,-0.1134384824135425,-0.1210000000000001,-0.1285271005342119,-0.1355448759431271,-0.1414437316271214,-0.1474433749956871,-0.1531187644861473,-0.1610000000000002,-0.1729191929304004,-0.1804436373795854,-0.1843623010412489,-0.1884235052160427,-0.190322251994767,-0.1930000000000002,-0.1957062180228531,-0.1963567286009404,-0.1945780470630536,-0.189617606836108,-0.1809729885819359,-0.1700000000000001,-0.1573008040376688,-0.138478417825297,-0.1226288766110066,-0.1131585616364213,-0.1002252100357693,-0.0879999999999999,-0.0750442346252097,-0.0601811193070562,-0.0472352053510831,-0.0310745475704624,-0.0152953696184617,-0.0059999999999997,-0.0009901254645662,0.0046639591089507,0.009552308671686,0.0118773150032183,0.0144411889055861,0.0149999999999999,0.0149871087893791,0.0140775447007317,0.01113494861779,0.0071622320803992,0.0020856153330242,-0.004,-0.0266046096811284,-0.0707700328099308,-0.1327053665414271,-0.2201887461120962,-0.33240722182561,-0.4709999999999997,-0.6333381528007316,-0.8133379016469277,-1.002716317225054,-1.1835061463002017,-1.3433251072524095,-1.4579999999999995,-1.50459445954238,-1.4614612770701634,-1.3166811890711323,-1.0892885467307365,-0.8001754926868577,-0.4999999999999999,-0.2301144380498788,-0.0132086683563941,0.106077517707358,0.1534526107853142,0.1711359059818538,0.1630000000000001,0.1555184199830508,0.1517034602432939,0.145908791377649,0.1478322633023105,0.1575209550508266,0.1729999999999999,0.1887477990688022,0.205791291725824,0.2182350665965333,0.2221931936606184,0.225593223805234,0.2260000000000001,0.2257846321779448,0.2267690795672191,0.2277281642741878,0.229685709996908,0.2300160340702887,0.231,0.2311921182719443,0.2306969771194766,0.2313445146225461,0.230676730731285,0.2312587959390873,0.2319999999999998,0.231924788310336,0.232212983046321,0.2313987796817202,0.2309661911441358,0.2309418132401529,0.2299999999999999,0.2283116459607947,0.2272034377966965,0.2266051036729201,0.2256116804585581,0.2248025017918006,0.2229999999999999,0.2212256637893612,0.2198996868138892,0.2173980149888713,0.2152763863216984,0.2136758421331321,0.2119999999999997,0.2096017252944071,0.2067876715410555,0.2049054274494982,0.2009105591990845,0.1933193030894434,0.1849999999999998,0.1774985650967183,0.1695128698482122,0.1608021067968529,0.1528751354801456,0.1441289999530963,0.1349999999999998,0.1267519317054146,0.1175735869085993,0.1092719730767585,0.1020851027066721,0.0945263536516641,0.0879999999999997,0.0821623836921996,0.0763515128055926,0.070447672336315,0.0647654830345568,0.058686358652093,0.0519999999999999,0.0462199649308638,0.0392207685906897,0.0313594191178119,0.0240200625284862,0.0166691118011675,0.0120000000000002,0.0079794331933564,0.0033310941877039,0.0004896286179746,-0.0020742151943492,-0.0043918532954505,-0.006,-0.0069295572928897,-0.0070638153130563,-0.0066733542016952,-0.0054178770083447,-0.0035628872360904,-0.0009999999999998,0.0013941072808391,0.0056933155948449,0.0108807359435233,0.0150575121818421,0.0272181488527869,0.0429999999999999,0.0509814982488767,0.0561040969347176,0.0599358470775243,0.0617518078534626,0.0646132768661694,0.0669999999999999,0.0693716591080674,0.072702852029013,0.0759180882457112,0.0794476123658495,0.0825230542304641,0.0849999999999998,0.0882795342754094,0.0920800107922189,0.097707968243383,0.1046159248197212,0.1084109829759049,0.1079999999999997,0.1026384330503601,0.0940303021628774,0.0875120745522131,0.0836011654531122,0.0803502565016078,0.0769999999999996,0.0736681825789337,0.0702785432671346,0.0673965473805348,0.0649043386633171,0.0612170841382089,0.0579999999999999,0.0554968307479523,0.0534505500566059,0.0522875998008658,0.0498891981847591,0.047667065492009,0.0459999999999999,0.0434737853929142,0.0415599943295127,0.0400848897846415,0.0382606112884819,0.0367253006593082,0.035,0.032447372037916,0.030668758294803,0.0285833889241214,0.0262033545133317,0.0245679642138594,0.0209999999999999,0.01765947636363,0.0128920124729465,0.0058819974327145,0.001486886482304,-0.002961963719711,-0.0070000000000001,-0.0110432790015297,-0.0151016879369559,-0.0174463340506098,-0.0220244523570055,-0.0255152837688871,-0.029,-0.0326190609680158,-0.0359389141957436,-0.0502862367341154,-0.0740882623259106,-0.1018620129107535,-0.133,-0.1701046700128727,-0.2203193501910194,-0.2826001736186259,-0.3521015381534689,-0.4187652269019399
-0.4799999999999999,-0.5328318563077813,-0.5644563693813548,-0.5797485565158172,-0.5790291459340801,-0.552342267250485,-0.4939999999999999,-0.3989637804198289,-0.2733916416923191,-0.1229783076996234,0.0434515862174956,0.2111988537110816,0.3719999999999998,0.5188672206624811,0.645043411429215,0.7437747841328765,0.815880236214123,0.862028530652886,0.8839999999999998,0.8934309189594983,0.8892318237276678,0.8657286305579747,0.8298864337574785,0.7895286720939559,0.7409999999999998,0.6842669729860992,0.6297680239674225,0.5798936005393878,0.5468648212095957,0.5339686824061998,0.5210000000000001,0.5075591449735722,0.4902579795920008,0.4523108712285885,0.3934228791332007,0.3205860422150688,0.239,0.1531549784652582,0.0693723851128481,-0.0055205526930795,-0.0669370258705378,-0.1174290283212638,-0.1570000000000002,-0.1792030909384123,-0.1907535816244475,-0.1972024361305485,-0.2001692770998127,-0.2035971516929998,-0.205,-0.2072902916566594,-0.2103019431657355,-0.2121930603901353,-0.2152431991160812,-0.2173640847561559,-0.2199999999999999,-0.2233413923681533,-0.2270787303966972,-0.2324217146255105,-0.2410605008491573,-0.253506511733673,-0.2639999999999999,-0.2731226336686246,-0.2819624741378698,-0.2894270726521656,-0.2970056966962589,-0.3046720126906941,-0.3149999999999998,-0.3259627381079049,-0.3360900178225353,-0.3450236294641789,-0.3516315618619202,-0.3597059751091805,-0.3669999999999998,-0.3741148033567785,-0.3856999225748585,-0.4033807260272773,-0.4238750161417229,-0.4383575451851854,-0.4489999999999998,-0.457737829291058,-0.4634329454072902,-0.4708308900842077,-0.4821036212629562,-0.4986170608562935,-0.5169999999999999,-0.5361145310423499,-0.5537343730986021,-0.5658043009136527,-0.5781231266102046,-0.588712455960458,-0.5959999999999999,-0.6036697700409802,-0.6088646000012589,-0.6107195642390076,-0.6087460702506874,-0.6038368511475459,-0.596,-0.5847193897801001,-0.5684123737998413,-0.5470726328196864,-0.5296118912045972,-0.5103733299957849,-0.4829999999999997,-0.4555617985607502,-0.4258765994734246,-0.3939956819908946,-0.3643239644061331,-0.3352001578839657,-0.3070000000000001,-0.2789021508063464,-0.2480454390413221,-0.2153979958454709,-0.182855365313246,-0.147761343077924,-0.1119999999999998,-0.076446937140046,-0.0393973556503358,-0.0085438668337934,0.0169919556518106,0.0387396913163894,0.0540000000000002,0.0712079382890361,0.0886493939557183,0.1005658368461144,0.1090396779691197,0.11516079870905,0.121,0.1252103473900003,0.1310336105719264,0.1419588152296608,0.1536935499578608,0.1667545960146464,0.1790000000000001,0.1853159808904751,0.1880854405913008,0.1901970100747644,0.191327509569693,0.1922619300758039,0.1939999999999999,0.1949320374950581,0.1955111728059034,0.196709685707137,0.1969854924047441,0.1970481379542045,0.1969999999999999,0.1961329391184674,0.1959241601940116,0.1958013184817924,0.1942577302848891,0.1927988433359325,0.1920000000000002,0.1903902973679049,0.188600311102301,0.1870582736850369,0.1852930039349619,0.18368480563815,0.1820000000000002,0.1803464665955927,0.1782067672572279,0.1749681049620537,0.1718432597158914,0.1696563154770346,0.1689999999999997,0.1704819934380727,0.1735354008141965,0.1773974982666548,0.1817677605091898,0.185706133248984,0.1889999999999999,0.1930851422566394,0.1974855621817115,0.2010536489860158,0.2042066867924356,0.2062761029907531,0.207,0.207805462481375,0.2086716352475372,0.2097759632309835,0.2118708565287443,0.213138313440818,0.2139999999999999,0.2157427881616239,0.2162492327485498,0.2152906298121714,0.2127575655390636,0.2094025201960442,0.2070000000000001,0.2037664579679304,0.2001819248074381,0.1973726982953334,0.1954741686420591,0.1964935305276081,0.201,0.2077110237089715,0.2132155932250451,0.2181019916740049,0.2246766944616408,0.2298510986583407,0.234,0.2383064575573642,0.2411130156853243,0.2434263942652103,0.24606604345995,0.2484060239715685,0.25,0.2516530563863184,0.2529365034726067,0.2526796417461234,0.251281571015382,0.2483056806420218,0.2449999999999999,0.2417602729544198,0.238051057117257,0.2360161899187208,0.2339100801058069,0.2303103340735736,0.228,0.2256870157161392,0.2221012235624049,0.2199504879331777,0.2180912253503208,0.215610551951065,0.215,0.2142867826210918,0.2131352653280306,0.2127417660825581,0.2114154672990874,0.2110625422564374,0.211,0.2100619908225434,0.2100991585990599,0.2094766529823132,0.2089358010692862,0.208931147802268,0.2079999999999999,0.2071490006018729,0.2063333149198388,0.205532040489135,0.2046066681496088,0.2038966763265539,0.2030000000000001,0.2012631154362975,0.2003687957539069,0.1990514709207772,0.1975382065660735,0.196799942119294,0.1950000000000001,0.1933088221829047,0.1912352116319382,0.1880060237838351,0.1845346575979159,0.1800201950793129,0.1749999999999999,0.1699324690815247,0.166059110762636,0.1633374007046358,0.1590653369232019,0.1540216758418243,0.149,0.1425196631357916,0.1344241997200784,0.1259167438943448,0.1178388841521855,0.1106892358269295,0.105,0.0993169710832048,0.0917955537204185,0.0813564588393266,0.0691903064517128,0.0593020977394127,0.052,0.0452593356589764,0.0396706639411456,0.0359497057926501,0.0325210441780125,0.0280438589287215,0.0229999999999998,0.0171906064461668,0.0117499256031888,0.0075561196718953,0.0032540170884683,-0.0007695904520528,-0.0050000000000001,-0.0100064924552158,-0.0149263288406149,-0.020387458657444,-0.0264143347240797,-0.0320735832539292,-0.037,-0.0412537361379155,-0.0446719999485547,-0.0483168820371601,-0.0527777996402919,-0.0568156231918409,-0.0620000000000003,-0.0680138017863397,-0.0719308565499958,-0.074483241858054,-0.0770383513807608,-0.0794196348346717,-0.0810000000000004,-0.0826176820579906,-0.0844120033759768,-0.0859179278903427,-0.0877154977412272,-0.0893659144394613,-0.092,-0.0945083510403264,-0.0990037216922875,-0.1111484694049649,-0.1255121712848555,-0.1387464780105919,-0.154,-0.1706502491676535,-0.1866215091589523,-0.19862616537833,-0.2071989597389819,-0.2143820586290127,-0.2219999999999999,-0.2305254466993133,-0.2371613598577985,-0.2453128409596753,-0.2541105824062201,-0.2587177007340946,-0.263,-0.267397981694,-0.2695525323561342,-0.2702990449152613,-0.2694779123781595,-0.2675796542849815,-0.2649999999999999,-0.2610206015195537,-0.2547050696795405,-0.2437976217180487,-0.2287147206856477,-0.2128018441891579,-0.1970000000000001,-0.1848179567676078,-0.176035782005235,-0.1654918631220338,-0.1574406964798013,-0.1532084929254492,-0.1490000000000001,-0.145572673727591,-0.1429219575397938,-0.1406084749450936,-0.1378803273734029,-0.1355843885230197,-0.1329999999999999,-0.1304593419346399,-0.1263961395660433,-0.117467784064805,-0.1161380099197596,-0.1252489471072394,-0.143,-0.1830931640754166,-0.2453386906963387,-0.3300564102435533,-0.4443326039717258,-0.5880036439398784,-0.757,-0.938530596276288,-1.117141006025841,-1.2761035815055577,-1.3975705079535674,-1.4573638103114293,-1.4559999999999995,-1.403763427778128,-1.2643185886529655,-1.0448259104929432,-0.789566611940813,-0.5156152901938171,-0.269,-0.0722459748933768,0.063891125030081,0.1166467177616257,0.1274759737085164,0.1171309632136185,0.0749999999999999,0.0365759161683781,0.0212924114093236,0.013203002845904,0.0077470827132431,0.0145030819350761,0.031,0.0463201802390356,0.0583931875974164,0.0659671130727788,0.0709056856926862,0.0744302688891652,0.0739999999999998,0.0708131461628523,0.0665780323681324,0.0629418010159452,0.0596454634962521,0.0564114766840083,0.0539999999999997,0.0529257712249347,0.054161626538149,0.0563503010393988,0.0593387129506132,0.062516516746388,0.0639999999999998,0.0655367380172026,0.0680548651262446,0.0701496728965655,0.071434801775604,0.0720714363084452,0.0719999999999996,0.0712415884297856,0.0697565428396325,0.0676740157020148,0.0646894367849479,0.0613735422148537,0.058,0.0523948343016941,0.0450907570443853,0.0370985524545328,0.0286540158586497,0.0202469239597421,0.0109999999999999,0.0039536666651219,-0.0002467560013661,-0.0051506960359407,-0.0119291656278375,-0.0193875165276494,-0.0250000000000001,-0.0300344530314623,-0.0339744858014458,-0.0367020282981256,-0.0405745842934319,-0.0435487148413845,-0.0480000000000001,-0.0560470404476795,-0.0670301354141318,-0.07883948369021,-0.0867817789714528,-0.0948892169355443,-0.1050000000000001,-0.1134993444096931,-0.120527543809938,-0.1265103110007068,-0.1322380145155104,-0.1368013321070649,-0.141,-0.1460010547240815,-0.1509893587867773,-0.1557800822008984,-0.1592737076130187,-0.162737313628556,-0.1660000000000001,-0.16850221617969,-0.170620684492637,-0.1711070232556883,-0.1708350072285601,-0.169696907697585,-0.1679999999999998,-0.1648890051899326,-0.1604641841857656,-0.1566635499375323,-0.1496232349630446,-0.1401709045029785,-0.1319999999999999,-0.1251504706734397,-0.1199503580604963,-0.1149810897238025,-0.1100604280713565,-0.1049185087397544,-0.0989999999999998,-0.0896547385807936,-0.0744509760420147,-0.0595295661684707,-0.0495808242846823,-0.0426701754907391,-0.0350000000000001,-0.0264478795132481,-0.020599958769798,-0.0168899145322112,-0.0139004548978554,-0.0115380180861334,-0.0089999999999999,-0.0064220044189584,-0.0046650829805639,-0.0026436076288274,-6.916218001044348e-05,0.0012079119564217,0.003,0.0048007716855976,0.0060419059837654,0.0086726739551109,0.0107550813131947,0.0137500433322061,0.017,0.0186018069678308,0.0210532171335664,0.0230270658293486,0.0248696424482237,0.0275362571353973,0.03,0.0317652491664164,0.0330961983217601,0.0356473731693139,0.0376214356537472,0.0394832340367436,0.042,0.0435920611747945,0.0464815927891568,0.0501195787786872,0.053268584219998,0.056694901839331,0.0599999999999999,0.062614011291397,0.0643075738985855,0.0661151485228612,0.0673626029811435,0.0682441738482268,0.0699999999999998,0.0716878015607227,0.0733193587392887,0.0749923440328206,0.0767043239046306,0.0782512077906781,0.0789999999999999,0.0797446958843513,0.081333193381842,0.0826845240799851,0.0832012529620819,0.0842493288739754,0.085,0.0849866379753981,0.0850543618707855,0.0849060263022189,0.0851252155183244,0.084849039214385,0.084,0.0839822523155219,0.0835758858247269,0.0819118300027767,0.0806206594553919,0.0797590741803571,0.0779999999999999,0.0770576450151492,0.0764912286541556,0.0753309488391984,0.074811705482318,0.0737433649209401,0.073,0.0729715611537587,0.0735375286565776,0.0743777594080799,0.0735371782579652,0.0729407969832766,0.0720000000000001,0.0702800843466986,0.0687942915362402,0.0668235057105218,0.0655115791724179,0.0635450836987789,0.0619999999999997,0.0605483289119217,0.0576875031994431,0.0565672766760228,0.0553169466634139,0.0538042946399753,0.053,0.0513290392396303,0.049806796055678,0.0470676000906069,0.0411489723380376,0.0304782150596473,0.0169999999999997,0.0065090112558344,0.0002111016491966,-0.0057817371055073,-0.0126554507217085,-0.0179717811974548,-0.0229999999999999,-0.0271618456773765,-0.0338659445136826,-0.0485971355850934,-0.0631894513551969,-0.0725812105508704,-0.0789999999999999,-0.0840165956690323,-0.0885900530910286,-0.0918601160805852,-0.0956614751181599,-0.0997981415022755,-0.1040000000000001,-0.1069631591198072,-0.1049864097828661,-0.0993009237021141,-0.0918790531376042,-0.0831061444910169,-0.0730000000000001,-0.0645347008263563,-0.0549609815716517,-0.0379226618869328,-0.0184853022483308,-0.0035605084907389,0.005,0.0123788935315401,0.0193854939558845,0.0228005894423071,0.0266340146260841,0.0293980163921056,0.032,0.0347338699282829,0.0360490317933448,0.0384710970297617,0.0389075617957351,0.0390819766783626,0.038,0.0354602873613051,0.0317925968651213,0.0244166221116765,0.0155587666164494,-0.0133535505485967,-0.0709999999999999,-0.1472894478387079,-0.2453301428055222,-0.3661232264605644,-0.5079352401445634,-0.6640850352124839,-0.8299999999999998,-0.9953370028237416,-1.147146412471983,-1.2659584562302868,-1.3143597169731245,-1.302851138238474,-1.2259999999999995,-1.048311234313049,-0.803582706134394,-0.5291124561998,-0.2632786420843684,-0.0507098978287189,0.0889999999999998,0.1444421703588699,0.1508169366667341,0.1397340034800339,0.1255376848287412,0.1227724478174294,0.1180000000000001,0.1149039682339789,0.1143362972042013,0.1115851801860931,0.1124895711843371,0.1118017383577466,0.1129999999999998,0.1140192075550114,0.1153980295931162,0.1187823265885596,0.1191863674971117,0.1229992748065599,0.1260000000000002,0.1288499190431348,0.1350172622627742,0.1394857122481283,0.1433823775006845,0.1437506528287566,0.142,0.1382151579360515,0.1320268387896344,0.1270585611816274,0.1194330756298925,0.1087573537596784,0.098,0.0916262986343564,0.0890846722871066,0.0863484414564959,0.0841217999824012,0.0814880680563808,0.08,0.0784714668128758,0.0764334822669769,0.0752683097019907,0.0730969808538056,0.0718095753299882,0.0699999999999999,0.0681308794357187,0.0675586192387393,0.0658668399751597,0.0646653738017245,0.0637547843201404,0.0619999999999997,0.0595301656333598,0.0566723921349475,0.0511788389806503,0.042393371656664,0.0345323634418893,0.027,0.0201871735619195,0.0139497655511537,0.0063520374715177,-0.000685708665153,-0.0073808689067333,-0.0150000000000002,-0.0235016394745631,-0.0294262338953452,-0.0334515182835164,-0.0372208341518437,-0.0380865365828719,-0.0399999999999999,-0.0419319885125644,-0.0423409098337365,-0.0442480245407144,-0.0452350983746997,-0.0462767598601529,-0.0469999999999998,-0.046887998467863,-0.0477406476896999,-0.0481051821917619,-0.0477988966934001,-0.0467745443254215,-0.046,-0.0445106906177215,-0.0418867266335409,-0.0396658684890362,-0.0368306418950863,-0.0346202055844343,-0.0320000000000002,-0.0285912458206111,-0.0252219708876503,-0.0183574602483173,-0.0096369345702158,-0.0027360290337493,0.0040000000000001,0.0122324079864228,0.0216045005287797,0.0334442810029608,0.0453727296037828,0.0534214259443053,0.0610000000000001,0.0679290983890222,0.0729355388967029,0.0779425564528501,0.0808166456145882,0.0823211092752469,0.0840000000000001,0.0856289907639014,0.0874522554857388,0.0885562812713131,0.0893195477829114,0.0901688103566611,0.091,0.091821796243706,0.0927327427060059,0.0931157707125677,0.0929444420946936,0.0930140844282942,0.0930000000000003,0.0930611087799812,0.0923387566032117,0.0918876818326767,0.0918528689234688,0.0908361596049369,0.091,0.0903495236345526,0.0890023299903932,0.0891954115051987,0.088652949704194,0.0878637329151014,0.087,0.0861737219496078,0.0848047117204747,0.0831502634606842,0.0829650857920204,0.0815936051087873,0.08,0.0792174326612154,0.0781768528917837,0.0779871465060728,0.0779932327761402,0.0779547843459971,0.0769999999999998,0.0760677865169772,0.0755234132229393,0.0742223329952379,0.0741062610527124,0.0738373778803573,0.0730000000000001,0.0729830317239672,0.0729960385810225,0.0730186316668671,0.0729852432090619,0.0729963356020425,0.073,0.0738000143780939,0.0742276620661717,0.0737582019068906,0.0742322018075434,0.0737949163982948,0.0729999999999999,0.073004404462108,0.0729754506860668,0.0730009250686429,0.073168785958908,0.0741868308208782,0.0739999999999999,0.073805002061743,0.0748443936040269,0.0751967207669796,0.0768200527956443,0.0781258076252436,0.0789999999999998,0.0808071878093008,0.0810227730874489,0.0813967430725289,0.082202504673409,0.0819121536703775,0.0819999999999999,0.0828567906505688,0.0831376814789296,0.0828612739249771,0.0831279743241465,0.0829079265377627,0.0829999999999999,0.0839093885805103,0.0839872493188005,0.0843526528184492,0.0853572592293954,0.0845566719933026,0.0799999999999998,0.0733653916280334,0.0665707482113502,0.060674285706199,0.0562624514694739,0.0507820823632064,0.0449999999999998,0.0400281004014075,0.0349042559501559,0.0301631675894514,0.0247809366351232,0.0202712018592287,0.0169999999999996,0.0128598738901009,0.0087038984236915,0.0041423379872876,-0.0011090191712005,-0.0058522808773593,-0.009,-0.0106884162301286,-0.0123627382281338,-0.0136712268811373,-0.0141827663978934,-0.015326951134009,-0.0169999999999998,-0.0178059666475822,-0.0193285458404917,-0.0201487854767753,-0.0178084219894356,-0.0141266672037696,-0.0079999999999999,-0.0012913246006136,0.0068916652963434,0.0210900891470725,0.0352750572952288,0.0474119714671061,0.059,0.0710819407024346,0.086548931609937,0.0976402300122441,0.1029427565688407,0.1078919779168018,0.1109999999999999,0.1143091879812339,0.1167048652056898,0.1176661635889224,0.1198192132325039,0.1197971501463208,0.1189999999999999,0.1175785580400585,0.1147255074555344,0.1127659841417838,0.1072816956899395,0.1008944719303885,0.0920000000000002,0.0638615434867411,0.0086545602740257,-0.0735948057756751,-0.1831859830164617,-0.3205595539773069,-0.4809999999999995,-0.6602863152626014,-0.849524182841196,-1.0287344199801036,-1.1904607032313317,-1.300637425381411,-1.3369999999999995,-1.3296201011160584,-1.2446744024653231,-1.0580514499664293,-0.8120195199375994,-0.528057083287176,-0.2559999999999999,-0.0264170853519407,0.1434097083333355,0.2141477908911893,0.2350220807933714,0.2422931752947501,0.2259999999999998,0.2171147597776553,0.2157219293949334,0.2121271188176764,0.2119326762431643,0.2093793200188498,0.2079999999999999,0.2072407385143463,0.2067651424498149,0.2068996955905987,0.2053960474583529,0.2049665314671882,0.2039999999999999,0.2023748797661134,0.2000225726236028,0.198115737866943,0.1979132599864107,0.1967101408203929,0.1959999999999999,0.1953173227872003,0.1935575141072836,0.1924585122594959,0.1915520498347726,0.1894882842382645,0.187,0.1853536214918576,0.1831259562965131,0.180190089282473,0.1761915160578479,0.1709083207251557,0.1649999999999997,0.1582038199872354,0.1533820175652992,0.149710433996576,0.1451987335662172,0.1412314635179191,0.1370000000000002,0.1320907224252397,0.1263067111365928,0.1209098917460469,0.1158580909258021,0.1097741553082383,0.1039999999999998,0.097438767742036,0.0905082807180985,0.0841947284299793,0.0770307618594793,0.0694568763352859,0.0609999999999998,0.0517713355314997,0.0433002622750348,0.0347358820317453,0.0251096588805323,0.0164187609119609,0.0090000000000001,0.001479071621179,-0.0062393189279049,-0.0167259488324261,-0.0286045692479917,-0.0390444903601685,-0.0489999999999999,-0.0566593728592356,-0.0638487508528735,-0.0711451032448144,-0.0753939421296217,-0.0786400977155213,-0.0809999999999999,-0.0825727281494442,-0.0850257410354354,-0.0871784976876948,-0.0883835704479737,-0.0891737940424543,-0.0899999999999998,-0.0893109130995842,-0.0880976578442082,-0.0878373619064305,-0.0860499356312526,-0.0835326171352213,-0.0809999999999999,-0.0776944845876374,-0.0739244843546206,-0.0684572384129612,-0.0602564110065739,-0.0468837612928289,-0.031,-0.0197389116376014,-0.0112941705190599,-0.003776920197594,0.0001679937226838,0.0024802333662476,0.0049999999999999,0.0074746682141185,0.010096804440335,0.0120782727825215,0.0136430816981381,0.015327715237523,0.0170000000000001,0.0194182080971875,0.0225250783220499,0.0267327275968671,0.0321770965367911,0.0369572365024623,0.0440000000000001,0.0542651161476138,0.0601951872630231,0.0618663858487614,0.0637628770593509,0.0653608283644386,0.0679999999999999,0.0671793293200471,0.0592385202795315,0.0527368921750696,0.0500613377264954,0.0475253863137801,0.0460000000000001,0.0444678549045608,0.0419239128201596,0.0399044865497211,0.0383819082559635,0.0366431493812547,0.0350000000000001,0.0333681273323062,0.0315590785987165,0.0304356701495892,0.0296644660843755,0.0289002800443078,0.0290000000000001,0.0290930443525097,0.0283639102454643,0.0274886800552136,0.0266701056305383,0.0258316042693757,0.025,0.0241938583732396,0.0228499633129369,0.0205076558158904,0.0180334295568152,0.0154560973186602,0.0129999999999999,0.0113669627302447,0.0090531809789279,0.0067970055756154,0.0053519079480007,0.0022104012205003,-0.002,-0.0061693125531899,-0.0099109027247905,-0.0124002931087597,-0.0152762279588191,-0.018669325585544,-0.0219999999999999,-0.0246831276615655,-0.0257071628944157,-0.0265605190153668,-0.0270839653605542,-0.0270011651631987,-0.0269999999999999,-0.0261733651616484,-0.0258343854442302,-0.0261502196769909,-0.0258766901457107,-0.0260815504367602,-0.0259999999999998,-0.0251253919546565,-0.0248796935657018,-0.0253627911153181,-0.0265818188860711,-0.0284042060566913,-0.0309999999999998,-0.0343718690311311,-0.03709529170737,-0.0394297605890296,-0.042049411557502,-0.0444679204483574,-0.0470000000000001,-0.0502706862212349,-0.0538071435931866,-0.0565319855184509,-0.0590218157279404,-0.0614603421066278
-0.064,-0.0673417036565692,-0.0705316174205379,-0.0747842385809937,-0.0800959991705694,-0.0849770516659846,-0.09,-0.094888133703327,-0.1015983767119733,-0.1103976792503759,-0.1199453393151902,-0.1298563049428268,-0.1369999999999999,-0.1420188423414055,-0.1469511352081665,-0.1523615620503174,-0.1583909326455994,-0.1642064125960885,-0.171,-0.177727084984529,-0.1842902628754457,-0.1907190509633585,-0.1963000599265951,-0.203622861633837,-0.212,-0.2204309980363826,-0.2270828379654463,-0.2318499071325256,-0.2368874074404733,-0.2392252738366503,-0.24,-0.2388054059620846,-0.2334737752671137,-0.2274561180788172,-0.2217022109644969,-0.2157113825027858,-0.2080000000000001,-0.2002845033656181,-0.1942941313479644,-0.1886670570457156,-0.1815193142617663,-0.166283071471688,-0.1479999999999999,-0.1365726733145894,-0.1299322916822952,-0.1255609504056755,-0.1210093742176146,-0.1161566576946332,-0.1130000000000001,-0.1097452339905739,-0.1061887799515974,-0.1032401396611892,-0.0991998422767205,-0.0955054464188785,-0.0949999999999999,-0.09634615750611,-0.1016952631558227,-0.1107266012420666,-0.1278491712682776,-0.1683559005978296,-0.2359999999999998,-0.3299953988953245,-0.4503746506102629,-0.5981058012213144,-0.7721795386047361,-0.96154608666215,-1.1539999999999997,-1.335051365000049,-1.492327374536628,-1.5946595838640287,-1.6268763793408747,-1.6007671838667288,-1.4789999999999996,-1.2600661316397188,-0.987194405522672,-0.6879950070476113,-0.4160168470094852,-0.1944413723558356,-0.0529999999999999,-0.004143604517337,0.0078257042974325,-0.012906168426541,-0.041123054416809,-0.0425303953308843,-0.0459999999999998,-0.047489985780968,-0.0473615086134266,-0.050295654487518,-0.0479755008942937,-0.0480962885003147,-0.046,-0.0448331722397955,-0.0447380869240712,-0.0435115295155712,-0.0439736761113172,-0.0414573133669772,-0.0409999999999999,-0.0396641518164981,-0.0371403016798492,-0.0368052263432156,-0.0355779782111469,-0.0361944828627059,-0.036,-0.036604421886722,-0.0380246207989077,-0.0380906655055874,-0.0398166259851616,-0.0412365700803056,-0.0429999999999999,-0.0454325783146316,-0.0486578064125136,-0.0521246591996102,-0.0605226923826593,-0.0760939203658356,-0.0869999999999998,-0.0944073484037342,-0.1017558879145067,-0.1071914839541799,-0.1140426744248191,-0.124565504807952,-0.1399999999999998,-0.152315521595667,-0.1599759221448901,-0.1672826951486359,-0.1734790330541004,-0.180363735440454,-0.186,-0.1917285354953522,-0.1977259950636012,-0.2040937611307551,-0.2121060341141916,-0.2181293120217851,-0.2249999999999999,-0.2318233626824546,-0.2381016778712296,-0.2451918740096162,-0.2517133729042578,-0.2595532767982005,-0.2660000000000002,-0.2739690026846859,-0.2841484601711477,-0.2941573579526976,-0.3053266180507424,-0.3133971932718798,-0.3209999999999996,-0.3278550456991923,-0.3348785622146847,-0.3453484017459998,-0.3521110152247523,-0.3570388525181285,-0.3609999999999999,-0.3633326475847173,-0.3669331437005693,-0.3690042884694986,-0.3707953848736551,-0.3721653627414452,-0.3729999999999999,-0.3739391922073096,-0.3740153867772718,-0.373732194480196,-0.372484650576171,-0.371898097453009,-0.3699999999999999,-0.36734534167604,-0.3653547954285662,-0.361750607955914,-0.3588078207558259,-0.3521489624642064,-0.3419999999999999,-0.3344732152369015,-0.3256613019753204,-0.3129366325041269,-0.2980581622140484,-0.2859830199835003,-0.2770000000000001,-0.2669402875527207,-0.2585494141462014,-0.2524557948157594,-0.2468383837120563,-0.2420841861006449,-0.2369999999999999,-0.2311024969635403,-0.2263832800976601,-0.2230660633689379,-0.2195921870997701,-0.2163826403182505,-0.2129999999999999,-0.2095934743835693,-0.2065240854169331,-0.2024229529078589,-0.1986326090642328,-0.1952198538921194,-0.19,-0.1833702964825005,-0.1765721948391432,-0.1706076431428043,-0.1666223012569784,-0.1632905959948181,-0.1599999999999999,-0.1582987328556583,-0.1561880487707256,-0.1533412953226448,-0.1511228776999947,-0.1483939367326683,-0.1449999999999999,-0.1408538417470896,-0.1367025498622916,-0.1321610783134808,-0.1266287736342951,-0.1177419355410149,-0.1039999999999998,-0.0920051740607452,-0.082003574154334,-0.072805880359332,-0.0669047275554454,-0.0621786594982468,-0.0600000000000001,-0.0584779605984522,-0.0564025991431525,-0.0553302735173389,-0.0529977019054499,-0.0519525119525292,-0.051,-0.0484544446435598,-0.046210828329601,-0.0426569519033533,-0.0381396930119431,-0.0328511041255868,-0.0260000000000001,-0.0154903359750174,-0.0036697445977685,0.0045295269129602,0.0121773147072487,0.0191883275127042,0.024,0.0282771159269414,0.0311987234483928,0.0330486762315604,0.0346235484574115,0.0363655329660649,0.0379999999999999,0.0395861507116554,0.0419636849633975,0.0444929794547144,0.0471324060670868,0.0508429364781495,0.0549999999999999,0.0575959759906676,0.0599160142488955,0.0622921886831085,0.0634190040984472,0.0655437876877979,0.0679999999999999,0.0696209635285708,0.0719172292929281,0.0745654108092942,0.0769390195330549,0.0795538418702631,0.0819999999999999,0.0836193397914616,0.0859826496965534,0.0881460682970724,0.0896419893800578,0.0912469364592533,0.092,0.0936476787955809,0.0947501323634974,0.0960676038308485,0.0992726095843866,0.1013776224209279,0.1039999999999997,0.1058655420811944,0.1065837421028827,0.1072928640844622,0.1068169435795546,0.1069926178428539,0.1049999999999999,0.1023047833348973,0.100435549077436,0.0964022192541311,0.0923103034883819,0.0851762560323309,0.0750000000000001,0.0650845820017563,0.0542922822926704,0.0438646955362047,0.0343016307221583,0.0266899066277548,0.0209999999999997,0.0158972397872951,0.0120278168035314,0.0103270215382114,0.0122029273183442,0.0171668951240163,0.0239999999999998,0.0334844447518184,0.0486076431487362,0.067265936605443,0.0848616028164169,0.1011098161004778,0.1159999999999999,0.1331735340702094,0.1524054547759665,0.1717548363144682,0.1917484331025784,0.2063288595318163,0.2159999999999999,0.2252157453831622,0.2338382812497632,0.2410303288320482,0.2456289154013864,0.2498971923916661,0.2539999999999999,0.2573705335682123,0.2601361126282462,0.2623775416595204,0.2650609662891416,0.2675714925477788,0.2719999999999999,0.2772022411030204,0.279959178086729,0.2784738011895539,0.2716645994609097,0.2569139691413615,0.223,0.1652399358930459,0.0844700297340946,-0.0223970826021176,-0.1577339545122305,-0.3234866351105261,-0.5139999999999999,-0.7128375404098234,-0.9040244405301427,-1.073522044771842,-1.1832700117777946,-1.2199586673784546,-1.2029999999999998,-1.0963806634589794,-0.8929369177180245,-0.6346838092310707,-0.3426970008123281,-0.0659409496503925,0.1679999999999998,0.3346641548248037,0.4072533582429289,0.4361570957500544,0.4405313411008947,0.4196664793151908,0.4069999999999998,0.3989329959818227,0.3907707877886366,0.3871836548285391,0.3859773665350075,0.3886975733616984,0.392,0.3961816934462436,0.39924658380821,0.4014167076319861,0.4036708145043407,0.4041017829225452,0.406,0.4078524665980285,0.4085102114366542,0.4100280109966535,0.4113559358246113,0.4107219966332711,0.4089999999999997,0.4066409586415963,0.4032800108632008,0.3998691157222289,0.3948524296399543,0.390011007726502,0.3809999999999998,0.365674094538332,0.3556108549513526,0.348700955866546,0.3412638822560062,0.3359654586187723,0.33,0.3248139655752388,0.321167020306416,0.3185314333135501,0.315749169755177,0.312346547285799,0.3089999999999999,0.3048493387300563,0.3003088772170636,0.294025341732748,0.28716153459817,0.2762315165066892,0.261,0.2492694296364113,0.2357960143736653,0.2182326224181992,0.1990716866780562,0.179278296594852,0.164,0.1528289220436864,0.144544046710327,0.1341248477188167,0.1209070776520345,0.111384613933098,0.1039999999999999,0.0981064187119392,0.0918363615405643,0.0854201907521872,0.081578908415468,0.0770085300466867,0.0729999999999999,0.0697869358627464,0.0656170341087485,0.061625078505711,0.0570575787273255,0.0519992787169339,0.0469999999999999,0.0399646353803666,0.0286762715355062,0.0182571647599472,0.0114147096473564,0.0047122333486296,8.842309600570134e-17,-0.0032806502017307,-0.0068018358594728,-0.009592625811578,-0.011761274039785,-0.0133666794950983,-0.0159999999999998,-0.0178634006002715,-0.0185490665565642,-0.0194529932146453,-0.0181929007195608,-0.0153527643983192,-0.011,-0.0058970780717134,-0.0013195127549608,0.005244348192418,0.0133551349978567,0.023146735243908,0.034,0.0425439587676541,0.049499184050642,0.0552299385727312,0.0598583782780032,0.0650795714673625,0.0699999999999999,0.0741619959143167,0.0783933065023611,0.0821505605853606,0.0851050732440222,0.0873943265682746,0.0889999999999999,0.0906422090998537,0.0923654571365741,0.0939870567851575,0.0955513698600718,0.0959933788362536,0.0959999999999999,0.0967608511695653,0.0982634786029588,0.0998367241054118,0.099859608372584,0.1001976447342982,0.101,0.1001554169714167,0.0999589814716729,0.0996349989465809,0.0987821078616055,0.099074925639488,0.0989999999999998,0.0990142604806386,0.0984315725274092,0.0977306283773443,0.0981810904192418,0.0979083224503938,0.0979999999999998,0.0981025874991008,0.0974007720175195,0.0961019544424398,0.0944507412537673,0.0938732291725399,0.0920000000000001,0.0901315580178893,0.0895081379049479,0.088237952574466,0.0879626993268476,0.0865587876196222,0.085,0.0850896297679085,0.0842287047600135,0.0840538251333412,0.0836864580136142,0.0829195879923285,0.082,0.0779864988396492,0.0735276320811571,0.0695244659926014,0.0657412748688803,0.0651069680569164,0.0659999999999999,0.0675073209709533,0.0701507366775998,0.0719239583406752,0.074089464324685,0.0777628895262537,0.0810000000000001,0.0821905189032256,0.0797152075772872,0.0753795605063387,0.0715386277054702,0.0684735470538169,0.0660000000000002,0.0626613573204283,0.059902396980936,0.0574398576728687,0.0555626765077582,0.0561607482263201,0.0559999999999999,0.0566132782974029,0.0584625958698941,0.0601209960161629,0.0633342145655593,0.0652376202439173,0.0670000000000001,0.0695686954359758,0.0718449287727983,0.0747052081747611,0.0768024669964988,0.0796265594544721,0.0820000000000002,0.0843327916864331,0.0873733977756553,0.0886823494319236,0.0912069592410303,0.0932412646187719,0.095,0.0984362813404936,0.1008481792212234,0.1041669793509078,0.1066560320918324,0.1069941169821278,0.1059999999999998,0.1027500626245983,0.0988729900928694,0.0936459604816481,0.087539997562242,0.0803720489815591,0.0710000000000002,0.0610156608096314,0.0509481854394439,0.0410975105646229,0.0308640706781112,0.0211594294899004,0.012,0.0026710322559403,-0.0046275820756607,-0.0104508967251965,-0.0164034520930006,-0.02205667311696,-0.0269999999999998,-0.0327693578571073,-0.03829115713464,-0.0426472089961866,-0.0484815774422411,-0.0540056049103851,-0.0589999999999999,-0.0620070159490226,-0.0603529792625621,-0.056436334317576,-0.0503889623771994,-0.0434522662498991,-0.0309999999999999,-0.0110801607403527,0.0087808836151234,0.0301921105955418,0.0503537312638379,0.0645246977641551,0.076,0.0845641746760347,0.0915091297993584,0.0969367081322967,0.1002504333535928,0.1036671079489332,0.1059999999999998,0.1076021843573399,0.1095141547594249,0.1104504884981206,0.1114838508595818,0.1119277796337047,0.1110000000000002,0.1103168456242916,0.1075686750332509,0.1037184702074584,0.0985427627906723,0.0917555198847797,0.0829999999999999,0.0520680141160314,-0.0084950285235279,-0.0924438135657102,-0.2060736501755889,-0.3457474460146668,-0.5089999999999999,-0.6913797615030295,-0.8810594752457771,-1.067471249173694,-1.2292915497198988,-1.3440851490810517,-1.39,-1.3574222080730205,-1.2391598118493254,-1.036814247980948,-0.7758770048203912,-0.4803807109850814,-0.206,0.0141660336643974,0.1726666107869892,0.2351954082981543,0.2452239762670235,0.2330491839871228,0.1809999999999998,0.1416869626107813,0.1278230874467264,0.1176545896989645,0.1186415019790007,0.1257501389391586,0.1369999999999998,0.1450373332971122,0.1507587580110414,0.1583650110669057,0.1622931096403146,0.1654590859923641,0.1640000000000001,0.1605203038090232,0.1567374325705545,0.1495536984786119,0.1439695255557218,0.1375070036071276,0.1299999999999999,0.1225892183778176,0.1148083393518997,0.107976154955529,0.1014970247029735,0.095894095595583,0.09,0.0849175926076333,0.0796650810721544,0.07287308855301,0.0664495075649454,0.0596008084662152,0.053,0.0470789760816998,0.0420352937226729,0.0365354957282028,0.0310251429158645,0.0272603909343637,0.0229999999999998,0.0195749748650453,0.0163763514388002,0.0133652387867678,0.0107344167448608,0.0060111568764466,0.0019999999999998,-0.0027813006570141,-0.0088131002221075,-0.0143512853056888,-0.020399753659161,-0.0262848410979534,-0.0349999999999999,-0.0458263626509891,-0.0571209434325437,-0.0692427299670325,-0.0804299922458792,-0.0925412930292876,-0.1049999999999999,-0.1160296120669869,-0.1248607410128117,-0.1335493505210487,-0.146698863651354,-0.1589535014054545,-0.1649999999999998,-0.1690982715116155,-0.1735113067366785,-0.1769643926666508,-0.1804639423204018,-0.1834424628566161,-0.1849999999999999,-0.1874486207828656,-0.1896000647852255,-0.1904496570827968,-0.191394693979372,-0.1920900093660942,-0.1920000000000001,-0.191159155112747,-0.1904258345966896,-0.1890508895517434,-0.1873777975457704,-0.1855504313987175,-0.1829999999999998,-0.1806127078822823,-0.1767909071558159,-0.1724730714196806,-0.1682798233586894,-0.1642076916074759,-0.158,-0.1456009476968434,-0.1348649571576957,-0.1278006162598841,-0.1197671299800013,-0.1126220094659,-0.1049999999999999,-0.0960285540971016,-0.0851740311046608,-0.0762180546780495,-0.0709530484539067,-0.0647462016452341,-0.06,-0.0552535508814408,-0.0486574896456478,-0.0417528167036858,-0.0338011568121586,-0.0266380181369648,-0.0200000000000001,-0.0155651611000427,-0.0125688129116671,-0.008685299712971,-0.0061039587201144,-0.0034053291140148,-0.0009999999999998,0.0006359260630986,0.0024061581392371,0.0039121628267026,0.0057358139145883,0.0073063559268851,0.009,0.0099278706222634,0.0105295622133059,0.0116404951980771,0.0122248003412114,0.0132203860363772,0.0139999999999998,0.0148313776420847,0.0151745614110183,0.0148466507924965,0.0150917675756343,0.0150134247196074,0.0159999999999999,0.0169455430555603,0.0174483635060768,0.0190283855119251,0.0206444103670206,0.0222857990984157,0.0230000000000001,0.0237588684994558,0.0251099085351083,0.0284112803493803,0.0344335310717108,0.0386582080011944,0.042,0.0447038286711603,0.0461263683035528,0.0485736176388183,0.0508804181784588,0.0535955413176953,0.0559999999999998,0.0576087747986237,0.0595582541949194,0.0599128193371296,0.0580812880150654,0.0554938549770736,0.053,0.0503812134333344,0.0492764376374822,0.0478661884581921,0.0449256657008002,0.0438654457705742,0.042,0.0400740710210987,0.0400868714435745,0.039813957606637,0.0403171916514247,0.0412046655926747,0.0429999999999999,0.0447860187262083,0.0460811277003683,0.0485982932590897,0.0508715135445456,0.0535926279158344,0.0559999999999998,0.0576748619115203,0.0588660188368779,0.0592761114343551,0.0605368531213704,0.0610376029297905,0.0619999999999998,0.0630353420200842,0.0627609230372645,0.0636683097921477,0.0639557127812556,0.0640872272542286,0.0640000000000001,0.0630577648246932,0.0630967364791163,0.0625145194837384,0.0617458552371772,0.0607044042946712,0.0589999999999998,0.0573707686424154,0.0555584109701656,0.0542033381527856,0.051941178626494,0.0496502697303078,0.0480000000000001,0.0447675045643199,0.0412082387499443,0.0381298867830604,0.0345551892888723,0.0313362263380608,0.0249999999999999,0.0111215036005919,-0.0027867272022738,-0.0128865964844616,-0.0228884572986317,-0.0302472890143503,-0.0369999999999999,-0.0446482548298423,-0.0508059897845505,-0.0558723040087169,-0.059189957010685,-0.0628365082327221,-0.0669999999999998,-0.0704311679615137,-0.0725528859167607,-0.073832654627105,-0.0755418970446392,-0.0746110302537409,-0.073,-0.0707950701227863,-0.0664976156532303,-0.0628189956870117,-0.0578544066638245,-0.0530808034993449,-0.0459999999999999,-0.034367818103534,-0.0228098016123283,-0.0104194544588332,0.0018602525784404,0.0162748858852708,0.0339999999999999,0.0500135635146497,0.064606600240097,0.0773090631251658,0.0883804313367005,0.0990514136926167,0.1080000000000001,0.1140601902879349,0.1188211441303116,0.1242884267405854,0.1284516376069926,0.1315556573003397,0.133,0.132992826345792,0.1326125276535036,0.1309211385951162,0.1291674773950653,0.1250295631864078,0.121,0.1086145231185923,0.0674884682648346,-0.0003401783076043,-0.0918747633620314,-0.2107692615663046,-0.3520000000000002,-0.5133998237944941,-0.6916840829594092,-0.8741628884275294,-1.0468918797740527,-1.184807022164099,-1.2529999999999997,-1.2561491737954475,-1.1927031547867917,-1.025896797372695,-0.7774053583502508,-0.4939249073089583,-0.209,0.0374288782257777,0.221758599630901,0.3198673544440333,0.3482394501166148,0.3433838160596216,0.3050000000000001,0.2625031479292753,0.2442673168673202,0.2374196608748184,0.2340700275437192,0.234430954006691,0.239,0.2434265413197967,0.2460113655727823,0.2481853453230962,0.2496040359525193,0.251219739254125,0.251,0.2516547245190551,0.2528899957975006,0.2535596208208954,0.2560268968220859,0.2570738304903133,0.258,0.258991950827066,0.2589325526606151,0.2588533252474438,0.257212603783941,0.2557717496597154,0.254,0.2514393473258498,0.2491858075030161,0.2459288740464338,0.2429457258158854,0.240442546257822,0.2369999999999999,0.2336171659874907,0.2297117165072456,0.2214106167166184,0.2108800622777091,0.2009332050510156,0.19,0.1813655917234313,0.1746791262690598,0.1683146825676953,0.1626293066172328,0.1555272408331302,0.149,0.1431499295925242,0.1378894786104981,0.1327657899638328,0.1266308310027864,0.1221919689047153,0.117,0.1110577742746481,0.1055613806547943,0.0990253514471672,0.0917460515463384,0.0789028491012667,0.0629999999999999,0.0503033129090761,0.0390792352367654,0.0294653719948936,0.0199951061621102,0.0086231861464749,-0.0039999999999999,-0.0194765956277409,-0.0377646560961347,-0.0548367399081389,-0.0675316815134886,-0.0766373387620634,-0.0839999999999999,-0.090048620046234,-0.093512901094016,-0.094117343365925,-0.0939599389544517,-0.0940143076432718,-0.094,-0.0939803396127281,-0.0940566874054535,-0.0938726146936388,-0.094314175803604,-0.095071428739735,-0.095,-0.095793683021275,-0.096213375538837,-0.0958050470977564,-0.0961478266071257,-0.0959235534460749,-0.0959999999999999,-0.095400531743158,-0.0929655994270198,-0.0906350466609146,-0.0876952468226887,-0.0843613925333961,-0.0809999999999999,-0.0768217704027816,-0.0732156138285648,-0.0696977175707129,-0.0626568754184875,-0.0531098834708578,-0.044,-0.0339464980053848,-0.025935471509847,-0.0216159086273681,-0.0171556421005042,-0.0133362543688447,-0.0099999999999999,-0.0073076333054462,-0.0058828120433866,-0.0033316704106866,-0.0015293189796271,-0.000831387021559,6.355410025409785e-17,-1.9336024751941456e-05,0.0005707022934957,0.0015123428147553,0.0025221498586271,0.0043361050046952,0.0049999999999999,0.0049579665672592,0.0051051215257362,0.0046409835582669,0.0032809279879074,0.0003302244074348,-0.003,-0.0077669065738194,-0.0138269285233155,-0.0200853723723644,-0.0333208915162731,-0.050139660676063,-0.065,-0.0844803475860035,-0.1076564822280368,-0.1305838872027666,-0.1508153673451177,-0.17473356165162,-0.21,-0.2479983257466144,-0.2927424752969197,-0.3475840562669832,-0.4058265257532036,-0.4686078785027101,-0.5279999999999998,-0.584281438777054,-0.6289322792086544,-0.6424510282094563,-0.6349761630854237,-0.5977308211479253,-0.5120000000000001,-0.3941386926848783,-0.254931460221807,-0.0999425309579229,0.0553968416964712,0.2026829282832969,0.3400000000000001,0.4676558208095748,0.5843980503184313,0.6855661657991188,0.7667130940550204,0.8197918010757003,0.837,0.8325697096080071,0.8213879916723614,0.7894855752578804,0.7369868676012932,0.6835274222333946,0.6309999999999999,0.5850841574401598,0.5568248664228194,0.5382523198351147,0.5219284910993264,0.5113428705825782,0.5019999999999998,0.4818387746165162,0.4469068198737944,0.3980272750031918,0.3383347496006258,0.2753029308621632,0.211,0.1487722132996833,0.0913614484394649,0.0366236763771804,-0.0111867135775201,-0.0545313492368786,-0.0919999999999999,-0.1153170626760553,-0.1337886708157241,-0.1501194347223509,-0.1610565006793912,-0.1707854293939432,-0.1769999999999999,-0.1811606013643922,-0.1848472650586626,-0.1880849316254243,-0.1931390796341441,-0.1979026530372084
-0.2029999999999999,-0.2088093091593677,-0.2151838870067716,-0.2221328236545624,-0.228588429290966,-0.2353170707127922,-0.2409999999999998,-0.2460260110598484,-0.2504397254240904,-0.2546854667707849,-0.260355262347517,-0.2662068667604146,-0.273,-0.2797239113435188,-0.2866480911429471,-0.2956332321212768,-0.3067496830833738,-0.3195132397504527,-0.3310000000000001,-0.3433029873769642,-0.356368053657895,-0.3677008821748727,-0.3804740561600068,-0.3964313593567825,-0.4139999999999998,-0.4297885726643656,-0.4477909859876582,-0.4673079347026979,-0.4808003319964538,-0.493898281514447,-0.5089999999999999,-0.5231901924727621,-0.5373228238913623,-0.5513943223997974,-0.5631221678776767,-0.5702382327829433,-0.5769999999999996,-0.5823641332789266,-0.5850542276895725,-0.5867038522217015,-0.5850446140741316,-0.5823718036490094,-0.5769999999999998,-0.5703286176094294,-0.5608901866211123,-0.5403890490206728,-0.5146279131603454,-0.4889083909602362,-0.4649999999999999,-0.4426414524521276,-0.4187904701851719,-0.3942809245264413,-0.3709877261178508,-0.346199958050544,-0.3069999999999999,-0.2669178908506135,-0.241754919804151,-0.2159606705630612,-0.1924660218909881,-0.1698042570552685,-0.1399999999999999,-0.1101664789266348,-0.078972111144925,-0.0555057823043351,-0.0394168233247953,-0.0200286391868621,-0.002,0.0153737791923035,0.0339643130807632,0.0549699478441609,0.0758883552428261,0.0917979615524607,0.103,0.1110699363216525,0.1228215847447519,0.134104358220597,0.140072503808671,0.144836685010584,0.1479999999999998,0.1521399682605396,0.1552833340649846,0.1576489906260858,0.1612476220306068,0.1620554142460313,0.1639999999999999,0.1666849209880486,0.1685796918316937,0.1726206871476204,0.1763363045822968,0.1797079605675548,0.1829999999999998,0.1855643869200876,0.187390203238266,0.1892432925223575,0.1922041971873858,0.1943400504950106,0.1960000000000001,0.1962988771942543,0.194082454722503,0.1912466043710199,0.1872363645031969,0.1834137007368531,0.1820000000000001,0.1812660054647938,0.1796282542023149,0.1784033434454162,0.1775585509139523,0.1755572865592491,0.1739999999999999,0.1731894256358676,0.1722707024414105,0.1715955319306816,0.1705472778516663,0.1699754575455895,0.1699999999999998,0.1692339576524963,0.1681951700330475,0.1679739177868619,0.1678574099155279,0.166696563695118,0.165,0.1632789437527743,0.1622798519565471,0.1612439392046108,0.1591477098552397,0.1577844896740896,0.1559999999999998,0.1534197204481503,0.151284914348375,0.1472863177439464,0.1417055957887366,0.1358344073004637,0.1309999999999998,0.1277380558536156,0.1235730132272786,0.1203195129161449,0.1178750347076875,0.1143240701652173,0.1119999999999999,0.1095995909059778,0.1068459872465099,0.1046688981975216,0.1018524235485538,0.099593862663673,0.097,0.0936878998922611,0.0894861956121011,0.082569253531059,0.075055139979115,0.0674118454763964,0.0599999999999998,0.0548663040870935,0.0505935779537062,0.0469064765974795,0.0436795809940827,0.04039469893652,0.0380000000000001,0.0362536033305825,0.0353346989615001,0.0341355179671552,0.0324119666410664,0.0319546069656976,0.0309999999999999,0.0299971742341444,0.0301753564806751,0.0294047706489964,0.0289982986450519,0.0288832339542643,0.028,0.0279936569112661,0.0274813593724531,0.0263893488376809,0.0257336364346718,0.0248066188449741,0.0239999999999999,0.0231709254355366,0.0223550349923769,0.0214092786439356,0.0209493722045326,0.0209248396267342,0.0199999999999997,0.0199227840360158,0.0196697123883727,0.017815844928563,0.0166875751265448,0.0157388913946878,0.0139999999999998,0.0122738091848708,0.0112253382220996,0.0108314181551204,0.0114108522132313,0.0135325084028179,0.0169999999999998,0.0219085019493639,0.0278758920485374,0.0370053740420758,0.048422992257823,0.0561362711102505,0.0599999999999997,0.0625281425558889,0.0650184916776159,0.0671388210650438,0.0687338807214954,0.0716336574441394,0.0739999999999998,0.075617233962234,0.0774625544177755,0.0785888607019899,0.0791201543516974,0.0789660818421386,0.0789999999999998,0.0775534422789218,0.0748316688935852,0.0727298863377697,0.0697529418505689,0.0677267225215809,0.066,0.0634116413659853,0.0616861149854198,0.0599001056547701,0.0584877520351012,0.0564864040767908,0.0539999999999999,0.0523837957115726,0.0500372867610018,0.0475622299120331,0.0447371739576539,0.0413847921035904,0.0389999999999999,0.0365736988993628,0.0338037416436865,0.0323153088289163,0.0317657154589846,0.0307890210517448,0.0300000000000003,0.0291797239087674,0.0287415013029395,0.0296066978834023,0.0300578316748626,0.0299943306942793,0.0299999999999999,0.0300189000393348,0.0295296543654076,0.0280025570651002,0.0263499877512267,0.0246625575036762,0.0229999999999999,0.0205843495129204,0.0178672150279317,0.0156552929476367,0.0128545872951138,0.0105969929908028,0.0079999999999997,0.005298697555551,0.0043685899066824,0.0030910126809723,0.0013119152409162,-0.000330081588736,-0.0019999999999996,-0.0043906867747035,-0.0072436696558848,-0.0088570263801924,-0.0110361603024422,-0.0133298832142762,-0.014,-0.0140274370500098,-0.0139293976763875,-0.0141387307759118,-0.013697850923579,-0.0128614399930419,-0.012,-0.0103151360124334,-0.009210725389951,-0.0086000869369371,-0.0075877552988728,-0.0068878885192984,-0.0059999999999999,-0.004343871352345,-0.0026853542434633,-0.0010733310642351,-0.0018872186749383,-0.0073313939612519,-0.0139999999999998,-0.0199087641181002,-0.0250242486441735,-0.0303129129400456,-0.0364065270860473,-0.0422554628964072,-0.0499999999999998,-0.0570035134962123,-0.0617444326439675,-0.0677218994101121,-0.0727672766006051,-0.0768398259097487,-0.0810000000000001,-0.0851096666421394,-0.0897827143551185,-0.0965328898756592,-0.1079606941837286,-0.1188299714709524,-0.1259999999999999,-0.1312202894496444,-0.1346568277567977,-0.1379142242358228,-0.1390651498208355,-0.1375155310611175,-0.1329999999999999,-0.1249328778876969,-0.1133791065943313,-0.0959633325955145,-0.0784159048764568,-0.0627481495179145,-0.0460000000000001,-0.0337062114560231,-0.0264440810627261,-0.0204863251500701,-0.0146149980859025,-0.0089859582280535,-0.0049999999999999,-0.0009976305038687,0.0045400994728072,0.0108451124695202,0.0180431200832626,0.0269483754241618,0.0379999999999998,0.0492248647507895,0.0556453276161554,0.0593771780735629,0.0655967388013303,0.0675830388416416,0.0580000000000001,0.0346350305179668,-0.0064269999645312,-0.0703954262586254,-0.1596621188212622,-0.2740673151804565,-0.4170000000000001,-0.5837472164064186,-0.7641734888257906,-0.9473463478799644,-1.1177605526398988,-1.2566170910101775,-1.3299999999999998,-1.3358436462598662,-1.286004387410058,-1.143966429797034,-0.9162474993058212,-0.652817757539568,-0.381,-0.1396734776585616,0.0436818952379764,0.156224255269895,0.1980360680128952,0.2004688399634317,0.1789999999999998,0.1492864014384628,0.1356160665617336,0.1330914198585479,0.1360724931336026,0.1449619898174934,0.155,0.1673663329127579,0.1793061567041433,0.187992922371999,0.1961807218040936,0.2018641733546106,0.206,0.2111247537973167,0.2143613485842446,0.2154523526934238,0.2140392571680634,0.2101527744189116,0.2060000000000001,0.2024855490934642,0.2006781630552326,0.198557970633425,0.1962148991222833,0.1946114255644203,0.192,0.1902755271082461,0.1882106117317782,0.1855655204703265,0.1848371729421921,0.1836640823399815,0.182,0.1803776852221273,0.1785800706230512,0.1771231123806403,0.1751021536656404,0.1723902050720373,0.169,0.1664266812908566,0.16366919237079,0.1593338507936002,0.1555328991649626,0.1509788459684058,0.1459999999999998,0.1404603028052965,0.1323039185107285,0.1246673584799375,0.1188312868377788,0.1140064795555018,0.1059999999999999,0.0911998903163785,0.0770251162668769,0.0684494099706816,0.0629966156955455,0.05794652826959,0.053,0.0496345601742865,0.0459094146586064,0.0404314597961648,0.0298388995868174,0.0138180937504632,0.0019999999999999,-0.00470898063855,-0.0113834710180005,-0.0176623192765614,-0.0229618055737398,-0.0265928505902137,-0.0289999999999999,-0.0306808389704307,-0.032767397887286,-0.0360198641309786,-0.0393262038642473,-0.0426035243736996,-0.0450000000000001,-0.0481899409841013,-0.0518734343809285,-0.05517326241088,-0.0623762311058926,-0.0703660014535675,-0.0759999999999999,-0.0811814024265755,-0.0841985838416235,-0.0864165726360311,-0.0888751368217863,-0.0902432769796074,-0.0919999999999999,-0.0938156519464517,-0.0941110669757032,-0.0939436283755806,-0.0939183965619052,-0.0926030749539348,-0.0899999999999999,-0.0867322305875536,-0.0827968585929717,-0.0780502285525793,-0.0730465162714243,-0.0677970402467122,-0.06,-0.0522248005829716,-0.0464792977679341,-0.0399801031493089,-0.0332379824332287,-0.0237030779067878,-0.0110000000000001,1.1535704033116349e-05,0.0096319843804964,0.0170085910348826,0.02185848429703,0.027115135104082,0.0329999999999998,0.040370278659424,0.0478748602759199,0.0522117314570813,0.0552930468694365,0.0586033163611315,0.061,0.063461351946779,0.0660409016818346,0.0684998375702485,0.0708361468794877,0.0722608861547572,0.074,0.075730032502156,0.0772166126204398,0.0791651077984096,0.0803827031298088,0.0811088469640065,0.0809999999999999,0.0808621785824043,0.0817667378896066,0.0820516635681737,0.0819995870458759,0.0819943683959409,0.082,0.0813038308204244,0.0796173558446673,0.0780979482037659,0.0762170117358276,0.0747610914485993,0.0730000000000001,0.0704021433697606,0.0687466101534023,0.0665047941378367,0.0642398554760973,0.0626179876188606,0.0599999999999998,0.057452405366061,0.0550654379060541,0.0524331649181407,0.0500579432857421,0.0474610104783354,0.045,0.0426033537454918,0.0392512175460275,0.0367259554057959,0.035486951246484,0.033629805188659,0.033,0.0338531716828263,0.0345554627159406,0.0359479310957658,0.0376582672175978,0.0393922521541085,0.042,0.0453641250948031,0.0481138452808532,0.0504090502336543,0.0530574658782357,0.0554828142417864,0.0579999999999998,0.0597520236213862,0.0612083677540786,0.0631326890860869,0.0645578859885409,0.06639233821144,0.068,0.0696441595070577,0.0708977935378217,0.071244228112565,0.0725725296380465,0.0730008922868313,0.074,0.0758802576954326,0.075889028147665,0.0766001965871722,0.07683279804886,0.0758654636738422,0.0759999999999999,0.0760852316763339,0.075398455825403,0.074424263777771,0.0737590809195593,0.072717554601441,0.071,0.0693160412964678,0.0677351324916809,0.0656004188485917,0.0630861813407502,0.0617986077624471,0.06,0.0574049416769006,0.0556755552059229,0.0539450106786619,0.0523300518568435,0.0491000466283278,0.0429999999999998,0.0362259493105755,0.030781606864464,0.0264724437044132,0.0224027319517222,0.0179693341464677,0.0109999999999998,0.0019934022756921,-0.009016486739889,-0.0213056409757926,-0.0324053960275637,-0.0445028460942396,-0.056,-0.0660200138150923,-0.0751748091574721,-0.0813869883596058,-0.0851559989245895,-0.0861814819586655,-0.09,-0.094299224122469,-0.0879658298865608,-0.0745142301436548,-0.0580835416581562,-0.0406265877844992,-0.0239999999999998,-0.0056037087131703,0.0102658553057566,0.0213063383641542,0.032974654084558,0.0452009029219795,0.0530000000000001,0.0580036020506529,0.0626205695173803,0.065818519017165,0.0697226990885149,0.0736915413710325,0.0769999999999998,0.0811413523837963,0.0853021508652397,0.0900089302344669,0.0972476483026531,0.1054180866358792,0.1089999999999999,0.1077116414107521,0.1017146040557332,0.0863338806460151,0.0552165216735542,0.0044176492541102,-0.0630000000000001,-0.1512539259875813,-0.2648733358355651,-0.4025720712742892,-0.5642037793212373,-0.7426044999362605,-0.929,-1.1112835128878924,-1.2730180872415366,-1.38157972889789,-1.4178021638975586,-1.3935310558509133,-1.2789999999999997,-1.0604351087225603,-0.7809046932393385,-0.4822939411994503,-0.2157383428823298,-0.0063619864678594,0.1219999999999999,0.1595003019081686,0.1608290556022005,0.1448001933435115,0.1205999481930729,0.1123573950982023,0.1120000000000002,0.1199234788669711,0.1271856447899114,0.1296642435824009,0.1351427492588207,0.1371885497700964,0.1390000000000004,0.1378854759981448,0.1333947704558426,0.1297592542685742,0.1254250758942742,0.1238220024667275,0.122,0.1209333913103328,0.1207409273245041,0.1187592902552034,0.1175546549779353,0.1155420318545296,0.1140000000000001,0.1124441919440477,0.1104899580298159,0.109182569594346,0.107200509863028,0.1057188882867618,0.104,0.1031038246166336,0.1019119292318381,0.0998093653448296,0.0983102102534757,0.0953633643887929,0.0930000000000001,0.0892518110846953,0.0820709599587295,0.0744632020476646,0.0671822903952398,0.0607108454937031,0.054,0.0488220957402519,0.0442469709481212,0.0389637057085983,0.0359862673030802,0.0319878265170449,0.0269999999999999,0.0229524577849584,0.0174475834623733,0.0114661084722334,0.0055525894486656,-0.0015177458664763,-0.0090000000000001,-0.0148731875117622,-0.0215382425292767,-0.0304944465677956,-0.039995729929359,-0.0528928071741807,-0.0669999999999998,-0.0773050081662871,-0.0852175272069557,-0.0917086594803269,-0.0970744903819042,-0.1019170026429899,-0.1060000000000002,-0.109360705725699,-0.112654204929616,-0.1157660404095868,-0.1176085772980521,-0.1194581020979886,-0.1219999999999997,-0.1237350986397227,-0.1252317274399536,-0.1271445967288622,-0.1283798365908907,-0.1291741213088194,-0.13,-0.1300583377439382,-0.129909710943176,-0.1301346693301041,-0.1297202353345436,-0.12883783931054,-0.128,-0.1263839613783492,-0.1246355466337245,-0.1227424933603572,-0.1198025569420962,-0.1176322103679197,-0.1149999999999998,-0.1115708757180715,-0.107953349021702,-0.0982098853466357,-0.0848092213250417,-0.0739715092882502,-0.0639999999999998,-0.0562369318098199,-0.0499173995925521,-0.0423936925047513,-0.0352446095085184,-0.0287847599601375,-0.0239999999999999,-0.0207114821828801,-0.0167212839959728,-0.0127050792636935,-0.0101908955076964,-0.0087145551598214,-0.0069999999999999,-0.0052609940172491,-0.0042709048318562,-0.0035475623665834,-0.0026299825611737,-0.0018565722864439,-0.0010000000000001,-0.0001066785786992,9.379181077136736e-05,-0.0001374823638539,0.0003960226096131,0.002511996213525,0.005,0.0067971304295054,0.0067771981148332,0.0044369634305599,0.002147814180504,-0.0006843148080319,-0.0039999999999999,-0.0057389648806995,-0.0072394987987607,-0.0093456012328607,-0.0121685124335005,-0.0143146430421468,-0.0160000000000004,-0.01859205008927,-0.0198226908584824,-0.0204206799735906,-0.0213466344644845,-0.0221928674820792,-0.0229999999999998,-0.0229728567483838,-0.0235987524429478,-0.0242644520781182,-0.0236558159871448,-0.022897258443048,-0.0229999999999999,-0.0231426389065041,-0.0221849203417446,-0.0221108628312142,-0.0214894517195598,-0.0197195947781672,-0.0189999999999998,-0.0174237451941116,-0.0155676793845233,-0.0140683188112705,-0.0123116987437554,-0.0106503940976162,-0.0089999999999998,-0.0081746968374653,-0.0067979346702685,-0.004893762656989,-0.0035063874402719,-0.0030064051688373,-0.0029999999999998,-0.0013682183635366,-0.000186042488003,0.0006641368396344,0.0030468796303742,0.0054724653229029,0.0079999999999998,0.0104946315963151,0.0130832892454671,0.0150360221927837,0.0168721994626815,0.0194682061193074,0.021,0.0226507275163272,0.0238427030323894,0.0243807539808945,0.0252585464835553,0.0248796466614543,0.025,0.0251176485603435,0.0247503105681952,0.0256058355306385,0.0261679849878294,0.0273501705020195,0.0289999999999999,0.0297844584475681,0.0313098829892901,0.0326833520331944,0.0332184090583048,0.0342314856210393,0.0350000000000001,0.0350418930720137,0.0345111177815991,0.0330010800120837,0.0313890583772306,0.0295652960090302,0.0269999999999999,0.0244790171983741,0.0220581998264682,0.0191549552311245,0.0155484637125382,0.0123810500028357,0.0079999999999998,0.001373094647487,-0.0060497008031674,-0.0173239451475315,-0.0293931866399316,-0.0374322631774772,-0.045,-0.051911180304482,-0.0565678757526638,-0.059728141372791,-0.0617019248220195,-0.0633144233004378,-0.0649999999999998,-0.0674135576630426,-0.0706089559390155,-0.0738798549855415,-0.0751457497564727,-0.0734027421995061,-0.0680000000000001,-0.05967293811062,-0.0511449889047263,-0.039387170692617,-0.0256741788869183,-0.0136565076587309,-0.0019999999999999,0.0101155149567021,0.026353204042907,0.0408434893577995,0.0488731380073066,0.0564887922460418,0.0619999999999998,0.0668586736756903,0.0718492098696674,0.0743244305949871,0.0772388022006993,0.0792793961860137,0.081,0.0835055558074254,0.0863924249306424,0.0906302068742947,0.0943937429539518,0.0975722729089377,0.0989999999999999,0.0976357331875426,0.0928768333069135,0.0851605618290565,0.0726460847612625,0.0402415121215764,-0.0199999999999999,-0.1041721576120119,-0.2143278969601172,-0.3510763878586705,-0.5125515566624107,-0.6958522194046876,-0.8859999999999998,-1.067664477482979,-1.2249839834407672,-1.322931224046919,-1.353681563431164,-1.3282490262215416,-1.215,-1.0068396353870115,-0.7392820943624819,-0.4475941835839881,-0.1786535700648751,0.0381845901322366,0.1770000000000002,0.2293580998385155,0.2356443875668488,0.2179735978134663,0.1954365814181243,0.1869240726703555,0.181,0.1795496960507588,0.1807712277822409,0.1788301699669613,0.1794322956723142,0.17865842541686,0.1779999999999997,0.1781859637436966,0.1771649900651567,0.1767433781411576,0.1754277013887522,0.1749933273204066,0.1739999999999999,0.1721941554228002,0.1714222167532194,0.1703454218585543,0.1698281120038562,0.1687249223767473,0.1679999999999999,0.1673433083874253,0.1655016581026261,0.1643230606927044,0.1616847565694301,0.1584440860058875,0.1559999999999999,0.1534678903308648,0.1511090077087169,0.1480991466513976,0.1444483386396685,0.1401663511455553,0.1369999999999999,0.1338277862528167,0.1299721321119266,0.1278239194303765,0.1243294837173181,0.1202377324254199,0.1149999999999999,0.105952330615062,0.0961947679627681,0.0852837260924763,0.0755312802466707,0.0687451592856531,0.0629999999999998,0.0581306410676223,0.0516598764576919,0.0457470959195165,0.0409378164341751,0.0347505694361035,0.0289999999999998,0.0211035878526828,0.0096586442887709,-0.0013881273079821,-0.0104458619374926,-0.0185753195227608,-0.026,-0.034764512640193,-0.0467217739390208,-0.0554510607917936,-0.0594459466883706,-0.0639621347182254,-0.0680000000000001,-0.0712938636512478,-0.0747732732354371,-0.0776168017723407,-0.0797692713545976,-0.0812922571209661,-0.083,-0.0847272148124655,-0.0857719825248793,-0.086340788242425,-0.0876769261905454,-0.0891825134409779,-0.0889999999999997,-0.0888756004439804,-0.0896826516571877,-0.0904447139941616,-0.0915098838448998,-0.0934676851435992,-0.0959999999999998,-0.0984816155582771,-0.1007672169068169,-0.0998781184026239,-0.0943713711133744,-0.0862234306933105,-0.077,-0.0680111961197185,-0.0563623559805317,-0.0436942009690981,-0.0346587370190625,-0.0247651537861869,-0.0129999999999999,-0.0013650514342707,0.0097239689510809,0.0161765904912236,0.0189926889535857,0.0214969656394702,0.0239999999999997,0.0265693929892733,0.0283677218596696,0.0300465983916838,0.0314376227738584,0.0321512145356104,0.033,0.0330635609609864,0.0329233382028172,0.0330638179532886,0.0329712016177309,0.0329641768924356,0.0320000000000001,0.0303177473261955,0.0287109786926523,0.0269321074498038,0.0254201281772925,0.0235547050641427,0.0209999999999996,0.0184818319270824,0.0160538346652582,0.0131801537299582,0.0093847069774443,0.0051488010908583,0.0009999999999998,-0.0024428868391075,-0.0050003011773709,-0.0075533386095262,-0.0098064249218008,-0.0112240421642484,-0.012,-0.0127503768485458,-0.0143316290178716,-0.0156809804621493,-0.0162052061193869,-0.017249852871807,-0.0179999999999999,-0.0179397007039981,-0.0186517988578229,-0.0191789338410779,-0.0188888334122836,-0.0190582174054219,-0.0189999999999998,-0.0188985860613483,-0.0196952837779243,-0.0201508408979893,-0.0198848587921311,-0.0201193525981061,-0.0209999999999999,-0.0218434271198867,-0.0226563964195193,-0.0235063148230084,-0.0243319236785551,-0.0251652305651875,-0.0259999999999999,-0.0268374820000415,-0.0276744878469216,-0.0282598283208163,-0.0275944343380055,-0.0269871933514738,-0.0269999999999999,-0.0253898251579959,-0.0241112422125988,-0.0236956644575598,-0.022520868091921,-0.0219112433707281,-0.0209999999999996,-0.020087291285885,-0.0194879546621774,-0.0182679466715778,-0.0180600596123952,-0.0178725661293553,-0.0169999999999999,-0.0162308448570449,-0.0147149749826869,-0.0130145097175279,-0.0111583585187065,-0.008421631154456,-0.0059999999999999,-0.0043313406955424,-0.0029691734570154,-0.0040833573635348,-0.0073417460039168,-0.0107889595927428
-0.016,-0.0204587006710275,-0.0228463226815627,-0.0260318454337885,-0.029240520636193,-0.032753093026788,-0.0359999999999999,-0.0384113405568484,-0.0417204748405527,-0.0445689583976348,-0.047033271245164,-0.0493888841427925,-0.0509999999999998,-0.0534620567058759,-0.0555705719317536,-0.0566982163591807,-0.0592250730070483,-0.0627157328936136,-0.0669999999999998,-0.0734768333692508,-0.0815315248712594,-0.0903896081091618,-0.0999832576743006,-0.1114467730835997,-0.1229999999999997,-0.1314190311595208,-0.1401547315936925,-0.1491238077961114,-0.1551214791111228,-0.1598701190014827,-0.163,-0.1654269139512623,-0.1678573387538126,-0.1667774021444124,-0.1614880373117014,-0.1529963600080879,-0.1399999999999999,-0.1247077937245259,-0.1126845465499664,-0.0992150520417668,-0.0797598527208597,-0.0588036375412013,-0.0379999999999999,-0.0207448662867473,-0.0088035675655142,-0.000136691478299,0.0066539639540056,0.0132668620937043,0.0189999999999998,0.0255919161664723,0.0319106566435788,0.0375461258124432,0.045051270016121,0.0510363703200119,0.0569999999999998,0.0645520630869503,0.071379255172661,0.07819687252678,0.0864328381544152,0.0927242677713578,0.0909999999999999,0.0799747590490638,0.0513916916471707,0.0029686480309887,-0.0630722218877971,-0.1542123950829132,-0.2679999999999999,-0.4070872721157931,-0.5674322959327124,-0.7355019499468578,-0.9051441504540624,-1.0619715765037925,-1.198,-1.2836427098766472,-1.3011628979316507,-1.2654821403821157,-1.1432826287841598,-0.9275700989575748,-0.6619999999999999,-0.3809361174369765,-0.1309248029340125,0.0590398035684168,0.1743924315300209,0.2172633401391487,0.2199999999999998,0.2075025240169094,0.1985463048219429,0.1951661286470234,0.1942881711779639,0.1976618670931991,0.1989999999999999,0.2006176026192486,0.2013129384380042,0.2011201052910732,0.2023666776685143,0.2019227719221019,0.2029999999999999,0.2032125588226053,0.2026999250849915,0.2032747495183413,0.2029304966867904,0.2043888549146487,0.2049999999999998,0.2041059595183845,0.2035078955555402,0.2019935134107597,0.2003694218395392,0.1986412964129304,0.1970000000000002,0.1953818328557311,0.1931350965212686,0.1902886228392763,0.1884131365999277,0.1864523362799686,0.1830000000000001,0.1797705308643871,0.1750856588393261,0.1703343264973584,0.1663208364030429,0.1623544091830726,0.1599999999999998,0.1559674544233877,0.1516396893839049,0.1465863223773874,0.1389435828415199,0.1328746245538515,0.1259999999999997,0.11772445429448,0.1082479324593833,0.0981124357027124,0.0891892341454786,0.0745045827325063,0.0580000000000002,0.0490887513149266,0.0444371219344997,0.0413070220574098,0.0392398099335398,0.037735410179608,0.0359999999999999,0.0334352337591072,0.0316796317774252,0.0296025465810769,0.0271163333458655,0.0257658134612835,0.024,0.0214957909780015,0.0190227973433635,0.0164630172965829,0.0140492814199798,0.0114242741650725,0.0079999999999998,0.0038223405560545,0.0001667653868894,-0.0027936142661091,-0.0066833485745313,-0.0107479294730422,-0.014,-0.0165645499053164,-0.0188395357659817,-0.022026191860561,-0.0251112850995604,-0.0274747862755847,-0.03,-0.0318177993852865,-0.0321646511540979,-0.0315848181421148,-0.0304726005831666,-0.0285569146990603,-0.0259999999999998,-0.0227022968953106,-0.0193858044974865,-0.0147876567658004,-0.0035917270744925,0.0120805659624766,0.025,0.0350437212662722,0.0446639210729582,0.051729119055635,0.0551796933493754,0.0588068275537816,0.0619999999999999,0.0636004726028167,0.066033172527731,0.0680874229118609,0.0696794932866212,0.0712461987951832,0.0719999999999996,0.0728125091105084,0.0736977322434865,0.0744234625236681,0.0756749725709536,0.0786894143192786,0.0810000000000002,0.0803578787415089,0.0777778597570026,0.0726014925493797,0.0667269321024529,0.0606750101986611,0.0540000000000001,0.0503157888246893,0.0492809491903029,0.0485572582057259,0.0474727350399448,0.0455959167608352,0.0439999999999999,0.0431749919673931,0.0422158652279885,0.0422485334599413,0.0434624178813107,0.0441631835202255,0.046,0.0478068290977213,0.0490464734155582,0.0516397277674074,0.0538444664854678,0.0565411075127534,0.057,0.0537531112659288,0.0494808460175586,0.04215464811427,0.0309196241041001,0.0144643338337699,-0.001,-0.0158757391190094,-0.0403629063177101,-0.0651985095830577,-0.0869255112034046,-0.1123665072495575,-0.141,-0.1753048309395118,-0.2164992296330342,-0.2649407925154718,-0.3193022999984441,-0.3780235907559666,-0.4379999999999998,-0.4939196697669659,-0.5359423766280387,-0.5500193500136035,-0.5434599165600509,-0.5095483845539682,-0.4259999999999997,-0.3046304337357264,-0.1552928988464442,0.0131341484966414,0.1820942173861861,0.3444649809453105,0.4889999999999997,0.6118341984168415,0.7139390029433271,0.7977170149391912,0.8731719811986747,0.9313311058581496,0.9589999999999994,0.9612052728972262,0.939292747127976,0.8875560513469807,0.8191582543126964,0.7518023194220911,0.6879999999999997,0.633287031412039,0.5931334154445166,0.5710414014330918,0.5617558099775755,0.5519014395491167,0.5419999999999998,0.5246116137313549,0.4897528604966622,0.442256308895068,0.3853167118732958,0.3233607840765271,0.258,0.1925640468628909,0.1310415393468077,0.0721030379247966,0.0203577696182857,-0.0245920478729303,-0.063,-0.0934507141382336,-0.1194334357125655,-0.1386335244102196,-0.1542401948798293,-0.1684587630442013,-0.1770000000000003,-0.1821636170522009,-0.1857551441222588,-0.1890177296930111,-0.1920955053576838,-0.1945454950304641,-0.1979999999999999,-0.2020231016783807,-0.2079888480175657,-0.2157991453051059,-0.224844640358874,-0.2349320350065085,-0.243,-0.2503845826620446,-0.2586667759591262,-0.2670227991707121,-0.2750722938860672,-0.2809666974812226,-0.285,-0.2891190105458701,-0.2934310829689286,-0.2973185615861436,-0.3021039815638139,-0.3084373911933482,-0.3189999999999999,-0.33564100022274,-0.3506434303383465,-0.3653764954786389,-0.3852948515259011,-0.4046998910625412,-0.4230000000000001,-0.4399035392108659,-0.455483715898578,-0.4715044679236662,-0.4852942724767949,-0.4986173431240617,-0.5089999999999999,-0.5162890032506563,-0.5259400388348122,-0.5356633453986691,-0.5443919368734501,-0.5510661582601892,-0.5549999999999999,-0.5576178066308519,-0.5597117311028893,-0.5632814861494515,-0.5653843754754413,-0.5631796480750407,-0.5559999999999999,-0.5459854052642231,-0.5354361164123225,-0.5196776326700461,-0.4974647086756942,-0.4702240720322604,-0.441,-0.4134584078049443,-0.3855851986336964,-0.3562108727349361,-0.3257967062142957,-0.2962351149540694,-0.268,-0.2397717842950079,-0.2097701615649816,-0.1779355069969383,-0.148627840469274,-0.1203129633588795,-0.0929999999999999,-0.0658899167725738,-0.0356700876916563,-0.0076556779895469,0.0181164139850947,0.0398831513854064,0.0589999999999997,0.0795416686754621,0.0934792933425995,0.1059972136817575,0.1204615430769562,0.1308604401787861,0.1399999999999999,0.1475927943330212,0.1553266719950882,0.165225659840355,0.1792493686191263,0.1946072154639285,0.2019999999999999,0.2053331624776311,0.2081891926053386,0.2103701430257353,0.2129127283353872,0.214244432149674,0.2159999999999996,0.2169451680605141,0.2175589919963363,0.218291392429734,0.2178045341239333,0.2180921194672305,0.218,0.217970010498873,0.2175549509933269,0.2162857875043855,0.2158341189374499,0.2147428610844543,0.2139999999999998,0.2132521479838252,0.2121826305564151,0.2116872368154819,0.2104711520485347,0.2100201228601995,0.2099999999999998,0.2091724395053774,0.208363900580909,0.2074093913594678,0.2069250260195602,0.2069672879270024,0.2060000000000001,0.2050105726207451,0.2051641964902608,0.2043753531360123,0.2041894010226928,0.2051028685096319,0.2049999999999998,0.2058050864647883,0.2061302124300403,0.2062394069119094,0.2073648150960312,0.2067645700660242,0.206,0.2059536037532094,0.2065921801593179,0.2072601516976055,0.2068170953602288,0.2070966555336117,0.207,0.2069029180230065,0.2071855387742842,0.2067311723768421,0.2074272102331493,0.2080175185968037,0.2079999999999999,0.2080994371209047,0.207275638569465,0.2069411377510813,0.2068485035427376,0.2057575419416835,0.2049999999999999,0.2042800796863752,0.2026094858487304,0.20139551210147,0.200789002654407,0.2012990032856342,0.2039999999999998,0.2065190034588064,0.209576525699025,0.2119018543406258,0.2072801803756331,0.1996719225543738,0.195,0.1908667332332881,0.1870416534819076,0.1848523975445129,0.1835731036733864,0.1828706561372031,0.182,0.1811602661476543,0.1799000629383743,0.1776368587754097,0.1771307592544139,0.1781979048998215,0.1789999999999998,0.1805965577270018,0.1824550183390571,0.1835933925868854,0.1842554491147244,0.1852311528018799,0.1859999999999999,0.1859384997904459,0.1866929165391495,0.1868610033316574,0.1852773491796671,0.1837101730556235,0.1819999999999997,0.1795549719354905,0.1768655495647201,0.1749752873072301,0.1732771690539927,0.1717889625112683,0.171,0.1693494532310114,0.168163606561289,0.1676386943696616,0.1665748114302091,0.1658727788354881,0.1649999999999998,0.1641866459005163,0.1627755910869026,0.1611872140670074,0.1609336116726768,0.1596088987485763,0.1579999999999998,0.1572377363606469,0.155688706418675,0.1540317200863126,0.1522830559662777,0.1506531676118138,0.147,0.1394981148844053,0.1335086969247294,0.1297452098200635,0.1250960615710941,0.1214072085111879,0.119,0.1172737030418844,0.1157715552841972,0.1138481996903215,0.1126095773654261,0.1118885520178631,0.1119999999999999,0.1128529030627974,0.1135989137568179,0.1146262947938655,0.1150749293722946,0.1149058060719546,0.1129999999999998,0.1088218271337588,0.1052490979706446,0.1019846012565509,0.0988926953484618,0.0964650355224219,0.0930000000000001,0.0902603451458849,0.0894018429848801,0.0880446799067875,0.0864942925186783,0.0859042454233546,0.0849999999999999,0.0840642678502288,0.0840201177240009,0.0836932507979053,0.0823635961444278,0.0807177146312576,0.0800000000000002,0.0792968063326734,0.0775747119777614,0.0764706168553271,0.0754931681510419,0.0736034108581168,0.0719999999999999,0.0704293842718229,0.0679917308698205,0.0656369930792929,0.0624166837657912,0.0568045759514781,0.0519999999999999,0.0487145743722885,0.0451137149332917,0.0429254605599268,0.0410540516528605,0.0370539065562466,0.0319999999999999,0.0269815934849093,0.0220844375190047,0.0163831759905941,0.0088181272535124,0.0018183132713093,-0.0029999999999998,-0.010022128489389,-0.021195488197071,-0.0326168370926196,-0.0409047101587119,-0.0472972527773003,-0.0539999999999999,-0.0591693285062722,-0.0633255648716624,-0.0671856788217016,-0.0703391648433153,-0.0750572438235473,-0.08,-0.0842112082052519,-0.0877521540227807,-0.0912287954169589,-0.0957674823021801,-0.0983077671647049,-0.1000000000000002,-0.1031916938088682,-0.1081792577857298,-0.1160814210766028,-0.1264006064926428,-0.1384246478941027,-0.1499999999999998,-0.1630265058159207,-0.1778158929683568,-0.1895537897087843,-0.1981264431549283,-0.2039250694669398,-0.2069999999999998,-0.2072455630997307,-0.2057263943810617,-0.203318392288591,-0.1963892838228482,-0.1813423010181988,-0.1619999999999998,-0.1482116133272612,-0.1363029152301146,-0.124250737847211,-0.1179019415882364,-0.1116289662001687,-0.106,-0.1004260064498692,-0.0937880888775907,-0.0897231761183348,-0.0851918849198881,-0.08266003200322,-0.0799999999999998,-0.0786944231419493,-0.0801220626348636,-0.0800850294014866,-0.0837222943651147,-0.0850616420435024,-0.0939999999999999,-0.1271753686899983,-0.1762707337162855,-0.2413782752211613,-0.3264808453313685,-0.4331584550632952,-0.5619999999999999,-0.7118682187210139,-0.8757832901347055,-1.0405280589114394,-1.1986018643008636,-1.3349310092223552,-1.44,-1.4961014622999171,-1.4804952499124289,-1.3868878147535038,-1.207497371862153,-0.9637498580925126,-0.6859999999999999,-0.4132841876486524,-0.190179383517146,-0.0327831934332165,0.0364121691367159,0.0517800427156417,0.0489999999999999,0.018703907129197,0.002926184020782,0.0021214139290616,0.0011111597452717,0.0136505764498851,0.0189999999999997,0.0226638141541713,0.0270838333069014,0.0274916448791133,0.0315807601870958,0.0319011478294103,0.034,0.0351988346541973,0.0356034142271906,0.038733681018617,0.0391129538591169,0.041569027922359,0.042,0.0424670142405838,0.0447805821099909,0.0452102247941853,0.0465661267803382,0.0470808190614704,0.0479999999999998,0.0465821989711706,0.0444128322545418,0.0426284924259273,0.0382338434213871,0.0355453344090125,0.032,0.0279040869761997,0.0216015613875198,0.012919864519181,0.0065986413664646,-0.000560228498003,-0.01,-0.0256073400957529,-0.0392375526457658,-0.0451643876181303,-0.0516219932468393,-0.0555223104519026,-0.0590000000000001,-0.0626151075352395,-0.0646104631035747,-0.0685362030245928,-0.0728168859670763,-0.079566815340198,-0.087,-0.0936142489928638,-0.1004038805644594,-0.1072453701690437,-0.1149501063049673,-0.1196823323013548,-0.1229999999999998,-0.126401181046989,-0.1295826584205759,-0.1327953186790355,-0.134787792505131,-0.1376005667405347,-0.1399999999999999,-0.1431792155240614,-0.146870605779992,-0.1500614488294549,-0.155101201875324,-0.1601442576959509,-0.17,-0.1844156722537616,-0.1951096146458514,-0.2013324248879385,-0.2057910482841879,-0.2111221693857157,-0.216,-0.2200356036209362,-0.2262714226635735,-0.2366535793138979,-0.2460608504216048,-0.2493960942189348,-0.252,-0.2546393900529187,-0.2563793722352072,-0.2573443805405203,-0.256812819895573,-0.2569803706418812,-0.2549999999999999,-0.2523509271119989,-0.2503114969589025,-0.2464852545015862,-0.2396139684463177,-0.2273303582723808,-0.216,-0.2076728349873421,-0.1993061065997401,-0.190558078860173,-0.1791393981495841,-0.1663621943827046,-0.1519999999999998,-0.1382701317293245,-0.1286541184499748,-0.1233876482479336,-0.1211877361741027,-0.1184550788486993,-0.1169999999999999,-0.115502899637219,-0.113371381282452,-0.1123588712087453,-0.1099817340926086,-0.1089497658005402,-0.1080000000000002,-0.1062200793801398,-0.1049542517183416,-0.1023162770744902,-0.1002653664245293,-0.097203750611149,-0.0930000000000001,-0.0889421027751868,-0.0839658510497946,-0.0790915642899495,-0.0738952691399208,-0.0690717971487122,-0.0639999999999999,-0.0588879629792235,-0.0546268434011907,-0.051029328099197,-0.0496793214755791,-0.0487834344503457,-0.0479999999999999,-0.0472444369600167,-0.0461807338770787,-0.0457031659711505,-0.0444477272818117,-0.0440380814909263,-0.0439999999999999,-0.0431503660979836,-0.0423957459841643,-0.0414086030756385,-0.0407546744378393,-0.0397809493489817,-0.0389999999999999,-0.0381896329216901,-0.0377592402130907,-0.0382959859688233,-0.0375815540008248,-0.0369171676900695,-0.0360000000000002,-0.0343497113300144,-0.0318448709246694,-0.0263286313604901,-0.0188466375376978,-0.0102843801250594,-0.003,0.0027660633706698,0.0092942751961602,0.0160448069615312,0.0223833924896487,0.0266961257708796,0.0299999999999999,0.0333713692703258,0.0366088817114894,0.0398327001114065,0.0415444434396648,0.043496062818383,0.046,0.0477259469808262,0.0487842262634071,0.04936869357142,0.0504551279382504,0.0510872717995038,0.052,0.052974125010902,0.0528888761046909,0.0534658559148119,0.0543132898638961,0.0551915701219235,0.056,0.0567937778827097,0.0577460313952817,0.0583916658404281,0.0594560118871231,0.0600338788445983,0.0599999999999997,0.0599992873950695,0.0600346906498222,0.0596657280955171,0.0585535392236129,0.057892576633708,0.0569999999999998,0.0561115812728126,0.0554268610357149,0.0543945269980671,0.0537543510848929,0.052787062961336,0.0520000000000001,0.0511671292759573,0.0508417767307629,0.0509017737870812,0.0491894281550321,0.0477567291195837,0.0449999999999999,0.0385787819033946,0.0299264941238027,0.0201302180417181,0.0121079875909043,0.0057776299017971,2.5263741715914668e-17,-0.0057295466819425,-0.012342648148638,-0.019101799572244,-0.0279660289276839,-0.0392577060096385,-0.049,-0.0565824147839531,-0.0630850448974652,-0.0670938789814471,-0.0705453450527171,-0.074780726999657,-0.0779999999999998,-0.0808168733729442,-0.078779336821045,-0.0708294708452968,-0.0603467948888989,-0.044378283360063,-0.026,-0.0099423527658108,0.0042968307006648,0.0191959197285638,0.0353738651668599,0.049817093248644,0.065,0.079582965334285,0.0903418290968915,0.0986664500293122,0.103696782861985,0.1078425967979604,0.1109999999999999,0.1126345099657952,0.1144493498408568,0.1158149094822011,0.1178884401625853,0.1190903080589631,0.119,0.1175387702324516,0.1148357069720598,0.112439579101345,0.1049935566482174,0.0875821416964139,0.0569999999999997,0.009873360167088,-0.0600402692317502,-0.1585192970185223,-0.2851150335601426,-0.44157703320276,-0.6219999999999996,-0.8150384254584669,-1.0056556255750295,-1.1761588157987417,-1.308040042266616,-1.3703319504538196,-1.367,-1.3035938389295303,-1.1432658679830183,-0.9051901346853536,-0.6356001378073647,-0.3562460303265557,-0.1109999999999999,0.0716142386298268,0.1845500758381522,0.2309882650502926,0.2318790817255897,0.201418606733985,0.1669999999999998,0.149195352149208,0.1412906869255567,0.1443992955170669,0.1562087127753381,0.1712628290714168,0.187,0.1959620666520556,0.2004753838072572,0.2037499322962946,0.2058868722184574,0.2084844378725848,0.2099999999999999,0.2108805226683347,0.2110672448433959,0.2110488467216473,0.2106049086709112,0.2085822892712061,0.2069999999999998,0.2046101097874773,0.2018748870629452,0.1993736539235546,0.1951234811963538,0.189838119609087,0.1829999999999998,0.1769146108824538,0.1726804189238599,0.1686930453970831,0.166086137244264,0.1634128475292024,0.161,0.159374488891241,0.1575432867124265,0.1562222228558851,0.1539258050147248,0.1516557809167751,0.1499999999999998,0.147450647429221,0.1456980175677438,0.1432973300634719,0.139544710541269,0.136212768894383,0.1289999999999999,0.1180325919131876,0.1090732428531206,0.1014437714168909,0.0940378877559877,0.0848533287174183,0.0729999999999999,0.0635173138951895,0.0564599229533049,0.0508482019236644,0.0459850209600587,0.0411846246487928,0.038,0.0324866497557954,0.0249630938572596,0.0171898739785354,0.0088281692886948,0.0029699458873653,-0.003,-0.0097213979202733,-0.0162916970455472,-0.0224960534110261,-0.0264772052470054,-0.0309222177721996,-0.0339999999999999,-0.0355695056028101,-0.0375972951388543,-0.038347767438032,-0.0395561393903756,-0.0399423032721665,-0.0399999999999999,-0.0409348748634237,-0.040925385531885,-0.0414305987574303,-0.0423713261163723,-0.0430552329377839,-0.0419999999999999,-0.0402457512054925,-0.0384896505613506,-0.0340368900157769,-0.0290831421281296,-0.0239189943338652,-0.0190000000000001,-0.0134622246758422,-0.0061323744166025,-0.0019324529793552,0.0016272888135651,0.0058281997122179,0.0129999999999999,0.0279469148117091,0.0397524543958419,0.0441406021779277,0.0471435753544106,0.049446241439469,0.0519999999999995,0.0537751936376154,0.055169035337718,0.0572010942626488,0.0583594845833489,0.0591252011861881,0.0589999999999999,0.0581118639612172,0.0579149516995409,0.0581012089402739,0.0577638694102291,0.0567988237647624,0.0559999999999999,0.0551917999896557,0.0542907498919673,0.0535513103179915,0.0526164117523133,0.0518713112909183,0.0509999999999998,0.0494081666444591,0.0470585922163048,0.044674750141874,0.0438809662324405,0.0441068221098661,0.0459999999999998,0.0495049978964789,0.0508167773268468,0.0517832339058221,0.0536118101827293,0.0540597522094355,0.0549999999999998,0.0551710563123217,0.0546685537291517,0.0557306336662747,0.055897324490853,0.0561815160027708,0.057,0.056187728695768,0.0558617737779859,0.0558557521115342,0.054219994051014,0.0528137456619531,0.0519999999999999,0.0510764353487137,0.0510451124311386,0.0505621722657746,0.0498347034352138,0.0500431037876823,0.0499999999999998,0.0507516296197315,0.0517608972139918,0.0524558707955945,0.0531826406551528,0.0529764677097638,0.0539999999999999,0.0550290916785083,0.0547921049289433,0.0556178500030152,0.055999749154781,0.056099438882651,0.057,0.0578075322626843,0.0591659003787545,0.061459862186125,0.0640041688756214,0.066518683101657,0.0689999999999999,0.0700268484459265,0.0694517307874076,0.0680921617899275,0.0663018774030637,0.064615686310972,0.0619999999999999,0.0601189206941556,0.0595915380252669,0.0575479730967204,0.0551874813689978,0.0537137364685954,0.0519999999999999,0.0502910261755263,0.0487904256543876,0.0465188731642252,0.0441801066295415,0.0427197581558838,0.041,0.039316378463946,0.037636481072636,0.0363706881688196,0.0356036345818607,0.0334860239335579
0.031,0.0285151209180219,0.026048330799642,0.0228785337325641,0.0179182901340247,0.013049394339237,0.0080000000000001,0.0036632218590425,0.0004520503822866,-0.003413017516688,-0.0078686343721491,-0.0130747309467495,-0.0189999999999999,-0.0279392058300073,-0.0372811964865319,-0.0436662460856457,-0.0513339490819295,-0.0596145726125365,-0.069,-0.0821010299250909,-0.0969579819538986,-0.1116137336770271,-0.1231231895877914,-0.1315193830510281,-0.1380000000000001,-0.143079311258673,-0.1470492700672263,-0.1485833504043546,-0.146752659411877,-0.1404643850378254,-0.1319999999999999,-0.1201927000416441,-0.1016608943880299,-0.079504623824243,-0.0574234264002925,-0.0383716303820446,-0.019,0.0008481604584592,0.0125235937361361,0.0180334092506573,0.0228682779638884,0.0266865421839536,0.0300000000000001,0.0326610106151272,0.0337613625479222,0.034479320119496,0.0351719248453205,0.0349371715416131,0.0349999999999997,0.0343232797755884,0.0326293842585999,0.0308155661087008,0.0274804497400525,0.0230411692094153,0.018,0.0114516276836083,-0.009911414592789,-0.0579077409293463,-0.1296704705408066,-0.2309505099094324,-0.3639999999999999,-0.5247598978048212,-0.7078599624904878,-0.8990489491965931,-1.0891941854699192,-1.2605613409527865,-1.3909999999999991,-1.4614096633712708,-1.4479767999941426,-1.344124699552746,-1.1566605429988723,-0.9021345172598294,-0.6149999999999998,-0.3428473484191773,-0.1227673515319143,0.0286459323057346,0.0986687430235682,0.1126939121640902,0.109,0.095583143278131,0.0871345268559448,0.0835797515318135,0.0783689979676101,0.0796194763143656,0.0819999999999999,0.086555858564803,0.0932757240402814,0.0969754878633122,0.1002425595530058,0.102441386226204,0.1059999999999998,0.1088006856126655,0.1099769839457355,0.1127544323708375,0.1146012771090842,0.1163552157090104,0.1169999999999997,0.116893609033998,0.1172527685764573,0.116381109353911,0.1158492606483361,0.1146104163556401,0.1119999999999999,0.108702808453982,0.105329332474532,0.1016650183648688,0.0973923156194976,0.0944198456299867,0.0900000000000001,0.0848115009542593,0.0808848948724889,0.0758601305805879,0.0713522880933195,0.0670669116152337,0.062,0.0556082728817855,0.0467417823899382,0.0377178262190393,0.0301762375213593,0.0237084426197489,0.0169999999999999,0.0117623060123105,0.0079093345095575,0.0028835840321581,-0.0018191955300913,-0.0071923313649028,-0.013,-0.0179830986948601,-0.0230753624342972,-0.027878066582129,-0.0331263229934044,-0.0379440322331566,-0.0439999999999999,-0.0522146639767321,-0.0628981267759167,-0.0795190667104535,-0.0935548373784448,-0.1000236156441741,-0.1049999999999999,-0.1084517229891147,-0.1115670561340041,-0.114783567409021,-0.1167834865398086,-0.119675877110511,-0.1229999999999999,-0.1255860952017379,-0.1273774189089778,-0.1289868296783865,-0.1306495475606366,-0.1323678137184964,-0.1339999999999997,-0.1348104981144088,-0.1362355559970039,-0.1380211822330269,-0.1398352348689968,-0.1425569710197698,-0.145,-0.1475283638152759,-0.1490485419972256,-0.148564864357665,-0.1474181482814072,-0.1441052747587621,-0.1389999999999998,-0.1347486994736002,-0.1308220712936839,-0.1260313188972343,-0.1210114562117234,-0.1159719193340402,-0.1109999999999998,-0.1068297262381836,-0.1021965315760808,-0.0965468552151915,-0.0905034810541447,-0.0835368643834063,-0.0760000000000003,-0.0677957737085661,-0.0582181267081746,-0.0474487539991614,-0.036916621132543,-0.0269532663431837,-0.016,-0.006412788408221,-0.0011136144724518,0.0010818674428943,0.0028101903869613,0.0055242392736074,0.0059999999999999,0.0013938399069311,-0.006104124728976,-0.0125364282223658,-0.016304542596797,-0.0197297381082622,-0.0229999999999999,-0.0254657668538796,-0.0281801334854958,-0.029657252408289,-0.0303153545824125,-0.031049891682973,-0.0299999999999999,-0.0282738937607766,-0.0268163302515306,-0.0245234872384319,-0.0220199488288102,-0.0194731978388526,-0.0170000000000001,-0.0145955875525799,-0.0112866104665355,-0.0084356352061521,-0.0058283555000384,-0.0023309925932109,-1.6421432115344532e-16,0.0023367658219263,0.0058030391358929,0.0085061492410164,0.0110632167417397,0.0133914469639427,0.0149999999999999,0.016660359695388,0.0183321803205038,0.0200093972204527,0.0216545533311263,0.0233410711582451,0.025,0.0266671684101178,0.0282902314296241,0.0303633347714228,0.0329696539057589,0.0341076598301869,0.0349999999999998,0.036731714263069,0.0377009992756838,0.038516395315648,0.0392893028134748,0.0402071969279847,0.041,0.0417508559666054,0.042892580040615,0.0428545445846151,0.0433886026970725,0.0439976417948063,0.044,0.045671820249588,0.0467008555877642,0.0478994859289772,0.0494788152275146,0.0502114827349763,0.0520000000000001,0.0528891657829616,0.0541461552233808,0.055854947066254,0.0560854251469462,0.0572949101644325,0.0579999999999998,0.0587103042773233,0.0598959322230553,0.0601792195233616,0.0618106962428443,0.0631467133646612,0.0639999999999999,0.0656806486852624,0.0675823944247218,0.0722082193203904,0.0781554396462515,0.0798419161028117,0.0759999999999999,0.0694680215040123,0.0615544074775857,0.0522992540453653,0.0413849452698863,0.0299269323991595,0.0230000000000001,0.0189361256851629,0.0143177519343565,0.0116295774478641,0.0084338557841597,0.0043017001283639,0.0019999999999999,-0.0004245832116951,-0.0031218553939566,-0.0052873703122134,-0.0086855872072682,-0.0157231740222821,-0.0249999999999998,-0.0325566802714903,-0.0412361030788968,-0.0538372539313289,-0.0648897997279975,-0.072356205954153,-0.0779999999999998,-0.0779630450794823,-0.0708734160231642,-0.060543954857881,-0.0471700655236132,-0.0306073159791539,-0.0150000000000001,-0.0016847335312538,0.012268147936915,0.0264251006199291,0.0411168763036554,0.0571054486959372,0.07,0.0786712496101785,0.0838263052858698,0.0866356268191983,0.0911132885881356,0.0972393361995082,0.103,0.1080049940563906,0.1130947293129978,0.1172746229807496,0.120186955015216,0.1236816340586613,0.1259999999999999,0.1276480698048159,0.1292157823919703,0.13236364261041,0.1378437473347727,0.1324084539907722,0.1090000000000001,0.0720742855171781,0.0192281756654337,-0.056624198034446,-0.1592033553795461,-0.2878546214438042,-0.4429999999999998,-0.6171409388892781,-0.7972932110300616,-0.973413618591317,-1.127772023432863,-1.240205438959605,-1.2900000000000005,-1.2559716350529178,-1.1292039266174678,-0.9184309367300652,-0.6449315941506882,-0.3454592275328785,-0.0689999999999999,0.1478303043972978,0.2724330538527996,0.3094323338976526,0.3066240246236602,0.2713673931200569,0.2239999999999999,0.203835751875026,0.1959606677887204,0.1993263825232627,0.2156840924276744,0.2282667901294618,0.2399999999999999,0.2464851612762009,0.2493385915078307,0.2530404340864308,0.2545227452534657,0.2562619258285802,0.2559999999999999,0.256737223375316,0.256340005262894,0.2531352163099665,0.250881908582903,0.2444434049937965,0.238,0.2296829701719353,0.2149170734524786,0.2056935567799949,0.2032165695529577,0.200361949321513,0.198,0.1971877991338551,0.195737550708981,0.194258013473878,0.1938419629886631,0.1926960085110489,0.191,0.1885733047871475,0.1858864720959864,0.183648764677753,0.1807291299650637,0.177309879842428,0.1739999999999999,0.1701063455156071,0.1632336318752605,0.1556218781642044,0.1497254799789461,0.1438222200917979,0.1379999999999998,0.130001740529408,0.1193903337398339,0.1084202665467726,0.0980210760230198,0.0893551894871268,0.0809999999999998,0.0733232020907607,0.0668970400316291,0.0584662304109269,0.0450642288066222,0.0304095199645206,0.022,0.0178714860813325,0.0126776121891619,0.0055166246422128,-0.0017479012432288,-0.0084843018522182,-0.0179999999999998,-0.0282491001099925,-0.0358093425754303,-0.0403597393312999,-0.0431286153013087,-0.0467460054666881,-0.0499999999999999,-0.056046063062845,-0.0669578603785076,-0.0753848029873531,-0.0792863139379112,-0.0827892949967014,-0.087,-0.0904333464125737,-0.093080278369055,-0.0951320955867232,-0.0964825621581461,-0.0969675269731134,-0.0959999999999999,-0.0951616565417109,-0.0938287536293604,-0.0918898921749783,-0.0902583917637335,-0.087372515689747,-0.085,-0.0826949655117158,-0.0786949895473979,-0.0745397219302581,-0.0701721011960141,-0.0648077980103687,-0.0580000000000002,-0.0512497816308536,-0.0448452013690456,-0.037485239529571,-0.0301523928328443,-0.0238589085789812,-0.0189999999999999,-0.0147662346159835,-0.0116683608130284,-0.0104037626024339,-0.0097431362117485,-0.0087202448359837,-0.0069999999999999,-0.0060880523389589,-0.0054299378923064,-0.004423668275205,-0.0036898666251979,-0.0028923472235528,-0.003,-0.0030078603595271,-0.003513553466015,-0.0043798223771673,-0.0035460670442305,-0.0029610783666514,-0.0029999999999999,-0.0037940162291326,-0.0042488575259128,-0.0037050340912124,-0.0044211996668084,-0.0050410266601318,-0.005,-0.0049493350986439,-0.0056199582021162,-0.0061866113764435,-0.0060511411184329,-0.0072537310235853,-0.0070000000000002,-0.0059843378592728,-0.0061999113684124,-0.0053951308029535,-0.0049636888670483,-0.0049858438998222,-0.005,-0.0050299200439387,-0.0049565756974729,-0.0050074501789414,-0.0051734587714242,-0.0061778871872715,-0.006,-0.0058332125749521,-0.0067632813287162,-0.0073652779858547,-0.0084549336886945,-0.0090973874422112,-0.0100000000000001,-0.0108913165425313,-0.0115739889841535,-0.0129100506944973,-0.0177022367933208,-0.0282617690404594,-0.0379999999999999,-0.0485226212849358,-0.0602124707510526,-0.0697728370145373,-0.0823961677777915,-0.0957655829533642,-0.115,-0.1463554755085451,-0.1899279815748692,-0.2446579896632821,-0.3026345553799631,-0.3674779528427763,-0.4319999999999999,-0.4899461034853296,-0.5375600381833363,-0.5537180397837089,-0.5504703154794448,-0.5225750718547201,-0.4429999999999998,-0.3259564283336896,-0.1791483592792685,-0.0146354934712986,0.1493730150978791,0.3089439041210556,0.4499999999999999,0.5672420523159148,0.6623389083172317,0.7395303256683339,0.7991127428629515,0.8341382898621764,0.8489999999999998,0.8498519886267226,0.8428746254590097,0.8227212607656441,0.788643879575275,0.7509637592331124,0.7039999999999997,0.6530633132739583,0.6012656688375732,0.5515720633981571,0.5212115430489295,0.5010508174294582,0.4829999999999999,0.463490559795112,0.4297168893782772,0.386019707062222,0.3337642475052191,0.272304206267986,0.2079999999999998,0.1443938259620484,0.0832307798437586,0.0231046018149551,-0.0322374383939358,-0.079808860904141,-0.1149999999999999,-0.1340340447047746,-0.1499948605255288,-0.1660846196525407,-0.1744706523355499,-0.1787414545779393,-0.181,-0.1817115277630629,-0.1838828819155815,-0.1865601938446002,-0.1889635470986201,-0.1915584469575205,-0.1949999999999999,-0.199155093478435,-0.2040752328052457,-0.2126750494992104,-0.2229671550168291,-0.2317159246096415,-0.2410000000000002,-0.2502958672924095,-0.2582690479023392,-0.2643917866011279,-0.2684728608705358,-0.2715292123065741,-0.2740000000000001,-0.2780267858929147,-0.2825323842223249,-0.2862645900463286,-0.2910615775486733,-0.2976169587333406,-0.3099999999999999,-0.3275216171077192,-0.3438836802137601,-0.35954648379107,-0.3773799538775867,-0.395434080073956,-0.4109999999999998,-0.425943431032258,-0.4410989528009307,-0.4558621287287515,-0.4712745786571025,-0.4871226606096731,-0.501,-0.5117814923847478,-0.5239919452089696,-0.5349818156700015,-0.5413886119454522,-0.5484168949448822,-0.5529999999999999,-0.5547108146801798,-0.5550289549097557,-0.551601394292416,-0.547120200944123,-0.540368834263928,-0.5299999999999999,-0.5144802116501881,-0.498431182116595,-0.4836855957336051,-0.4614667279565115,-0.4416414996029659,-0.4220000000000001,-0.3905528901454891,-0.3606513330591513,-0.3331842686199259,-0.3027705567453482,-0.2730905257705375,-0.243,-0.2130269419582464,-0.1820409550784352,-0.1490201536222832,-0.1159260468067085,-0.0849868971794468,-0.0549999999999999,-0.0255798386073679,0.0018827048697381,0.0296042042755839,0.0545422951540219,0.0791320265281784,0.1030000000000001,0.1197361619449242,0.1384881132971761,0.1585407049341453,0.1738438764897019,0.1890689678204423,0.2030000000000001,0.2141310065624861,0.2222697376530738,0.2290981300270555,0.2352185564855387,0.239967598836375,0.245,0.2484264484187963,0.2516723187389951,0.2543239310206124,0.2555230968873972,0.2573095504603238,0.258,0.259562271888998,0.2610149813747812,0.2608866744760558,0.2609779335939399,0.2595782747977303,0.2569999999999999,0.253672417716505,0.2508359843850485,0.2486307278233464,0.2459270131634024,0.2435115894239252,0.2409999999999998,0.2393305274936481,0.2370768757022616,0.2350310461347997,0.2351350823060154,0.2349274505652403,0.2349999999999999,0.2350117341490875,0.235488738370619,0.2366223547581117,0.2374131197205052,0.2394366430578624,0.2409999999999997,0.2433611861319734,0.2458016687718958,0.2461113578613189,0.248038738421754,0.250358904090762,0.2519999999999998,0.2537488211120093,0.2547177733534311,0.2552220701089356,0.2546702507235321,0.2538191668801959,0.252,0.2486764767185619,0.2454001339553384,0.2414443556392656,0.2350658964626508,0.2261874227610709,0.219,0.2155065966491017,0.212980370716601,0.2107790686808423,0.2096794781067202,0.2087368901943058,0.2069999999999997,0.206067546665091,0.2055015661846808,0.2040686872974208,0.2021181887832239,0.1995088778694961,0.1979999999999997,0.1964634188125668,0.194384847517132,0.1936809730830519,0.1922779955456318,0.1908074294841373,0.1899999999999998,0.1883643073610215,0.1866525387247358,0.1849934834293975,0.1833482956895973,0.1816603671630316,0.18,0.1776089341948246,0.17476233059297,0.1731285202876866,0.1709916927143034,0.1686087271222697,0.167,0.1652673859221338,0.1643297765586025,0.1631563136837297,0.1612535480099577,0.1596966663561948,0.1579999999999999,0.156326019145627,0.1546404427560496,0.1533003129498068,0.1529588140430146,0.1530120072618851,0.1529999999999998,0.152952681689819,0.1535613065194088,0.1546044428681595,0.1552243062603511,0.1562915100818146,0.158,0.1596471531479505,0.1614635238530736,0.1620650764213515,0.1597922640407292,0.1563204853746264,0.1529999999999999,0.1495803764566184,0.1474402583942626,0.1462496610692598,0.1439494913204513,0.1416126228621087,0.1399999999999999,0.1383217316980824,0.1367454362537446,0.1345808110038187,0.1320905579265166,0.1308502861108094,0.1299999999999999,0.1283303284367296,0.1271621014131506,0.1267060848405261,0.1253257689443427,0.1237116125802967,0.1219999999999999,0.1194645694694342,0.1175882667787267,0.1160007531570434,0.1145252652071122,0.1138394644363623,0.1120000000000001,0.1094150274589271,0.1076436742179237,0.1059880170837868,0.1043629033296094,0.1026380545644665,0.1010000000000001,0.0994282313508349,0.0969553518813987,0.0949329495822299,0.0931631392480849,0.090498894273458,0.0889999999999999,0.0874616738093984,0.0853919326560229,0.084669583583564,0.0832913191973968,0.0817940712954938,0.0809999999999998,0.0800827499495864,0.0800270790547493,0.0796226225718073,0.078611268152877,0.0778585042671093,0.0769999999999999,0.0754104587194559,0.0735185822379601,0.0722353344372102,0.0699211419087296,0.06765330068868,0.0659999999999999,0.0635284926054797,0.0605791883363792,0.0563821531555966,0.0523754340382021,0.0450168354081102,0.0339999999999998,0.0270521992865102,0.0213518775681687,0.0162358410267093,0.0121133294716463,0.0056856246111603,1.2631870857957337e-17,-0.0079602539137303,-0.0178010396645139,-0.0253649937215657,-0.0331983468922396,-0.0403133384128537,-0.0469999999999999,-0.0537415170793003,-0.0601629674661425,-0.0674737137951853,-0.0750546883526453,-0.0823044696724685,-0.0869999999999999,-0.0910855309220297,-0.0946743917559577,-0.0946239977300991,-0.0933351203494565,-0.0886930514269321,-0.081,-0.0707846217434382,-0.0552126693849291,-0.0408390583206559,-0.0272985883283712,-0.0136962687750698,-0.007,-0.0036791642120755,-0.0007399757271873,0.0009466951545789,0.0027115986615648,0.0043257579807081,0.006,0.0068843000624653,0.0076646615982124,0.0081431481179732,0.0080779765954732,0.0093063644626548,0.011,0.0143408982505874,0.0148249881167983,0.0036024464078633,-0.0222104423665233,-0.0650145843678339,-0.1269999999999998,-0.2133929516616764,-0.3268451906113306,-0.4638413991732754,-0.6209179147516926,-0.7919456427988698,-0.9679999999999996,-1.138338899036217,-1.292267621748935,-1.3992496744648248,-1.4359626767084084,-1.414872518382001,-1.3139999999999998,-1.111103545643616,-0.8415870201598008,-0.5492825449445267,-0.2760940742733353,-0.0466708770683022,0.1069999999999998,0.164045156132828,0.1736246732759452,0.1517569466580494,0.0974115340091092,0.0618157094406941,0.0519999999999998,0.0469592365269889,0.0530058266455692,0.0698738987020281,0.0875944494812218,0.0984699794302372,0.1019999999999998,0.1035871256244678,0.1055936758713922,0.1060253070304274,0.1062625696282868,0.1070757805477985,0.107,0.1078415181661242,0.1080363956889879,0.1084252382538923,0.1089706570106388,0.1078036451159597,0.1080000000000002,0.1073697704401222,0.1055672677684713,0.1040768387807432,0.1023300357265868,0.1005792735347055,0.0980000000000001,0.0943534830721914,0.0843721797725812,0.0719279082874663,0.0643594160289523,0.0577058969044833,0.0529999999999999,0.0490180271126515,0.0438781989575358,0.0389513713616683,0.0318938545743856,0.0230944595688668,0.0119999999999998,0.000874171694861,-0.0073742055406114,-0.0132462896500889,-0.018001111073561,-0.0243378138875043,-0.03,-0.0342426381473526,-0.0372713944962054,-0.0392238682604184,-0.0422383689452476,-0.0443485516705361,-0.047,-0.0504552057793723,-0.0529492406787012,-0.0555884365177253,-0.0580117538177893,-0.061958874864777,-0.0669999999999999,-0.0719508953522596,-0.0771351596418171,-0.0816945659390114,-0.0880379843455612,-0.0998227758156384,-0.1149999999999999,-0.127011602864095,-0.136949850235856,-0.1465137812312293,-0.1537012561274653,-0.1601819923173888,-0.1639999999999998,-0.1671047819423238,-0.1716152441965691,-0.1747855775421455,-0.1787580945236116,-0.1826775057525307,-0.1859999999999999,-0.1894054444257962,-0.1924932608873286,-0.1962984503115253,-0.1987381862531801,-0.2003511120160346,-0.2019999999999999,-0.2035836416945813,-0.2059216762251608,-0.2089253138478743,-0.2118314800857784,-0.2086991864456136,-0.1990000000000003,-0.1860682570827992,-0.1699410415560646,-0.157239749256942,-0.1509422909306647,-0.1459305323093484,-0.1400000000000001,-0.1326947842808136,-0.1236857699765124,-0.1148247155205275,-0.1067597968481893,-0.0983323562009542,-0.0909999999999999,-0.0850718909151674,-0.0803915806100936,-0.0770581475650496,-0.0737120399459427,-0.0717284513181134,-0.0699999999999999,-0.0674168980366367,-0.0657008577850798,-0.0636198526002239,-0.0609272293113105,-0.0585870352185444,-0.0569999999999999,-0.0553933722367215,-0.0535459388989279,-0.0521876309658794,-0.0499987378315784,-0.0475353831498001,-0.045,-0.0423949255121322,-0.0406894182904171,-0.0389085261669713,-0.0374757721360626,-0.0354940623785232,-0.033,-0.031382208131363,-0.0290091994999264,-0.0268580095347197,-0.0253706860170611,-0.0237238325380908,-0.0229999999999999,-0.0222117772390653,-0.0213011082193255,-0.0202520269299966,-0.0181074328517482,-0.0168730356480469,-0.016,-0.0142593501335466,-0.0133755232908422,-0.0120448688437458,-0.0105443682482578,-0.0097922715453412,-0.008,-0.0070030578841748,-0.0070522625302889,-0.0069524269751297,-0.0070011933918562,-0.0070774960383356,-0.0080000000000002,-0.0081045279240824,-0.0078874999717367,-0.0078250060058292,-0.0064072188129947,-0.0059962020842278,-0.0049999999999999,-0.0031794023328396,-0.0025066591026386,-0.0008967214234912,0.000327248990773,0.0012839135234756,0.0029999999999999,0.003887733935363,0.0046005410919384,0.0055944830976113,0.0060897671425082,0.0060148549376485,0.0069999999999999,0.0087077904857844,0.0102309423520382,0.0121688967705766,0.0133579703933671,0.0141468205179666,0.0140000000000001,0.0123411248986375,0.0107194606538306,0.0088576809177434,0.0076629187322035,0.0067385516658514,0.0049999999999998,0.0033446441049157,0.0015742931636506,0.0004568058277906,-0.0004933096955141,-0.0024039635482742,-0.004,-0.0055624087359312,-0.0080395726202349,-0.0101057929101828,-0.0117452186446075,-0.0146794629036918,-0.018,-0.021265074680977,-0.0252115648567039,-0.0301475780968694,-0.0367819013922129,-0.0431812862083548,-0.049,-0.0549085203538972,-0.0604176656432388,-0.0674383354300511,-0.074904109483896,-0.0827230897904792,-0.0919999999999999,-0.09967429715835,-0.1063383656908528,-0.1124937098522873,-0.1161068843857912,-0.1169256268840273,-0.1150000000000001,-0.1117753621045358,-0.1072164979809604,-0.1013936794818129,-0.0933173854772305,-0.0830936064690084
-0.0749999999999999,-0.058355470477368,-0.0288357898687384,-0.0055359797808481,0.0099741758772673,0.0232636341467987,0.0319999999999999,0.0411910151994792,0.0489757309165543,0.0586924499473039,0.0741346794963685,0.0829785292162885,0.086,0.0887262963396429,0.0895298410330155,0.0911279557591233,0.0921582276388198,0.0919860534750193,0.0919999999999998,0.0912920689958482,0.0888127809973864,0.0838738209460755,0.079037352324688,0.0690172551852342,0.044,-0.0003210911975771,-0.0698907874629887,-0.1696306331183059,-0.3016817825077113,-0.4634436020014384,-0.6490000000000001,-0.8474697718793829,-1.0403509217532243,-1.213374644635058,-1.3370576312234874,-1.3878850392509394,-1.379,-1.295677143599331,-1.113214193570489,-0.8561062625962401,-0.565344076630497,-0.2829603682215724,-0.0409999999999999,0.1299856263367202,0.2110059087918318,0.234940456272942,0.2274447674606681,0.2006787477308682,0.1839999999999998,0.1771000509899516,0.1752250244935201,0.1849049707468458,0.1958483676492884,0.203411766592349,0.21,0.2158702698077415,0.2208136877539801,0.2228551661615726,0.2228513552427085,0.2216905609973513,0.2199999999999999,0.2183185729391478,0.2171181707928693,0.2170557978088131,0.2167732075181467,0.2157946350960628,0.2149999999999998,0.2142413902590348,0.2127063478093288,0.2110262011700478,0.2091362118531283,0.2064515785903959,0.2039999999999995,0.2015283667762659,0.1989568319004534,0.1965602575285014,0.1938316151644876,0.1901858751093429,0.1860000000000001,0.1819472262081366,0.1764639543496998,0.1705033225526269,0.164225893328363,0.1549425500512141,0.1449999999999998,0.1372883309251036,0.1313214511207043,0.124852824523775,0.11381027389015,0.0976614685504642,0.0839999999999999,0.0763158018848343,0.0695410305261506,0.0638523469545356,0.0588344856753321,0.0528624290490613,0.048,0.0423172065867156,0.0356706498346925,0.0288984070223491,0.0227826783809916,0.0180052472716235,0.012,0.0060776257210384,0.0004748578570031,-0.0058551497035755,-0.0131142936686807,-0.0216922616979744,-0.0289999999999998,-0.0356251643323397,-0.042399551360329,-0.0489300604811164,-0.0558060077332948,-0.0637414549397993,-0.0729999999999997,-0.0806728693156513,-0.0873455544675036,-0.0934585793622943,-0.097267100261088,-0.0992625207174142,-0.0999999999999999,-0.100889203495424,-0.100958079106296,-0.1017479495252619,-0.1036231778974587,-0.1040346063071785,-0.104,-0.1009759778887825,-0.0960124656482566,-0.0904093296241281,-0.0828590536013116,-0.0739736746612907,-0.0620000000000002,-0.0530550234407925,-0.0482631369037227,-0.04232088652977,-0.0369001662780627,-0.0306193936165779,-0.024,-0.0181461525594467,-0.0128305515412811,-0.0081537988062199,-0.0030058664921983,0.0006127436608684,0.004,0.0067134070658023,0.008115248754572,0.0105817913312701,0.0128787431787189,0.0155905472336939,0.018,0.0196797219942787,0.0205362434489219,0.0180607699510409,0.0124783896039399,0.0057330252154936,0.0009999999999999,-0.0030356126784926,-0.0080179740124573,-0.0132112556190517,-0.019722323727447,-0.0262544439320944,-0.0319999999999998,-0.0355195852521221,-0.0383816922442576,-0.042351106217703,-0.0448668128926947,-0.0476134225761172,-0.05,-0.0516086557410705,-0.0534645659774434,-0.0548274194053775,-0.0568310070097539,-0.0582296427898279,-0.0599999999999999,-0.0617962270121868,-0.0630650596383633,-0.065419628073574,-0.0659311027405338,-0.0661758489275717,-0.0670000000000001,-0.0669324385552942,-0.0676653612834219,-0.0683913016311343,-0.0696401410173439,-0.0712537804330435,-0.072,-0.0728038456873856,-0.0737206868449903,-0.0743937385199972,-0.0756126383849454,-0.0772735212688353,-0.0779999999999999,-0.0788293079668138,-0.0791641134932634,-0.07888680872248,-0.0789252917166161,-0.077709985594065,-0.0769999999999998,-0.0763124615353227,-0.0746061511363512,-0.0730867360458546,-0.071265847151201,-0.0696879854103987,-0.0679999999999999,-0.0671300603749293,-0.0658424615764673,-0.0641578127577212,-0.0637938835984716,-0.0613576876259359,-0.0589999999999999,-0.0574700460947617,-0.0549205928677934,-0.0526330396813481,-0.0498729646767493,-0.0475703124479339,-0.0449999999999999,-0.0431487530420013,-0.0424267018461331,-0.0416140605318802,-0.0425778603932347,-0.0444628388447362,-0.0479999999999999,-0.051474326204845,-0.0544374187596822,-0.0582301882219805,-0.0612882874138244,-0.0660283664909025,-0.0700000000000001,-0.0746825879169962,-0.0806939355643715,-0.0832251491938382,-0.0865613839864719,-0.0893908522223719,-0.0920000000000002,-0.095553353084441,-0.0976132610284414,-0.1017333484376761,-0.1049801731542604,-0.107686206001885,-0.111,-0.1133237250176002,-0.1174204876335397,-0.1208900119465103,-0.1248733532038308,-0.129921844544376,-0.1339999999999999,-0.1389176813805961,-0.1442074035195784,-0.1477416451834937,-0.1475415858654102,-0.1454736919032002,-0.141,-0.1351517268347515,-0.1273952900625146,-0.111929303656406,-0.0961476479210472,-0.0804221989842766,-0.061,-0.0476696227392973,-0.0409636551360129,-0.0364626636526568,-0.0322358896887552,-0.0283892162069477,-0.026,-0.022649186397838,-0.0203889092758526,-0.0192249775881284,-0.017175389891708,-0.0157504526892097,-0.014,-0.011613121124861,-0.0067332175528953,0.0043161520456885,0.0163944386420676,0.0243692267473523,0.0299999999999999,0.0300008088022996,0.0214857503718598,-3.318248690013408e-05,-0.0428403577699507,-0.1078730001836706,-0.199,-0.3194842350748781,-0.4682595235841149,-0.6404022699213187,-0.8217776856232443,-0.9996555938979574,-1.1599999999999997,-1.29137491495067,-1.3768375337845744,-1.3904672060204362,-1.3183744965388948,-1.1570820889061657,-0.923,-0.6426058157206734,-0.3558325051244249,-0.1094339797840738,0.0794614188105557,0.1858251996126675,0.2169999999999999,0.2203467832963822,0.1948287316699329,0.154982496891811,0.1338867416868571,0.1246635256997965,0.1219999999999999,0.1191868806493824,0.1140048696041181,0.1173393432680831,0.1297958306619512,0.1462394589761954,0.1590000000000001,0.1660154718073244,0.1699392032402732,0.172537213910215,0.1745636519674505,0.1736091266810149,0.1720000000000001,0.1712135995517036,0.1701817796684214,0.1699903492000002,0.1699648846334232,0.1700346822786879,0.1699999999999999,0.1699074604842278,0.1706810498173341,0.1711837528009825,0.1707356750471048,0.1697933267255146,0.1690000000000001,0.1689962847026922,0.168521965198702,0.1672652197255801,0.1670507527823427,0.1668806344694208,0.1660000000000002,0.1652206845496353,0.1637379322775653,0.1619619337356991,0.1603470891222598,0.1586643068122882,0.1569999999999999,0.1553848571244939,0.1523565881822307,0.1452481635043723,0.1367481551898869,0.1296230698804247,0.1230000000000001,0.1185709096320883,0.1160250640503949,0.1134356829132989,0.1110845527564744,0.1083906022628107,0.1050000000000001,0.1016445488902354,0.0983798242946468,0.0949044156233324,0.0919263519346506,0.0894665171404616,0.086,0.0819038487997911,0.0759161788693141,0.0646123376028432,0.0527537369165693,0.0459871963540659,0.0420000000000002,0.0394124605106154,0.0371167361445905,0.0343897048169056,0.0320688498046966,0.0295133752924457,0.0280000000000002,0.0271994503533016,0.026272935539984,0.0255444757485894,0.0247668228753283,0.0251622513185798,0.0260000000000001,0.0275416158848241,0.0299644735440313,0.0328581771020193,0.0362567004067093,0.0384320033357103,0.0419999999999999,0.0455491231479699,0.0485463820225174,0.0559255146316337,0.0641582072292514,0.0729318432129707,0.082,0.08720081953704,0.0913545409343914,0.0951143805313713,0.0983256369565983,0.1015884118468085,0.1039999999999999,0.1064783471781793,0.1090164615137505,0.1114969400716427,0.1139941116165105,0.1165048680611207,0.119,0.1215283190062541,0.1234720673391732,0.1248660583989738,0.126766399629807,0.1283189763262139,0.1310000000000001,0.1344483515772766,0.1369797789655955,0.139339196658474,0.1400916748813853,0.1399059293205238,0.1380000000000001,0.1345930905225612,0.1315733335946128,0.1273432887674009,0.1236174749106667,0.1187862374559309,0.1120000000000001,0.1054440045930697,0.0978606638967093,0.0911585698829646,0.0835505680271274,0.0726288660431601,0.0599999999999999,0.0486083397341165,0.0431189673759649,0.040159535126079,0.0367245085885287,0.0346666903985612,0.0329999999999999,0.0320448808002114,0.0320210508260246,0.0317205628324498,0.0303143172840189,0.0287675203576545,0.0279999999999999,0.026466077582318,0.0239479679335898,0.021864921463253,0.0204233141728249,0.0186156019319168,0.0169999999999999,0.01540325462085,0.0134908797819453,0.0125226948261596,0.0115877488331362,0.0109127328479343,0.0099999999999998,0.0082387705536978,0.0074424991640906,0.0056907909738117,0.0030718094163228,0.0017876023399365,1.2000277315059466e-16,-0.0025613556025189,-0.0043975582673679,-0.0059577560167437,-0.0077019929458216,-0.0092747131643744,-0.01,-0.0099410811005361,-0.0106570031972465,-0.0111502048666436,-0.0109586877331318,-0.01093377270056,-0.0099999999999999,-0.0098969175592892,-0.0100994251631441,-0.0102063053836954,-0.011543686455218,-0.0120560438123865,-0.0129999999999997,-0.0139382548254117,-0.0144655649813825,-0.0159738318474118,-0.0178534275825872,-0.0204915933119842,-0.0219999999999998,-0.0243274735554566,-0.0272335092831376,-0.0295336245753808,-0.0337031570503912,-0.0365104759565283,-0.042,-0.0513006183120895,-0.0590542009286562,-0.0663027341843238,-0.0722065379214553,-0.078327181524874,-0.085,-0.0923504640587793,-0.1005815743717935,-0.110607206406114,-0.1272104625402906,-0.1424466112509537,-0.1509999999999998,-0.1562401805929642,-0.159698901543415,-0.1624754777264878,-0.1631398948689316,-0.1642262638075185,-0.1629999999999997,-0.1595331391802326,-0.1562900335694333,-0.1498980094344256,-0.1430601398397214,-0.1294365878456127,-0.11,-0.0946710438158292,-0.0821783717513989,-0.0722601945565026,-0.06142987564327,-0.0511614789935855,-0.0409999999999999,-0.0281651023960224,-0.0199903337707834,-0.0153258950701451,-0.0116981336991228,-0.0082330881684602,-0.0049999999999999,-0.0034021612608651,-0.0009503611631005,0.0010990648357147,0.0024694213689892,0.0031935318319726,0.0059999999999999,0.0087492409175305,0.0117002247819933,0.0207195670610677,0.0211760684705407,0.0074213219804586,-0.02,-0.0724079252788052,-0.1495473851469785,-0.2508386879904597,-0.3780012592726308,-0.5319039218096187,-0.7089999999999997,-0.8972930110758599,-1.0817644274236844,-1.246226344057497,-1.3644729791859258,-1.4122685248784816,-1.4019999999999997,-1.3204127184436247,-1.139286752654395,-0.8840664212762809,-0.5913693226380691,-0.3142263154176418,-0.0889999999999999,0.0587798651238495,0.1119572861273633,0.1241275770860927,0.1076255316074911,0.0708442835447743,0.0569999999999997,0.0519534079851241,0.0612608676021266,0.0770581117989447,0.0797064604207932,0.0865377997666189,0.0889999999999998,0.0916829685567437,0.0967532445388301,0.0972865430836808,0.1001170071546859,0.0997622965276832,0.101,0.1021608940281728,0.1021984526275582,0.1036501269748157,0.1026876562934741,0.1044302877384748,0.1039999999999999,0.1036528107717217,0.104579415933114,0.1033241959716227,0.104721351812023,0.1049156708725594,0.105,0.1007598282630234,0.0917514325083689,0.085583700022314,0.0797501633779334,0.0765667151126321,0.0729999999999998,0.0685276688658371,0.0662578759201944,0.0627729689632704,0.0601123750546994,0.0573329479572627,0.0539999999999999,0.0507569125020954,0.0464242283889048,0.0388460668704225,0.0272194119628156,0.0172403448291915,0.0090000000000001,0.0028294579206522,-0.0011075654737482,-0.006129512057649,-0.0107034834051657,-0.0148097799091601,-0.0189999999999998,-0.0273652742687927,-0.0429782978322249,-0.0598151021701782,-0.072496157377426,-0.0817534535224753,-0.0909999999999999,-0.1030198899390764,-0.119008920865421,-0.1317297069743653,-0.1383302238165784,-0.1440392341293519,-0.1470000000000001,-0.1472497647946696,-0.1442465117165115,-0.1386167799877228,-0.1345902066672157,-0.1314192030880537,-0.1289999999999998,-0.1257402700336042,-0.1227100363294128,-0.1210034007327958,-0.1196333855025778,-0.1202020976337152,-0.1209999999999998,-0.122580555306317,-0.1243801280360286,-0.1263405876804489,-0.1288633720227591,-0.1303979915963078,-0.1339999999999999,-0.1367124117420935,-0.1387356285535045,-0.1412783703769977,-0.1402934636604563,-0.138646727711752,-0.135,-0.1299392751191237,-0.123632815030714,-0.1095588868605159,-0.092482909420053,-0.0798463163598619,-0.0700000000000001,-0.0593002129183708,-0.0469365411530937,-0.0309176153427551,-0.0156705537838978,-0.007878718021148,-0.003,-0.000266437330603,0.0016354601274032,0.0049382597489997,0.0064596568384717,0.00849180314369,0.0099999999999999,0.0106816387676147,0.0124871786619456,0.0134535670848968,0.0145635330714387,0.0163792565765918,0.018,0.018810235850912,0.0202762538511357,0.0216647141745973,0.0224407761126078,0.0243483649115184,0.0249999999999999,0.0265092991724914,0.0281349611625552,0.0276755610413327,0.0284511086158782,0.0290756425068029,0.0299999999999999,0.0309086006734231,0.0319665221068607,0.0347266341037475,0.0366356702031094,0.0383350442364026,0.039,0.0382516350736297,0.0362589748382167,0.0332347443878834,0.0312368838444538,0.0283147597884128,0.0249999999999999,0.0209767782225606,0.0163797758948588,0.0133096536968989,0.0116591018595358,0.0136577177089661,0.0169999999999998,0.0202688289807077,0.0233926369037639,0.0244732921040171,0.025399325006076,0.0261703718974359,0.0279999999999999,0.0298264491744394,0.0309883442721111,0.0337661336855768,0.0355258151053311,0.0375329254577697,0.04,0.0415775226236886,0.0440642419966243,0.0460458775825292,0.0478108307487227,0.0506432008135546,0.0539999999999999,0.0565613862698671,0.0593138054782166,0.063965034433537,0.0689898905628227,0.0739735565278539,0.0780000000000001,0.0805935503312942,0.0823435768760835,0.0843130823913895,0.0870969853810326,0.0895202718928705,0.0929999999999999,0.0950946092703842,0.0933128591650614,0.0896224707566345,0.0855067230288983,0.0838719256302912,0.083,0.0812949667219622,0.079783674435224,0.0777966638985695,0.0767034237759614,0.0757247120876295,0.074,0.0723156988485411,0.0707434092981141,0.0685698787749343,0.0661546996809377,0.0646775046366135,0.0620000000000001,0.0594113769144891,0.0563563120814628,0.0495217379560016,0.0423487265626873,0.0370880380154894,0.033,0.0267629110441096,0.0166953943137565,0.0041166025469734,-0.011513373256496,-0.0267893935086162,-0.0379999999999999,-0.0449276772299611,-0.0500952204885894,-0.0541114251277576,-0.0551338458070109,-0.0548306568033801,-0.0519999999999998,-0.0469853420970582,-0.041783391844802,-0.0332136570815961,-0.0181907110489838,0.0007100470338041,0.017,0.0327273756595591,0.0476296943735683,0.0574087841575556,0.0671234025882896,0.076664611928401,0.083,0.0872515393159499,0.0912202199844625,0.0955825192041177,0.0997770536227611,0.1050394901207432,0.1089999999999998,0.1143909205338504,0.1225410833871471,0.1274589925963352,0.1294402197193628,0.1272230189602653,0.123,0.1138090160178609,0.0858816778070813,0.0388466359606766,-0.0245455258449828,-0.1087176306406142,-0.2170000000000001,-0.3482180480260584,-0.5001940509517712,-0.6678863324888274,-0.8393799364058004,-1.0052304413776616,-1.154,-1.2757967789211877,-1.3563739214062367,-1.3699253939789413,-1.3037436932423665,-1.1562676917743635,-0.9399999999999996,-0.682765868651612,-0.4155755280099246,-0.1732521007789383,0.020506245888645,0.147463484280289,0.2060000000000001,0.2183950221943426,0.2038221029060224,0.1872773460575688,0.1814906476206539,0.1784633546336617,0.1770000000000001,0.175415461810747,0.1740299791452218,0.1738330508182151,0.1722330034761179,0.1707880670585478,0.1700000000000001,0.169245982077946,0.1676367241525846,0.166445876255323,0.1654341140146692,0.1637881230253259,0.1640000000000001,0.163321125643273,0.1621584790794324,0.161373559458007,0.1590549867444474,0.1578185806695205,0.1559999999999999,0.1541727376657827,0.1529911631423912,0.1503300747204221,0.1480737057646087,0.1440384011704513,0.1400000000000001,0.1334629695696324,0.1186335604363242,0.1075596356135076,0.1037327186435493,0.1004262151885783,0.099,0.0974388174146998,0.0955631470532676,0.0937953948710972,0.0907853472911097,0.0886235253135499,0.0860000000000002,0.0826131048879454,0.0795169292116552,0.0750520979394975,0.0675419914744394,0.0566644952837704,0.0449999999999999,0.0333861392022526,0.0215032738260005,0.0109030486499394,0.0035399979430289,-0.0008216676312723,-0.0059999999999999,-0.0119079648097337,-0.0174862476445685,-0.023986783544481,-0.0308582572762088,-0.040119114935665,-0.051,-0.0595452655547361,-0.0664932295640848,-0.0722516647403689,-0.0768018902076861,-0.0822150434853941,-0.0889999999999999,-0.0958074875873028,-0.1007471041076685,-0.1034591481790698,-0.1062557585255584,-0.1096272222668624,-0.1119999999999999,-0.1136832076308246,-0.1152861326395076,-0.1171321864858949,-0.1182303266426033,-0.1179163358957119,-0.1179999999999999,-0.1180837512861259,-0.1174257582062221,-0.1161077388485375,-0.1142876391331217,-0.1126349576319559,-0.1099999999999998,-0.1066652224939115,-0.1032988768447648,-0.1003590828935089,-0.0979612985827589,-0.0941273861432133,-0.09,-0.0859433884217535,-0.0809875173570544,-0.0760336231472672,-0.0710738895019566,-0.0673788389715119,-0.064,-0.0597639566767736,-0.0563484022695457,-0.0526317278232419,-0.0482689400137899,-0.0442220867846653,-0.0410000000000001,-0.0393173358986235,-0.03714759734839,-0.0346199575142005,-0.0338123180874951,-0.0326567452375097,-0.0309999999999999,-0.0301780577473585,-0.0292151114679725,-0.0290144446396124,-0.0287477988593035,-0.0278917253308409,-0.0279999999999997,-0.0280136041786047,-0.0280626655516925,-0.0275519255878368,-0.0268646161298742,-0.0269652783740427,-0.026,-0.0258670342539336,-0.0261895068933349,-0.025804792240383,-0.0261579459628972,-0.0259118331030437,-0.026,-0.0260915793539493,-0.02582423633582,-0.0262562374510233,-0.02558466937882,-0.024977778092609,-0.025,-0.0242153036207966,-0.0232591790148946,-0.0226297519109049,-0.0213586855390481,-0.0197560111571892,-0.0190000000000001,-0.0173744506032309,-0.0161505437006503,-0.0153783466396122,-0.0130243790866289,-0.0119019479378091,-0.011,-0.0100048325995947,-0.0101553875168013,-0.0094682195101428,-0.0087760578007844,-0.0076847435010589,-0.006,-0.0051436197204988,-0.0039357108315836,-0.0013292207746297,0.0004520442960622,0.0012880176246032,0.0040000000000001,0.0058105956273876,0.0075792895682418,0.0110294951273713,0.012201942312817,0.0133636054218037,0.0150000000000001,0.0158025710474146,0.0167659782243065,0.0173491472429905,0.0184955534889938,0.0190461240203478,0.0199999999999996,0.0217851398000653,0.0225662876764004,0.0239719747449954,0.0256272952649768,0.0273812570598416,0.0289999999999999,0.0298798355693923,0.0301325974720555,0.029868433947654,0.0300120606056589,0.0285297625357656,0.0259999999999998,0.0235532705900352,0.0209037540594148,0.0183951436514788,0.0141334508750519,0.0103991169169393,0.0069999999999998,0.0019878708022499,-0.0028455931721892,-0.0085954752362802,-0.0138763948677707,-0.0177730139192423,-0.022,-0.026864815964952,-0.0335021958119019,-0.0433930479764461,-0.0563942688550789,-0.0695933423371425,-0.0829999999999998,-0.0965458523279543,-0.1075310568302995,-0.1151083110049189,-0.1195828913405218,-0.1239397753495151,-0.1279999999999996,-0.1298779702815587,-0.129265565565588,-0.1252152830971997,-0.1197966416759745,-0.1136705291802777,-0.106,-0.0954804390991196,-0.0828291442988536,-0.0710651107117216,-0.0590892897405715,-0.046450641844114,-0.0339999999999999,-0.0244649670742268,-0.0172412181207807,-0.0090845759454255,-0.002739588196602,0.0033467145674234,0.01,0.0157643098878301,0.0223173408874759,0.0289750691124454,0.0355920703687675,0.0409613521454143,0.046,0.0517561609867196,0.0588287019102944,0.0655063850659353,0.0648101857959047,0.0598138448410948,0.0479999999999999,0.0183636861092795,-0.0318297368600743,-0.1037503700886187,-0.1969853371273832,-0.3162210459719651,-0.4639999999999999,-0.6347393729416065,-0.8198457498067163,-1.0066629406803127,-1.1837662061317398,-1.335649017107667,-1.4479999999999995,-1.4973908846395874,-1.4575146809098,-1.3230325330376034,-1.1014725960174874,-0.8269950778430563,-0.5390000000000001,-0.2749684116416458,-0.0732670597974675,0.0585167546027673,0.1146585914125422,0.122694523498521,0.129,0.1282149857617946,0.1240011802253736,0.1234761101092886,0.1192956352699966,0.1195319952075457,0.1229999999999999,0.1278919171886884,0.1322050818883253,0.1342156779035181,0.1370674516767948,0.1381471910245828
0.1399999999999998,0.1410776151251816,0.1412208374969742,0.1433532628939733,0.1440477676624421,0.1439652619330014,0.1429999999999998,0.1413491283369412,0.1391492676304262,0.1364076531358833,0.1338801246996504,0.1303030349592357,0.1279999999999998,0.1249945222257325,0.1193577463522401,0.1135112877446278,0.1077746341752592,0.1031693606137403,0.0990000000000002,0.0947859528491593,0.0911613736438137,0.0885569884485967,0.0855916749409591,0.0810864463524198,0.0769999999999999,0.0721478245363168,0.0663118813866614,0.060497768519227,0.0547377178391463,0.0486524386191888,0.0409999999999997,0.0341554363567529,0.0287986860409432,0.0248288322239656,0.0217042284155317,0.01841125620596,0.0160000000000002,0.0127329132019107,0.0093351431280418,0.0055943658432227,0.0015294101180853,-0.0017625797117996,-0.0070000000000001,-0.012030801315317,-0.0182589358543713,-0.0286539405621542,-0.0410279733269872,-0.0517238066423929,-0.0569999999999998,-0.0611332412973289,-0.0644081513054847,-0.0660976250193521,-0.069340454298182,-0.0712537723021525,-0.073,-0.0747705774269678,-0.0761783957831898,-0.0779271750254487,-0.0778129722541797,-0.0781852604398916,-0.0789999999999999,-0.0797725533957971,-0.0807678959301248,-0.081407297046285,-0.0823550637517495,-0.0832871452569218,-0.0859999999999999,-0.0879106148832055,-0.0881416740653764,-0.0865193020072096,-0.0800824824659357,-0.0739078596029111,-0.067,-0.0570149132876128,-0.0470826440978238,-0.036829470126112,-0.0272120477509178,-0.0168167163276035,-0.007,-0.0002274172661897,0.0058382600550448,0.0107137165879673,0.0144100964136836,0.0176195023867976,0.0209999999999999,0.0244425902866347,0.0269325452156825,0.0301180583258388,0.0352821040810736,0.041052385907516,0.0450000000000001,0.0483091893024516,0.0512732349015102,0.0529109919580767,0.054769154003537,0.0562711168910558,0.0580000000000001,0.0590605885427161,0.0583177933914401,0.057574263086429,0.056589726916808,0.0558443525704907,0.0540000000000001,0.0513625935293318,0.0498058376249634,0.0474354107835681,0.0453850322943335,0.0450443380149673,0.0460000000000001,0.0476634203331443,0.0493539127276609,0.0507042848384226,0.0511517454626238,0.0523331043751093,0.0539999999999999,0.0556074884193893,0.0574946853071479,0.058493405494668,0.0594033039810326,0.0600565077932464,0.0600000000000001,0.0599805074555576,0.0600730052192019,0.0595926732872293,0.0587632127905753,0.0591226367085021,0.059,0.0580969079844569,0.057918659330572,0.0583484701183572,0.0594536477914511,0.0600921686085033,0.0609999999999998,0.0619651996772243,0.0619063821972968,0.0624457315565078,0.0633216330877947,0.0642282342720446,0.0659999999999998,0.0685322515949463,0.0704310893528331,0.0719712270237699,0.0734948843657507,0.0741613047713282,0.0759999999999998,0.0777909576433088,0.0791092260868529,0.0813062737405477,0.0822197586723186,0.0832863168636445,0.0840000000000001,0.0831559575743075,0.0824545851451679,0.0810101030732242,0.0794226157794221,0.0774795082066864,0.0740000000000003,0.0706840531799781,0.0656436421255481,0.0553986110711281,0.0483306862247823,0.0493984400143845,0.0489999999999999,0.0478782346012737,0.0483731447472274,0.0471866046789746,0.0471803698042072,0.0467813100932075,0.046,0.0460862276485887,0.045352963511983,0.0442712049597575,0.0419591360828961,0.039501751196384,0.0359999999999999,0.0318492025867889,0.0256122700359417,0.012343955770928,-0.0005023695612719,-0.0099410230249357,-0.0209999999999999,-0.0319142389986134,-0.0425740327987178,-0.0535527324366607,-0.0644460687543264,-0.0764274490075325,-0.0869999999999999,-0.0945056663633931,-0.1029752585931863,-0.1135184090622847,-0.1267618320436413,-0.1417885553254822,-0.1519999999999997,-0.1587875035206443,-0.1634111154480076,-0.163872621684791,-0.1619009245378262,-0.1567197177137311,-0.1489999999999997,-0.1377226167635804,-0.1230120357323572,-0.1031808491546389,-0.0778682268248373,-0.0575670644140957,-0.043,-0.0339042950748117,-0.0305284654641668,-0.0262460171034075,-0.0229697225523578,-0.0204317587274355,-0.0180000000000001,-0.0163541298910095,-0.0150280294713776,-0.0151511521410637,-0.0148323784195802,-0.0151004288631777,-0.0149999999999998,-0.0156146298458554,-0.0174765657565851,-0.0190980798919829,-0.0224171154484208,-0.0257455512707249,-0.0309999999999999,-0.0363827372993525,-0.0524359716495576,-0.0933405894898428,-0.1532174815867797,-0.2369020479651334,-0.3449999999999999,-0.4779546424260398,-0.6368494523601121,-0.8115213795928327,-0.9983358291954382,-1.1785596199426325,-1.334,-1.4314563893695158,-1.451557909286464,-1.4143243803810752,-1.2857173288711663,-1.0567673948165457,-0.7799999999999997,-0.493001257765335,-0.2362443804332151,-0.0400094978924867,0.0700354501220704,0.1082662271458755,0.112,0.0885053838473327,0.067284727682343,0.0584434154843844,0.0594052341985102,0.0724290128193877,0.0770000000000002,0.0807183451789399,0.0849820975690229,0.0855978476443642,0.0895026952176123,0.0899403000880856,0.0919999999999999,0.0924863311639314,0.0911696253116101,0.0932909125808636,0.0922993305468378,0.0921560415702721,0.0919999999999999,0.0910743447095517,0.0900337866541787,0.087591666439588,0.0866993541688783,0.0843993224777584,0.0819999999999998,0.0796549043263274,0.0763051674627776,0.0727166546024144,0.0683360704019887,0.0654926454020668,0.0619999999999999,0.0584925329029085,0.0561232605357091,0.0531035805064177,0.0494141968294159,0.0451807410196002,0.0409999999999999,0.0352095433840164,0.0294985795011857,0.0222297170805064,0.0141079820423138,0.0090067829334511,0.0030000000000001,-0.000640339778769,-0.0032371381108317,-0.0074296784282311,-0.0100034511077956,-0.0138323899286125,-0.0170000000000001,-0.0209068870054882,-0.0265754748349423,-0.0335187805688026,-0.0424533588970287,-0.0494270096111251,-0.0599999999999999,-0.0720557278603342,-0.0819415770196842,-0.0957248541516979,-0.1086294010134125,-0.1175156535014454,-0.123,-0.1270572367757584,-0.1316237000133314,-0.134787430865085,-0.1387484070172144,-0.1427188537765263,-0.1469999999999999,-0.1528502005346683,-0.1585317883743382,-0.1650089690717537,-0.1714929807132169,-0.1769991586061416,-0.181,-0.1843483642055099,-0.1868030616926115,-0.1866606351608205,-0.1853376922187947,-0.1822530848188294,-0.179,-0.1765965629214467,-0.1733012741224169,-0.1701156281808188,-0.1664937929228614,-0.1635329028163734,-0.1610000000000001,-0.1568679855099858,-0.1527350426422846,-0.1478464944456924,-0.1411670819662891,-0.1333542578066046,-0.1249999999999999,-0.1181196747676148,-0.1129562866688267,-0.1080175410576074,-0.1029819872890826,-0.0980531205770447,-0.0939999999999999,-0.0906883654425712,-0.0872275946508165,-0.0844460130498391,-0.081987820855153,-0.0795387381142658,-0.0770000000000002,-0.0736324483516844,-0.0709242910437524,-0.0685070329922271,-0.0660670627510807,-0.0633656560635657,-0.0600000000000001,-0.0575108199492171,-0.054764230310456,-0.0539957028289943,-0.0557147063011251,-0.0574534485567212,-0.0609999999999999,-0.0637072006341185,-0.0652454576964361,-0.0668111444166256,-0.0670782410803406,-0.068364940810339,-0.07,-0.0715971698799526,-0.0734899082185107,-0.0745348803185398,-0.0753130812149578,-0.0761969873386014,-0.0769999999999998,-0.0769645871014707,-0.0776732713246827,-0.0778014965957671,-0.0766657589632611,-0.0771034520196185,-0.0759999999999996,-0.0741520356912724,-0.0735149488328278,-0.0719523251539941,-0.0704392888008794,-0.0685376643603936,-0.0659999999999999,-0.0634999951963157,-0.0610039323189762,-0.0585025004753226,-0.0557492374623262,-0.0491440126895906,-0.0380000000000001,-0.0309711930071862,-0.023982046547188,-0.0102093279923312,0.0026029900585997,0.0114732650755135,0.0159999999999999,0.0183612855693288,0.0217958417145689,0.0247308189922167,0.0287980863975226,0.0326381082047163,0.0359999999999997,0.0402783767585716,0.0431465167359018,0.0451786461823884,0.0463102925680951,0.0472856648347713,0.0489999999999999,0.0498876820691168,0.0506077222285352,0.0515572779897483,0.0522657445622125,0.053270812915186,0.0549999999999999,0.055952744864968,0.056423360957643,0.0581206286330328,0.0593545887470715,0.0602061288299926,0.061,0.0609567048558653,0.0616303569113695,0.0622006783007802,0.0618664392060326,0.062080609762597,0.0620000000000001,0.0611263966631468,0.0609031577774542,0.061082329114511,0.0609190847766707,0.0611025642237197,0.062,0.0628486653995771,0.0640428848585213,0.066740616532407,0.0681766905353163,0.0664964435808544,0.0629999999999999,0.0572837444765345,0.0512151325468287,0.0453577408787291,0.0378861909014349,0.030614193798181,0.0229999999999998,0.0130933842787365,0.0032453364001801,-0.0039717919212408,-0.0085892925370463,-0.011501282032948,-0.0139999999999999,-0.0165884240413394,-0.0179472238685199,-0.0176660966695539,-0.0164529608857731,-0.0144655785147174,-0.0099999999999999,-0.0041267020852937,0.0026325348018247,0.0156455928614183,0.0306482172314498,0.0437826434564119,0.0599999999999999,0.0753685846821474,0.0876794700084596,0.0974175507318323,0.1054434982146547,0.1178590491037334,0.1319999999999997,0.143170375620785,0.1508342348688753,0.1559579186100982,0.1609094506856062,0.1647896133683759,0.172,0.1852646438611616,0.1973113227920439,0.2058695535431343,0.2119575164023683,0.2127147847857413,0.21,0.2049191688004918,0.1904180778343718,0.1628342513697734,0.1193151642785712,0.055613382261064,-0.029,-0.1367368175349786,-0.2656431288356479,-0.4109176717299769,-0.5675914287543518,-0.729677759949707,-0.8919999999999999,-1.0398331541223609,-1.155358602372947,-1.221659202378516,-1.215261088553707,-1.1196193774975969,-0.9389999999999996,-0.6948643767929885,-0.419293439154775,-0.1560138781654308,0.0583626882477985,0.2023595988986992,0.2679999999999999,0.2822860207040227,0.2729389342345221,0.247973042194594,0.2277712154081135,0.2214292341929444,0.222,0.229137618964338,0.2379247808920712,0.2458010090219728,0.254232776146348,0.2599111338155959,0.2649999999999999,0.271085267735516,0.2739198382152908,0.2732013257817191,0.2686064557961519,0.2600721310262242,0.2489999999999999,0.2376855465836111,0.2320240537592923,0.2292280776248794,0.2258093629339638,0.2250014867492557,0.2249999999999998,0.2264640576013925,0.2286997654594455,0.2292497991167295,0.2307592923586451,0.2321896612576712,0.2329999999999998,0.2338666745490192,0.2345988891552594,0.2355801436806104,0.236275673037589,0.2371539480375895,0.237,0.2361133258547085,0.2354785704215917,0.2340486027205494,0.2321957330109771,0.2293465604803179,0.2260000000000001,0.2207258976509658,0.2095902072905545,0.1958803825320411,0.1851099634017416,0.1762111851048723,0.1669999999999998,0.1578642922090549,0.1481317813072296,0.1378202173127673,0.1285219565499257,0.1219143701645349,0.1169999999999999,0.1111715002019008,0.105869014096822,0.1009194655957393,0.0936170767437825,0.0809655288940303,0.065,0.0550944256415213,0.0506015837839453,0.0468024114610577,0.0438157505638291,0.040251183489639,0.0370000000000001,0.0344391501294217,0.0326244989068418,0.0307234514284946,0.0277591099140704,0.0241561427270522,0.019,0.0140094767034131,0.0083622547794764,0.0033577173961206,0.0013836945169014,-0.0003068328415208,-0.001,-0.0025005589222167,-0.004584172049586,-0.0057450970501905,-0.0077696251639458,-0.0078201502514888,-0.0070000000000001,-0.0062401688159952,-0.0052331958805556,-0.0043306746713116,-0.0020638851356142,-0.0008317899041213,0.0010000000000001,0.0035828729438256,0.0062247876848802,0.0110860589235339,0.0160473047035603,0.0239149785381702,0.0329999999999999,0.0374390084009196,0.0405165866295219,0.0441714109258744,0.04703346245111,0.0495212735953636,0.052,0.052945100154136,0.0535496203017668,0.0543316804468644,0.0537288861344238,0.0541782481958308,0.0539999999999998,0.0522754371702301,0.0508949992590015,0.0481217355307566,0.0446141393094739,0.041410323902285,0.039,0.0358599481200252,0.031504818947861,0.027791199282336,0.0227570494624038,0.0167929315409592,0.0099999999999999,0.0030468484380782,-0.0009126245702922,-0.0035986132082382,-0.0057137232472021,-0.0073978795738437,-0.0099999999999999,-0.0125763861888138,-0.0144025926761524,-0.0159331498547231,-0.0177302149110082,-0.0192837987627551,-0.0209999999999995,-0.023499482200421,-0.0255579741457038,-0.0264227931589114,-0.0276185665858459,-0.029255663640306,-0.03,-0.0315779037539985,-0.0334098468953842,-0.0352289142654695,-0.038196157594791,-0.0403921763242672,-0.0430000000000001,-0.0456447486086011,-0.0472625106661379,-0.0491189775151777,-0.0505408212996908,-0.052425355960941,-0.0539999999999999,-0.0547715152290629,-0.0562694355461702,-0.0580714127794328,-0.0594579762401069,-0.0601168550628345,-0.0609999999999998,-0.0618783297338451,-0.0622371026785319,-0.0608481986848654,-0.057805445534298,-0.0555463383804356,-0.0520000000000001,-0.0477163724519836,-0.0443209854279508,-0.0412928432463984,-0.039047312346178,-0.0350497224352501,-0.0309999999999999,-0.0285489614338919,-0.0253658738879474,-0.0222319124855184,-0.020520037958564,-0.0198243088349418,-0.018,-0.0162084241904855,-0.0149540634684593,-0.0120864488176672,-0.0086223401179099,-0.0054413150970543,-0.004,-0.0046649617622745,-0.0072760613750259,-0.0119933287963532,-0.0168592243677782,-0.0206261300128757,-0.023,-0.0254670260403625,-0.0279792815741497,-0.0308918750953109,-0.0341891649092666,-0.0365016239094514,-0.0399999999999998,-0.0426662709088074,-0.0447606541198344,-0.0477199900389036,-0.0499744799581823,-0.0538514886142955,-0.0569999999999998,-0.0601189692212848,-0.0645052308747429,-0.068500041211154,-0.0746355056922884,-0.0798364854303032,-0.0839999999999999,-0.0883303849264109,-0.0914619322980568,-0.0958655209175894,-0.1010731297104252,-0.1058708621211741,-0.1089999999999997,-0.1101408360781107,-0.1073610392964014,-0.1012756217267486,-0.0957489739909317,-0.0883873952438878,-0.0809999999999998,-0.0729849679169672,-0.0624971366997063,-0.0498747681060464,-0.0306690144293245,-0.0116898934296654,0.0019999999999999,0.0138173235618633,0.0241898232658285,0.033048677583646,0.039246692472565,0.0453132114840591,0.0519999999999998,0.0586939463425719,0.0643669676011813,0.0683586016409963,0.0726582149215666,0.0754658992476911,0.0779999999999997,0.0783688566072862,0.0761257974629377,0.0722511561193905,0.0648243415574846,0.0539689903691222,0.0249999999999999,-0.0257443415146232,-0.0970423906033541,-0.1984600738857122,-0.3260537007762725,-0.4812529517854084,-0.6589999999999997,-0.8501284789645366,-1.0392629824527404,-1.2067168368886445,-1.3444657117943084,-1.412964276564182,-1.413,-1.35766677722258,-1.1961313577652826,-0.9472790753125728,-0.6690759628947233,-0.3913320070439819,-0.1519999999999999,0.0179797558617384,0.096253323875983,0.1119835282066947,0.1002369371200788,0.0716107355234881,0.0609999999999998,0.0689503392197883,0.0816611447762501,0.1006316224671916,0.1145218882949498,0.1222290582235795,0.1259999999999999,0.1291483409800079,0.133008311499124,0.1353775425059204,0.137838743272815,0.1378588650873171,0.1379999999999999,0.1381599805553655,0.1377169980360925,0.1383520662088911,0.1375605497947601,0.1368600066102808,0.135,0.1331487439063293,0.1320503398843052,0.1291801026731019,0.1276323308581344,0.1267950475755244,0.126,0.1252404285311092,0.1241864209338325,0.1237060212655575,0.12234738472141,0.120625439784543,0.1179999999999998,0.1153940490987395,0.113194405244168,0.110249407829371,0.1082644334649724,0.105262553185091,0.1019999999999997,0.0996016295848166,0.0962879138195429,0.0931325537729031,0.0894910466948106,0.0864654505752268,0.0820000000000001,0.0729205889130365,0.0645490968695559,0.0584452586261027,0.0528781115139872,0.0479930194148288,0.0419999999999998,0.035340866261723,0.0278507946667326,0.0174673663223523,0.0071326358829837,-0.0018639093959971,-0.012,-0.019930032873268,-0.0247842884335297,-0.0309327864143486,-0.0375079702629888,-0.0430229616641803,-0.0469999999999997,-0.0487502428324552,-0.0502399204526164,-0.0521099159036629,-0.0534338658320673,-0.0541196942659148,-0.0549999999999998,-0.0559495968283581,-0.0555486171654369,-0.0538041226904956,-0.0504356160627737,-0.0462058066558306,-0.0429999999999998,-0.0404396172476637,-0.0386179095240667,-0.0367455889008851,-0.0337920912254423,-0.0316888411005863,-0.0299999999999999,-0.027470692742237,-0.0255633895847756,-0.0240751908876373,-0.022283743096914,-0.0206918039764322,-0.0189999999999999,-0.0173024823803706,-0.0157553552470328,-0.0136200070443536,-0.0108133722072783,-0.0071323986822317,-0.001,0.0087293188635456,0.0203790723966273,0.0316872186014844,0.0419103910743534,0.0507112529634303,0.0599999999999999,0.0694733560864464,0.0754413914944741,0.0790985683929498,0.0820777622364984,0.084509294081427,0.087,0.0879402604667546,0.0885579742020889,0.0893608549305299,0.0884421098347036,0.0865782748225041,0.0839999999999999,0.0814562971482339,0.0790427820750392,0.0767100765401776,0.0757174801174059,0.0747787223777593,0.0739999999999997,0.0732904679724307,0.0715741299990433,0.0704823410209365,0.0694647047484958,0.0676684957813008,0.0669999999999998,0.0670911527407636,0.0662919799209752,0.065923976435933,0.0658480435392382,0.0648072255460887,0.065,0.0659468337330936,0.0659313797724642,0.0664292723238893,0.0672318880958771,0.0668199116713791,0.0660000000000001,0.066017837022528,0.0654276773006213,0.0646947906904067,0.0653844455144349,0.0660831004782901,0.0659999999999998,0.0651391671839641,0.0649352643856902,0.0647012420251338,0.0636945792864617,0.0641458501227933,0.0639999999999998,0.0638474027944502,0.0643302971974658,0.0632504564143569,0.063131958762942,0.062794996113082,0.0619999999999999,0.0628506791371343,0.0630510428669302,0.0632929838424874,0.0644837627603509,0.0650237204577035,0.0649999999999999,0.0657615666143024,0.0667734224575857,0.0673783985680467,0.0684450790637351,0.0690940473565235,0.0699999999999999,0.070964675343135,0.0709126773979713,0.0714092503858462,0.0725081589658811,0.0744304610381537,0.0759999999999998,0.0767864788883521,0.0778242535061244,0.0779990394635693,0.0779658695402428,0.0764911952201251,0.0729999999999999,0.068923484029971,0.0640551824899967,0.058352923224842,0.0482117350185988,0.0342103193770853,0.0219999999999999,0.0118814890136813,0.0030892022632492,-0.0044357536912936,-0.0121567251300847,-0.019182122022519,-0.0230000000000001,-0.0261814008037301,-0.0300443328960986,-0.03187214000674,-0.0341949958113887,-0.037619424932596,-0.0400000000000001,-0.0424324237235921,-0.0455529926872264,-0.0493343245393601,-0.0542770771354117,-0.0631172014755243,-0.0739999999999999,-0.0824692803905725,-0.0901429467730938,-0.0966525985528389,-0.1025679146102911,-0.1107725135444142,-0.1199999999999999,-0.1321142139818163,-0.1459956061023624,-0.1534505213221664,-0.1558711952296955,-0.1584922623438826,-0.1599999999999999,-0.1615969927309233,-0.163036986021369,-0.1623524091859079,-0.1595064282404782,-0.153700243038343,-0.1469999999999998,-0.1361503911323749,-0.1183483279485182,-0.101453660411226,-0.0898726021954155,-0.0798651568265957,-0.0680000000000001,-0.0576547824929367,-0.0499217136456667,-0.0430905570251582,-0.0381214918689452,-0.0329613088850697,-0.0289999999999998,-0.0257448126435731,-0.0226225952936364,-0.0211789991903421,-0.019411500504389,-0.0203817160470637,-0.0209999999999997,-0.0221677787549582,-0.026640910296522,-0.031398811079437,-0.0524166313360655,-0.0962468044124665,-0.16,-0.2511495433295013,-0.3728107166482887,-0.5232115892403717,-0.692833611206904,-0.8793135629713272,-1.0669999999999995,-1.2371792039592877,-1.381120479775139,-1.459640856313872,-1.4772579569714732,-1.445213884902657,-1.316,-1.101156457370299,-0.8398077484180168,-0.5577687983709693,-0.2997079617399792,-0.0899461612428687,0.047,0.108842788718014,0.1241110771606841,0.1065261801950408,0.0853729224254671,0.0794043572785934,0.076,0.0794748975359309,0.0963190367040215,0.1135299168598619,0.123089104732249,0.1290621077145786,0.133,0.1354824421047425,0.1377606519566223,0.1371261592506141,0.1331585390071977,0.1279211675659136,0.123,0.120251622763435,0.1193896699417409,0.1180831237189392,0.1163427873035864,0.1145735567958733,0.1120000000000001,0.1102756465230911,0.1082636564221576,0.1051997608003077,0.1034094962941583,0.1015958100710935,0.1000000000000001,0.0984660710050598,0.0959302707698109,0.0936570913715523,0.0907040622363568,0.0872437093653808,0.0810000000000001,0.069539298946567,0.0573899090359353,0.0467734118708123,0.0374740606881862,0.0294363550786475,0.0219999999999998,0.0154500207444067,0.0062770811520829,-0.0082655618386597,-0.0240762781972515,-0.0359606229744598,-0.044,-0.052958285918646,-0.0628048436796044,-0.0698110875901106,-0.075046253132708,-0.0799215506988424
-0.0840000000000002,-0.0873663188896804,-0.0906371961657233,-0.0937952724537241,-0.0955735409326772,-0.097483521519378,-0.1,-0.1023422579151542,-0.1066597120480359,-0.1132395506299331,-0.1238256992677467,-0.1361706289471972,-0.143,-0.1470826083657805,-0.1515441815124081,-0.1549534387286592,-0.1584070576659375,-0.161616180394922,-0.165,-0.1683987151751098,-0.1715149892013171,-0.1754515468180466,-0.179808005095145,-0.1851525508615929,-0.1909999999999999,-0.1969028432474235,-0.2008642594750574,-0.1998695510194839,-0.1964808675766018,-0.1905361219116454,-0.183,-0.1765535388419011,-0.167195016258194,-0.1575567052886984,-0.1498644483683381,-0.1414090492662579,-0.1359999999999999,-0.131986073413916,-0.127314594710892,-0.124306650007622,-0.1200056326762908,-0.1151334565230134,-0.1110000000000001,-0.1059922371605959,-0.1015051228293144,-0.0979185285970237,-0.0947449360762905,-0.0912677673759629,-0.088,-0.0855279020957685,-0.0828538347621497,-0.0810561315913503,-0.0790182146363472,-0.0766610611711083,-0.0759999999999998,-0.0744822942564604,-0.0724012659264458,-0.0716171009193416,-0.0703870429488937,-0.0686579600560636,-0.0669999999999999,-0.0660307292003151,-0.066091282306827,-0.0655335312732321,-0.0648372579819773,-0.0650622782155875,-0.0649999999999999,-0.064927051543705,-0.0655616731685474,-0.0668999034205932,-0.0687109973592635,-0.0703657127382389,-0.0729999999999999,-0.0756479505117945,-0.0772370492697865,-0.079207871748793,-0.0802652339377494,-0.0813216696942034,-0.083,-0.0837824659359324,-0.0853476993653364,-0.0865662907216538,-0.0875339650935843,-0.0892929229662583,-0.0899999999999999,-0.0915407314565618,-0.0935151714126817,-0.0948003636704023,-0.0968580860545698,-0.0981600871599363,-0.0990000000000001,-0.0999245865643685,-0.1000098634477729,-0.1000396494645004,-0.0999187468893807,-0.1001238184915399,-0.1009999999999999,-0.1010742139746228,-0.1008897026511025,-0.1011398036599911,-0.1008277281960544,-0.1012252308195115,-0.1029999999999998,-0.1046750873903153,-0.1063763443083392,-0.1076574250760209,-0.1081134279973382,-0.107877844006309,-0.1069999999999999,-0.1062268223688469,-0.1046734136063123,-0.1033806274208301,-0.1025355894882369,-0.1006499817360769,-0.0999999999999998,-0.0986040304732415,-0.0956352440773951,-0.0946038450141124,-0.093285732202289,-0.0918635978546044,-0.092,-0.0920092476364932,-0.0920381141096584,-0.0918601257914247,-0.0924421935288079,-0.0944528616011772,-0.0970000000000003,-0.1003200705280302,-0.1036058895345639,-0.1074260470990819,-0.1115300559980638,-0.1145823234778239,-0.118,-0.1221118403376876,-0.1269002393865464,-0.1321005737562379,-0.1368174320312092,-0.1406433370463796,-0.1429999999999999,-0.1454315913006087,-0.1481121655234199,-0.150351045545494,-0.1532609493995654,-0.1567444003086235,-0.1610000000000001,-0.1652403648987304,-0.169158500016358,-0.1740238161284444,-0.1788831522363629,-0.1842635428747882,-0.1930000000000001,-0.2047094220595147,-0.2148538544106232,-0.22218822896961,-0.2282498065081538,-0.2328664935325368,-0.2369999999999998,-0.2382422178319273,-0.2366131623087906,-0.2346659994980122,-0.2296155565213297,-0.2239505178203721,-0.2169999999999999,-0.2061228073769125,-0.1962597313567338,-0.1838489338876092,-0.167322535034445,-0.1520670578743607,-0.1370000000000001,-0.1211540133570909,-0.1061012127672963,-0.0946598107576369,-0.0848440913123614,-0.0724276739407212,-0.061,-0.0503912180373728,-0.0382207897581282,-0.0292707942333689,-0.0240668311450097,-0.0189942903394391,-0.0150000000000001,-0.0124626573544055,-0.0104348367482637,-0.0098338320350799,-0.0101970445312003,-0.0113440806857037,-0.0139999999999999,-0.0173438462182463,-0.0211708337341109,-0.0320650832424585,-0.0613584301027805,-0.1115563966609144,-0.181,-0.2733797471628678,-0.3925825744482518,-0.5388456442792642,-0.7081777790392062,-0.8938385898561954,-1.0799999999999994,-1.2478914291300034,-1.381167205828416,-1.4533391259571824,-1.4410630381234883,-1.333822609815586,-1.1349999999999996,-0.8682997443349031,-0.5723405488289625,-0.2914974449786139,-0.061157519745918,0.0825299293424832,0.1349999999999998,0.1435356700840402,0.1208443507783546,0.071163338049725,0.0366811497050119,0.022957470955834,0.017,0.0224489563811165,0.0402862825661306,0.0691825517474548,0.0946949348836578,0.1080131078789215,0.1159999999999999,0.1204627951928989,0.1229463670939022,0.1255914516948265,0.1277957699796894,0.1292168317235112,0.1299999999999998,0.1308141263866982,0.1317253764577451,0.1321562228860288,0.1318594975170209,0.1321481900723953,0.133,0.1330661354894387,0.132858488512803,0.1334910717663282,0.1341447564936847,0.1339622921050048,0.1340000000000002,0.1325742427923785,0.1293817071758856,0.1254626489413102,0.1193482103506488,0.1126158004489706,0.104,0.0944282676553713,0.0892738517706858,0.0860101945133266,0.0828637437841136,0.0805341870849701,0.0780000000000003,0.0755124220925078,0.0729222753030216,0.0708920074763008,0.0694211822676219,0.0675187624658076,0.0639999999999998,0.0598834971123677,0.0532110952365303,0.0374113804665264,0.0194422631230661,0.0082065973992141,0.0009999999999999,-0.0033311374290755,-0.0071132138187994,-0.0117513704882883,-0.0153064510344364,-0.0187065771891924,-0.0219999999999999,-0.0245544102769948,-0.0268403326992395,-0.0302734400827988,-0.0348068966072879,-0.0387524829532422,-0.0429999999999999,-0.0480318628974507,-0.0524578822841648,-0.0563607516921407,-0.0608392533874542,-0.0646020168720353,-0.0669999999999999,-0.0695697979545961,-0.0708928261170883,-0.0713061316805279,-0.0724853587710921,-0.0730710738414071,-0.074,-0.0757231851844139,-0.0767375660229677,-0.0774412646139463,-0.0784093074586557,-0.0790227640099321,-0.078,-0.0756017249452692,-0.0719288885192228,-0.0669756879074219,-0.0616635817965622,-0.0512590550337994,-0.0349999999999999,-0.0219885549573114,-0.0122443623282774,-0.0012604872945299,0.0117282546493876,0.0315082694106217,0.053,0.0654844116024408,0.0718733791812777,0.0767805484558041,0.0803079886310095,0.0837096803195994,0.0869999999999998,0.0888196437411554,0.0896052330563312,0.0906312579443417,0.0910456704326025,0.0910073752086849,0.0910000000000001,0.0909480168492846,0.0911666704767079,0.0904363254090533,0.0899643719324173,0.0899061321089397,0.0889999999999998,0.0889383173483759,0.089025630294168,0.0892833878890072,0.0905107572413357,0.0909711037639899,0.09,0.0883165691215437,0.0867661980386382,0.0845501498486227,0.0820407362520568,0.0793851702191762,0.076,0.073442922146145,0.0713734552938748,0.0715317162383652,0.0739397848849195,0.0751979645125425,0.0769999999999998,0.0795306546272163,0.0816493278999299,0.0810467169688134,0.0751940600547444,0.067324743018605,0.0569999999999999,0.0463962197622049,0.0423517484154566,0.0413068740039873,0.03897827261028,0.0365211017371849,0.0349999999999998,0.0385389935319854,0.0464371359246541,0.0514258171671567,0.0541736653098047,0.0576573066188272,0.0600000000000001,0.0624120457769628,0.0651414304159382,0.067330573438257,0.0701782237526467,0.0723221356143125,0.0740000000000002,0.0765114129702505,0.0785088781659941,0.079542272567119,0.0803136910441335,0.0811753867365129,0.0820000000000001,0.0828265214192187,0.0836791009127707,0.0844723567152627,0.0854692217450285,0.0875128462804011,0.0899999999999999,0.0909143259364134,0.0916422527284034,0.091955161687087,0.0901689677744889,0.0887937074400094,0.0869999999999998,0.084342349597707,0.0833124077919505,0.08214642931642,0.0802707836708601,0.0786851149345849,0.0769999999999998,0.0753333398220865,0.0736553547125676,0.0720259636589149,0.0702978036196979,0.0686977084623512,0.0670000000000001,0.0652382257827152,0.0643694289710463,0.0631117477833626,0.0613052391084224,0.0596225447029468,0.057,0.0523801510963274,0.0435479103358064,0.032154294558232,0.0222577313308149,0.0132042279763063,0.0050000000000001,-0.0016801555880627,-0.0087786388252477,-0.0170495291999407,-0.0251001397000461,-0.0325164492165231,-0.0409999999999998,-0.0501781072457031,-0.059714407935112,-0.0705392174660256,-0.078499008977009,-0.0813374300093744,-0.0829999999999998,-0.0847057297946775,-0.0862995894482035,-0.0874428902211888,-0.0836095509089388,-0.0737254771130164,-0.0609999999999999,-0.0453888710376724,-0.0285210628177287,-0.0123615380954808,0.0027079264060271,0.013964555108171,0.024,0.0357220291139846,0.0462448703886452,0.0555333626142082,0.0645082435223773,0.0725212231471558,0.08,0.0882794099224468,0.0963388193792468,0.1025623499400241,0.1082148157345845,0.1128135969573918,0.1169999999999999,0.1213227529460323,0.1240811494616987,0.1263060364380246,0.1268350709900763,0.1243026030576561,0.12,0.113933423188727,0.0980761993624144,0.0611706496871429,0.0064114112982362,-0.0650862151603317,-0.1609999999999998,-0.2810466461788409,-0.4266233002598296,-0.5953927032013638,-0.7733267091585555,-0.9466289747947084,-1.0999999999999996,-1.2164625303849497,-1.2797453020240697,-1.266376835718328,-1.160997707764733,-0.9722604330387316,-0.7149999999999997,-0.4201569140215288,-0.1352766841149533,0.0998138697321589,0.2465898740791064,0.304351405844022,0.3129999999999998,0.2960701287231997,0.2709504431789317,0.2554631580270092,0.2561735734735449,0.2657679826032403,0.27,0.2722813876036841,0.2753913280217221,0.2768083896273721,0.2786944969631669,0.2789761107387745,0.2799999999999999,0.2810671186256547,0.2807276626657325,0.2816790281058524,0.2819775762034441,0.2820451493365543,0.2819999999999998,0.2819637901950736,0.2816290858795141,0.279880179359546,0.2784685438861932,0.2765776885026305,0.2750000000000002,0.2734676064321706,0.2709730270063684,0.2682940117644924,0.2643898929024083,0.2615215941574146,0.257,0.2471277897881904,0.2377979689206759,0.2311222096787375,0.2240687250980211,0.2164058672898234,0.207,0.1959495818820491,0.1880777352587471,0.1833074078816692,0.1798270697336948,0.177469869508908,0.174,0.1714270364540241,0.1685368315989231,0.1651907040744565,0.1628955865606616,0.1579132863640389,0.1539999999999998,0.1473377947427407,0.1345005720496122,0.1247266716781387,0.1167896768098652,0.1096873829136057,0.101,0.0875684288206425,0.0765547978588222,0.0677808968979771,0.0603588834319127,0.0549544951882657,0.0499999999999998,0.0459268106927823,0.0405081897219787,0.0339616631453722,0.0251140794732778,0.0167747009565123,0.0140000000000001,0.0116058876392966,0.0093443338878318,0.0083415128878826,0.0058998614256437,0.0036144656804177,0.0019999999999999,0.0011299617945485,0.0003168332963509,-0.0001194491837686,-0.0001203279897496,-0.0011971422414533,-0.0009999999999999,-0.0008414904366051,-0.0013305431823266,-0.0002548240301627,-0.0001352120241894,0.0002478583662721,0.0019999999999998,0.0028855444782148,0.0036000044619504,0.0047947465633561,0.0070169616246648,0.00940131651433,0.011,0.0126734047634191,0.0142471968624564,0.0166187819511484,0.0210207694039724,0.0274063477745979,0.0349999999999999,0.0432702703959986,0.0518385775616263,0.0592582571180436,0.0652295939346598,0.0698273689087848,0.0739999999999998,0.0782978705681151,0.0811152181607344,0.0834676106394731,0.0858632087838165,0.0871943115142067,0.088,0.0888180574603414,0.0897048811129058,0.090435649476677,0.09141539103617,0.0920926084215017,0.093,0.0947456278431915,0.0956176144628703,0.0969596701324135,0.0984667557568252,0.0991497361714858,0.0999999999999999,0.1000323213782013,0.100041012600858,0.0995939949669789,0.0986975247337921,0.097668993683847,0.0949999999999999,0.0924849080562735,0.0895037520291907,0.0858735934750381,0.0827178871682553,0.0793817166211147,0.0769999999999998,0.0745138956722592,0.0724889192883043,0.0711267656507287,0.069394522681329,0.0689712273157812,0.0679999999999999,0.0662869324543373,0.0647615131295459,0.0628847833596829,0.0614359433429392,0.0596054481998563,0.0579999999999999,0.0564066104543439,0.0544971317621124,0.0534957026671064,0.0526371561162686,0.0518573348609971,0.0509999999999999,0.0501382969185302,0.0493831469636866,0.0484429237564248,0.0477148691723194,0.0468066837444009,0.0459999999999998,0.045189120097244,0.0443006758994557,0.0435266059886231,0.0426600200223413,0.0418178978848997,0.041,0.0409928311851478,0.0404981240347228,0.0393641402091095,0.0387440523026513,0.0378515258831156,0.0379999999999998,0.0381450156086601,0.0372685809446605,0.0366118377829361,0.035533873888216,0.034978659783112,0.0349999999999998,0.034276136711894,0.032632572415494,0.0313907798012735,0.0305831307629767,0.0284590307165839,0.0239999999999999,0.0129658765887244,-0.0015373712761154,-0.0107122609835406,-0.01585693237818,-0.0196769245966888,-0.0229999999999999,-0.0264089322762066,-0.0290471121504369,-0.0314518356569053,-0.0341801702658371,-0.037740357542354,-0.0409999999999999,-0.0442477971555414,-0.0478507059315593,-0.0506895604676353,-0.0549537481420994,-0.0599386352747975,-0.0650000000000001,-0.0723605618500895,-0.0802372439961772,-0.086705542008201,-0.0920425087921648,-0.0969926676728603,-0.1019999999999999,-0.1069853080485784,-0.112410028966934,-0.1194367874452233,-0.1266073587292656,-0.1305400086683469,-0.133,-0.1356048250622835,-0.1372704505269966,-0.1394338043044205,-0.1418926853827548,-0.1431075768396892,-0.1420000000000002,-0.136621579473137,-0.1273504268180167,-0.1153241942275795,-0.0963040944716206,-0.0725241446125796,-0.056,-0.0424339269481822,-0.023857987483769,-0.009222960743162,-0.0011989445091024,0.0052510209293867,0.011,0.015353327440376,0.0180906900012968,0.0201968795116625,0.0213386140591533,0.0221954908075201,0.0229999999999999,0.0237681879114949,0.024802431958185,0.0254923001179703,0.0285307950341549,0.0311838282957746,0.028,0.0119009705892295,-0.0278029783702026,-0.0885934536847844,-0.1689058772840927,-0.2739996908927553,-0.4029999999999999,-0.5557127347700785,-0.729897679746601,-0.9172720466000645,-1.1036353318375245,-1.278265498991903,-1.4159999999999993,-1.4834412484181203,-1.4902416221076813,-1.4270224606698911,-1.257193161738124,-0.9994001630255676,-0.6929999999999997,-0.383599249652195,-0.1195661300799909,0.0670071828630967,0.1594034392822029,0.1777596967605932,0.1379999999999999,0.0783281094747905,0.0521916424982494,0.0424278653061365,0.0450672846265229,0.0645982479456044,0.0719999999999999,0.0757149500470642,0.0805222615558512,0.0821445788010228,0.0870143178335902,0.0892469316734993,0.0919999999999998,0.0947743918716021,0.0961056082455864,0.0979697697774554,0.0979654967246727,0.0993706706110463,0.0999999999999999,0.0999626518187974,0.0991186895796272,0.0965099250046673,0.0957882437711287,0.0933156533421684,0.0909999999999998,0.0903053212480193,0.0885094811556659,0.0875476378194208,0.086554764761206,0.0859304647254251,0.0849999999999997,0.0832458839146946,0.0823579220358615,0.0811712573955263,0.0790650613617075,0.0764878019499796,0.0739999999999999,0.070767117727917,0.066755424926816,0.0620841477022988,0.057016562727238,0.0518586919200215,0.045,0.0369360712114492,0.0254163804101211,0.012633022749388,0.0038954584588626,-0.0033985123925139,-0.0090000000000001,-0.0138933638380817,-0.0192074249938193,-0.0237311458481144,-0.0292823208534801,-0.0337468850526507,-0.038,-0.0438318140540711,-0.0495836053652545,-0.0558885248192023,-0.0628715090491668,-0.0705694417804361,-0.0780000000000001,-0.0847098439233689,-0.0908192584215493,-0.0960961427602535,-0.1007557369897193,-0.1048639543984512,-0.11,-0.1150836488985383,-0.119863156780103,-0.1251630379981936,-0.1298228380372688,-0.1352335405009151,-0.1429999999999998,-0.1536989007417915,-0.1648283625704113,-0.1751911543967683,-0.1842340215882117,-0.1900472438596784,-0.1960000000000001,-0.201252642499326,-0.2046808145268353,-0.207516660154169,-0.2078566216367843,-0.2066231117801529,-0.203,-0.1979758578269469,-0.1926813572601355,-0.1851398913884366,-0.1740377495470484,-0.160367689115797,-0.1489999999999999,-0.1346103987000386,-0.1168814822079695,-0.1031710817013381,-0.0892957506106934,-0.0767077554187336,-0.0639999999999998,-0.0493312902403105,-0.0408484309566708,-0.0367122790054623,-0.0342778838442451,-0.0325474823701231,-0.0300000000000001,-0.0290743034335014,-0.0284118204123177,-0.0274662825037105,-0.0266559706041759,-0.0258659924924162,-0.0250000000000002,-0.0233472987623652,-0.0216903187859149,-0.0199089972180044,-0.0185890192668062,-0.0178449627141737,-0.0170000000000001,-0.0161858972543305,-0.0152714629612493,-0.0146320353236681,-0.0133588777234521,-0.0117412592998985,-0.0109999999999997,-0.0102035054928396,-0.0092714024731838,-0.0086003491441781,-0.007426317041165,-0.005630964661228,-0.004,-0.0030619185723465,-0.0030289223298755,-0.0026365402774197,-0.0015985857038203,-0.0008546538019417,6.315935428978667e-17,0.0007870476588596,0.0022832486398203,0.0037176499746086,0.004197406559831,0.0052290796345113,0.0059999999999998,0.0068012895321037,0.0076602851959764,0.0088520034918469,0.0105973626510263,0.0110475321475775,0.0119999999999998,0.0129349916196214,0.0134918323506818,0.0147096653210857,0.0151280068647791,0.0163447673796096,0.0179999999999998,0.0196448597585477,0.0209147349493335,0.021183531688604,0.0227918432825912,0.0241723955353376,0.0250000000000001,0.0258931984213998,0.0265330808757899,0.0277079661898177,0.0279814050606872,0.0280422212482393,0.0279999999999997,0.0279275202774063,0.0281563966985039,0.027752698723435,0.0284185076891663,0.0290138287650336,0.0290000000000002,0.0298108943327267,0.0306677309014199,0.0315199912988644,0.032306920902662,0.0331828878310111,0.0340000000000001,0.0348511212242621,0.0351588116983618,0.0348343632003482,0.0351512409355777,0.0348944868584315,0.0349999999999997,0.0359283436074248,0.0359244801527732,0.0366840957027566,0.0390278166594637,0.041469644240553,0.0439999999999999,0.0459617872363214,0.0445116246597885,0.0402399935629148,0.0345302631164713,0.0274993641225766,0.0180000000000002,0.004552110484472,-0.0055346437306824,-0.0116583820117804,-0.0188129907484091,-0.0238560944533709,-0.0289999999999998,-0.0348837666168428,-0.0410252616198972,-0.0485487375937992,-0.0563525049355748,-0.0674127372378753,-0.0780000000000001,-0.0855911254812302,-0.0920294107472891,-0.0965667881538263,-0.1002936553204554,-0.1007997377983584,-0.0989999999999999,-0.0952105547390313,-0.0885680242643811,-0.0820948386895254,-0.0726828992128487,-0.0605737369134982,-0.048,-0.0317404493514632,-0.0128802628096285,0.0027663589949583,0.0144282651931652,0.0250664155624142,0.035,0.0450636495680992,0.0545774754764612,0.0674463911207813,0.0825721760517988,0.0913825324117024,0.0989999999999999,0.1053227551461294,0.1079865372940747,0.1100644483486111,0.1097077701993666,0.1101973926457696,0.1099999999999998,0.1097338294887194,0.1109910314912872,0.1106867209263377,0.1084746351825168,0.0966777969908003,0.0750000000000002,0.0432081185440425,-0.0050517926033756,-0.0752709832870746,-0.1735421099284404,-0.2965983234958449,-0.4459999999999999,-0.6149646089911623,-0.7940933428301288,-0.9779866746003552,-1.1489635601391843,-1.290373974103059,-1.366999999999999,-1.3725729746342925,-1.3147585983787318,-1.1524687715910795,-0.8957284186383191,-0.598066223812462,-0.299,-0.0414897185769546,0.1421855773473465,0.2344274591517314,0.2492875686708762,0.2103131342868662,0.1589999999999998,0.1370458389256216,0.1281706861457549,0.1319728446570832,0.1531713940628583,0.1740503448179926,0.1930000000000001,0.2006366441526021,0.2036580495832887,0.2085768231837665,0.2090927306412264,0.211542931929236,0.2109999999999999,0.2083912839553231,0.205225323346251,0.1999897187891005,0.1962773058216381,0.1865311827734946,0.1759999999999999,0.1716001659846984,0.1688217199534891,0.1670020997073166,0.1654286302628536,0.1649763704623021,0.1639999999999999,0.1622154083105196,0.1614051862995958,0.1601209142527061,0.1581059104468293,0.1554659995196851,0.1529999999999998,0.14976504031397,0.1461867845661725,0.1431652641920281,0.1394385867134228,0.1349552302101477,0.1280000000000001,0.1210368136748951,0.1166096976663503,0.1125096996055,0.1082192493851692,0.1028296314380785,0.097,0.0905590377909914,0.0818959410722271,0.07179464822135,0.0601389881049861,0.0474433783680362,0.035,0.0246569183548027,0.0174450226160357,0.0114285567367145,0.0058653421153429,0.0011084352256104,-0.0029999999999999,-0.0070920506640367,-0.0119490745847469,-0.0170111456027746,-0.022114728713699,-0.0283766589121182,-0.0360000000000001,-0.0449550776263175,-0.0561062189602484,-0.06824460729033,-0.079199510320462,-0.0888232994622455,-0.0969999999999998,-0.1037801834733188,-0.1092802459664775,-0.113143640274162,-0.1161350669590076,-0.11836696395251,-0.1199999999999998,-0.1217234474509262,-0.1227244477895771,-0.1235161289174653,-0.1241340334174209,-0.1239651246613529
-0.1239999999999998,-0.1232699732528563,-0.1217887597840726,-0.1192576579921996,-0.1155502540526876,-0.1122715215332558,-0.1069999999999998,-0.1018113218858541,-0.0966414941537616,-0.0860127582125841,-0.0750622666720316,-0.0677748244576626,-0.0629999999999997,-0.0563262553096801,-0.04160360974641,-0.0270056793827094,-0.0197861649204925,-0.0150092266612313,-0.0099999999999999,-0.0064779496233263,-0.0041373365038228,-0.0012486268420124,0.000551074244863,0.0025312984696352,0.0049999999999999,0.0057959179379271,0.0073873922288429,0.0082207991577173,0.0080724214764312,0.0092692552089965,0.01,0.0100404763385326,0.0098595209721389,0.0105392317326555,0.011046271825561,0.0110974555453554,0.012,0.0119979830228888,0.0126001179766726,0.0131585785170876,0.0131169820293696,0.0141837850620348,0.0140000000000003,0.0138969491188201,0.0141500729624596,0.0138538060431654,0.0141011544467705,0.0139644246546212,0.0139999999999999,0.0132174921313099,0.0127871938851535,0.0129267827867878,0.0112998414638232,0.0111190401354511,0.011,0.0100117513875563,0.0101875073296866,0.009367650218696,0.0090437928178103,0.0088512487067953,0.0079999999999998,0.0080178740723911,0.0078428608482532,0.0086133009784283,0.0088208427775407,0.0078878278701885,0.0079999999999998,0.0072526892204878,0.006251738607746,0.0055112089473457,0.00486159598451,0.0049866006314511,0.0040000000000001,0.003072465996246,0.0024935537909401,0.00128670267966,0.0010008428752767,0.0010102471403527,0.002,0.0045012470887474,0.0069009316248691,0.0099790905033582,0.0131306014757937,0.0155131253915428,0.0190000000000001,0.0224687003164314,0.0253168633639216,0.0301206875225444,0.0343452203284692,0.0363699221306758,0.0379999999999999,0.0366555231833941,0.0332565733165707,0.0298519384083099,0.0248947598803123,0.0200331372666801,0.0130000000000001,0.0026509711100687,-0.001414966189509,0.0041651134171425,0.0119733763444693,0.0180982100538982,0.023,0.027289564740701,0.0297543248479595,0.0302285024788699,0.0317723075853586,0.0332205594912341,0.0349999999999999,0.0343878248722479,0.023336324733896,0.0124691551675104,0.008786733726769,0.0038969706225092,1.8947806286936004e-17,-0.0024098885113207,-0.0051837376904072,-0.0072719914038816,-0.0102221717526772,-0.0123117808045776,-0.0139999999999998,-0.0157251764050891,-0.0172333178155045,-0.0190942654889193,-0.0207063671826025,-0.0237499581768972,-0.028,-0.0329903219884078,-0.0375042929461285,-0.041385137978321,-0.045577681407933,-0.0485784150077039,-0.0519999999999997,-0.0532408589978495,-0.0516215182747723,-0.0496181649831407,-0.0447475163279739,-0.0386524643879642,-0.028,-0.0119705814237975,0.0004109625819681,0.0091637540735982,0.0194414061285363,0.0313125327274423,0.0409999999999998,0.048565196992425,0.0550521761322581,0.0594907553281824,0.063732037160722,0.0677850716585836,0.072,0.0761710324673983,0.0812039938085575,0.0885543186896598,0.0961278823814378,0.1062625255637609,0.1159999999999996,0.1196483769927643,0.1222131698957791,0.1265718346605876,0.1250967484328284,0.1111363316668527,0.082,0.0309652602483856,-0.0418830471757861,-0.1379629805784964,-0.2637409435939367,-0.4152332305295681,-0.591,-0.7822999927704745,-0.9741609352876788,-1.151119282161187,-1.2923613697085452,-1.3843705462675404,-1.3989999999999994,-1.3179034906270342,-1.1505702747803932,-0.91119298864358,-0.6342461664749163,-0.3559632859987154,-0.1159999999999998,0.0580127366637901,0.165495524994536,0.202534948458121,0.2060021738852363,0.2104853060663447,0.206,0.2027639924779814,0.2031194699842346,0.2003000141800707,0.2001350714355793,0.1984258169323161,0.1959999999999999,0.1937189131669245,0.1896680726687762,0.1855033569502495,0.1815003365691245,0.178349716163534,0.1739999999999998,0.1696366948765618,0.1669215216371361,0.164832944282897,0.1634806654126813,0.1615271843565567,0.1589999999999996,0.1565009014569152,0.1540105849387635,0.1514452620826706,0.1492125633798196,0.1477085301114628,0.146,0.144309356979024,0.1427028667629818,0.1409556394636954,0.1393931046387138,0.1375679990282454,0.1350000000000001,0.1331990732616431,0.1319528064116788,0.1292951764566854,0.1274499479611641,0.1254144393904632,0.122,0.1195681160525611,0.1154778706035615,0.1087227059017529,0.100767423412677,0.093796627221806,0.0879999999999998,0.0798306277925676,0.0707573519136348,0.0607204812645541,0.0498228206013712,0.0415212565264018,0.034,0.0263419283609073,0.0203488461119549,0.0132309140261359,-3.779227889964431e-06,-0.0145011887722459,-0.023,-0.0281380401485512,-0.0318105709898881,-0.0349186617766228,-0.0383297893189212,-0.0417679628096824,-0.0459999999999999,-0.0486273439111428,-0.0512640935214497,-0.055752624795998,-0.0592527884797608,-0.0628000293217871,-0.0669999999999999,-0.0711374296306949,-0.075432846915007,-0.0790879940193901,-0.0822726868915294,-0.0857481640153156,-0.0899999999999998,-0.0942924336031517,-0.0971814669322981,-0.0990866864278391,-0.1004457671851458,-0.1011245258954978,-0.1019999999999999,-0.102861637781417,-0.1036311697829086,-0.1044987984253125,-0.1055139603398228,-0.1073154944032614,-0.1070000000000001,-0.1044960407530355,-0.1016764582206342,-0.0969824304218801,-0.0920508021157473,-0.0853525684652853,-0.076,-0.0675918608025285,-0.0594291434791448,-0.0506335674248523,-0.0413387931083803,-0.0335010224087229,-0.0229999999999999,-0.007593729048653,0.0014068796963639,0.0053303563790961,0.0094341914894249,0.0113387255082953,0.0139999999999999,0.0158283825638826,0.0171560140129513,0.018662692127952,0.0171682585233038,0.0158196540547316,0.0139999999999999,0.0106075639727408,0.0079615341017624,0.0055001829880611,0.0030055135479533,0.0005117776224833,-0.0020000000000001,-0.0060074606721537,-0.0106340491725687,-0.0138102967571173,-0.0177256859400381,-0.0216899491850867,-0.025,-0.0291522461474193,-0.0332668635721485,-0.0379325172466867,-0.0428675834433077,-0.0467099363754327,-0.0499999999999999,-0.0518442718598025,-0.0525218519710297,-0.05419715862991,-0.05753450350136,-0.0617748687735508,-0.0629999999999999,-0.0583917739350995,-0.051355949525767,-0.0464672269319768,-0.0443349233712301,-0.0426267046912532,-0.0409999999999999,-0.040151638297831,-0.0393214437089305,-0.0385646034284181,-0.037448657674716,-0.0356178211991742,-0.0340000000000002,-0.0331188033083471,-0.0324177071870015,-0.0313626385796809,-0.0309524152516687,-0.030996392327844,-0.031,-0.0310433092451626,-0.0308538609207865,-0.0315310539543291,-0.0320763641107396,-0.032055738508513,-0.0330000000000002,-0.0338658381452278,-0.0346686743038425,-0.0351895258109336,-0.0348694998046437,-0.0350727873935645,-0.0350000000000001,-0.034879491567963,-0.035718190263738,-0.0363410530666244,-0.0377051696554336,-0.0391465314165687,-0.0390000000000002,-0.0397128912510046,-0.0408463818064648,-0.0412718292288643,-0.0426959195580538,-0.0442482049064208,-0.0449999999999999,-0.0450111929238486,-0.0454353227253399,-0.0470300710679574,-0.0486243574794779,-0.0503523593884479,-0.0520000000000002,-0.0543926286049734,-0.05720826957901,-0.0589741358280114,-0.0606985423420961,-0.0623673749056005,-0.065,-0.0675782597333712,-0.0703078832849005,-0.0746216413887123,-0.0791560732375633,-0.091281256646237,-0.1090000000000001,-0.1197178768711227,-0.1251746281418102,-0.1294909789533485,-0.1338857338626331,-0.1390173906397384,-0.1439999999999998,-0.1490546815758046,-0.153779792221417,-0.1599309280782243,-0.1663835163678538,-0.1706852550621329,-0.173,-0.1746055837146266,-0.176484620316021,-0.1779569297498295,-0.1817719614821252,-0.1822968674731618,-0.1729999999999999,-0.1598978472494125,-0.1436046666974094,-0.1243495295234432,-0.1056056169760311,-0.0873376825003254,-0.0680000000000001,-0.0482495411017177,-0.0362591478076544,-0.0315337043926072,-0.0272563469582475,-0.023192961675081,-0.0189999999999999,-0.0162664777107183,-0.0153081670325896,-0.0145245289304459,-0.0136057161184652,-0.0129471692543087,-0.0130000000000001,-0.0129007628593145,-0.0141815464768405,-0.0160500166164653,-0.0178110457609548,-0.0206435750413327,-0.0249999999999999,-0.0309668553887725,-0.0364854990550114,-0.0545263986357753,-0.0987889117355303,-0.1663039023310193,-0.258,-0.3746978902042772,-0.5168548840406458,-0.6834389372410202,-0.864329102294166,-1.0468550149169038,-1.214,-1.3494134319134743,-1.4321317529057946,-1.4392047492567923,-1.3567077758139905,-1.1841997555395354,-0.946,-0.67215534279028,-0.398742941088574,-0.1649670223238439,0.0068156469099025,0.0961692482496197,0.1189999999999999,0.1178034448527906,0.1044085150562443,0.0911602026619873,0.0866674256980099,0.0836485686507047,0.087,0.0939697430116847,0.0986809945216731,0.1051301261527056,0.1111207223610246,0.1160331738841352,0.121,0.1236837955051268,0.125270385627955,0.1270740750922973,0.1285840009276772,0.1304423612639175,0.1330000000000001,0.1348455159093611,0.135074911018441,0.1349714658431587,0.1349947716172766,0.1350244827896926,0.135,0.1341847274706212,0.1334086291957335,0.131807860547702,0.1287926019913966,0.1266211379820532,0.1239999999999998,0.1205841560851335,0.1179785318750994,0.1155014503618405,0.1128946035200853,0.109142874542916,0.1049999999999998,0.101673007926952,0.0982442239407882,0.095428030178295,0.0930091094440925,0.0905184059752027,0.0880000000000002,0.0847131161667207,0.0812654256439197,0.0781104613256604,0.0743943319091626,0.0702164421762023,0.0670000000000001,0.0630554762044248,0.0573893247268414,0.0508146277128738,0.0401615343588903,0.0277212941336472,0.019,0.0130504259965638,0.007991147552406,0.0029749188439921,-0.0019449997123397,-0.0070856359986401,-0.0129999999999998,-0.020314341247834,-0.0288525159557969,-0.0363859813046235,-0.0443783838997641,-0.052432210192847,-0.0579999999999999,-0.0622581289716754,-0.0656706763795356,-0.0690914567578755,-0.072046734614546,-0.0745390024698341,-0.0769999999999999,-0.0778616889632791,-0.0791643420542157,-0.081128693923108,-0.082574406272617,-0.0844229758549619,-0.087,-0.0896483775845614,-0.090765197779273,-0.0912794532967362,-0.0902888712784757,-0.0873396879235563,-0.0830000000000001,-0.076359412668118,-0.0694935095620528,-0.0590440758043901,-0.0460361779601147,-0.0361929885190748,-0.0270000000000001,-0.0193012912491091,-0.0126891472380771,-0.0065690623955877,-0.0023236665409701,0.0032330776638503,0.009,0.0140587453376093,0.0179818380291542,0.0204172837911089,0.0229545181137561,0.0241216142768214,0.0249999999999999,0.0266453420597695,0.0284106829282228,0.0295649072335743,0.0304989437268556,0.032333819546167,0.033,0.0337339737376633,0.0348169408426334,0.0353481035188847,0.0364428150320421,0.0371248259878331,0.038,0.0380617129070458,0.038411867749205,0.0397200734208613,0.0403052496486847,0.0425308086066362,0.0439999999999998,0.0446746778662553,0.0464539868219716,0.0478022226362142,0.0498878644721076,0.0511314149561894,0.052,0.0529669037004694,0.0529306883725836,0.053130475556151,0.0528580775866066,0.0530986759483373,0.053,0.0528256675782065,0.0538555930141631,0.0538965339575233,0.0543087120006136,0.0551360950718001,0.0560000000000001,0.0569160747737255,0.0574477714016404,0.059114638911979,0.060350241856504,0.0612094127842642,0.0619999999999999,0.0619936396601214,0.0620565217955393,0.061891003808456,0.0621470786314906,0.0618323648234851,0.061,0.0609869247811027,0.0609810491553496,0.0610518876931179,0.0609331349911414,0.0610525876502174,0.0609999999999999,0.0608790628871904,0.0617498340207221,0.0620550003951663,0.0620248806539716,0.0619159906926794,0.0609999999999999,0.0600849902249379,0.0599931861410917,0.0596620706680826,0.0587098975534804,0.0591240292355752,0.0579999999999999,0.0551644194052054,0.0564957412517997,0.0599762459809934,0.0612993700993379,0.0622936630163443,0.064,0.0648693500298182,0.0657210307065023,0.0658167820403883,0.0644828354307465,0.0638701719521485,0.062,0.0601392023778429,0.0591149755296858,0.0557980879374037,0.0531643888680149,0.0501641262571298,0.0449999999999998,0.0401151422516516,0.0333267558751661,0.0251867791212715,0.0184108518260673,0.0115796367014403,0.005,-2.087980871043429e-05,-0.0051114197027093,-0.0091979226799826,-0.0124227745275114,-0.0168953290255852,-0.0209999999999999,-0.0280662655103926,-0.0377140409593973,-0.0454583732594782,-0.0529823178821414,-0.0591161521895162,-0.0659999999999999,-0.0745769065686163,-0.0802859823353595,-0.0845512379148352,-0.0884613261757518,-0.0915702567980224,-0.0939999999999999,-0.0957904429288149,-0.0957588482273965,-0.0935452617274023,-0.0907110289077198,-0.0859412678873475,-0.0810000000000001,-0.0726925232975146,-0.0568133231418697,-0.0408330158770928,-0.0284117610058506,-0.0195233356524978,-0.013,-0.0049678053298562,0.0064030698115226,0.0208451717213802,0.0335291498912048,0.0410893625642325,0.044,0.0455797755632838,0.0475531832450242,0.0484212951070072,0.04946341480191,0.0500365018306099,0.0499999999999998,0.0478551830432931,0.0434158951428342,0.0395050869116289,0.0274620798876927,0.0004981325811142,-0.0400000000000001,-0.0976929381187517,-0.18050943962304,-0.2934625281286876,-0.43717395579322,-0.6092655987728316,-0.7989999999999999,-0.9938370587807116,-1.1753858859465836,-1.3214155312473828,-1.4143756273254986,-1.4316087591800395,-1.3629999999999995,-1.2085957496041837,-0.9806819538261676,-0.7103456123603648,-0.4285563846495319,-0.1813629525099103,0.001,0.1063405917363101,0.1327982959920416,0.1288097935447576,0.1154866077455661,0.089071837518866,0.0789999999999998,0.0859989987102749,0.0979272072472219,0.1129109494214048,0.1237417675813966,0.131318881613062,0.1359999999999999,0.1394300611931333,0.140675777456949,0.1385090006777636,0.1358301732413199,0.1323820399910966,0.1309999999999999,0.1295033178498328,0.1278004691868655,0.1284736245513563,0.1272040424701407,0.1258839622125209,0.1249999999999998,0.1225029645355555,0.1201112181613109,0.1169994723223912,0.1138770017623019,0.111533340060129,0.1089999999999998,0.106491604256636,0.1040004650576095,0.101531745262822,0.0988273587031509,0.0952451677342593,0.092,0.0895631213785337,0.0863447045072436,0.0833067825127637,0.0812546233273362,0.079725087068018,0.0779999999999999,0.07543685141722,0.0737090603743971,0.0713301392508652,0.0671777030500993,0.0601534239626889,0.048,0.0361822731725453,0.0239644148224324,0.0093709682670826,-8.9911872178037e-06,-0.0078661008612294,-0.0179999999999998,-0.0242447600277034,-0.0276896046132745,-0.0306953160781068,-0.0328452938143489,-0.0356392300072131,-0.0390000000000002,-0.0423312903513375,-0.0456692453262815,-0.0490050144351376,-0.0523091309701849,-0.0557322908795551,-0.0599999999999999,-0.0649733099466137,-0.0700906714670803,-0.0743840388432394,-0.0767341544626121,-0.0783449909357551,-0.08,-0.0808458642555623,-0.0821317294676189,-0.0842534442088709,-0.0852544487131545,-0.0863224021633973,-0.0879999999999999,-0.0880893801583674,-0.0879355849623692,-0.0877733314527707,-0.0863404734070274,-0.0846165525431347,-0.0820000000000001,-0.0794069630565332,-0.0772011528122496,-0.073972709728023,-0.0706366335427409,-0.0658576156483237,-0.0599999999999999,-0.0557703097502675,-0.0513037986344907,-0.0451604144069941,-0.0379711952099381,-0.0290966050012838,-0.02,-0.0138935276305859,-0.0096609688168256,-0.0057443515520549,-0.0030236684288091,-0.0004631229912157,0.002,0.0044171544905029,0.0075893040480895,0.0115291787876776,0.0178549492631106,0.0254709509570472,0.0319999999999998,0.0371744952352599,0.0407312084477921,0.0440529283186417,0.0468825299901291,0.0466994788743362,0.0440000000000001,0.0399612595568401,0.0349427927837524,0.0303707742839985,0.0265231154279078,0.0234809721569447,0.0209999999999999,0.0176780213209663,0.0148036852313544,0.012933946522283,0.0115438512018781,0.0108744380016021,0.0099999999999998,0.0091655930542557,0.008262734565634,0.0079470951623274,0.0078091963346756,0.0068611057732188,0.007,0.0063107608047071,0.0051221234339454,0.0047214289773248,0.0034883619447257,0.0029258655504954,0.002,0.0018120886805816,0.002374327495758,0.0012078517727187,0.0011644069353939,0.000778790994316,2.0210993372731735e-16,0.0008551269627923,0.0010840679474146,0.0009589367045748,0.0010340882835151,0.0009228291420264,2.0210993372731735e-16,-0.0001597586579608,0.0003201321396967,-0.0005581791160947,0.0012835248740102,0.0059354905164119,0.0099999999999998,0.0134136391030312,0.0160437599236764,0.0184778704664531,0.0210261211692266,0.023431590357006,0.0249999999999999,0.0265900120265245,0.0285067988234151,0.0294981769067676,0.0303720952017718,0.0311309613218891,0.0319999999999999,0.0335887437435635,0.0356282220547802,0.0352616352619255,0.0311478807489501,0.0273857238943673,0.025,0.0240872263811218,0.0229714263630907,0.0206510003734647,0.019779033412575,0.0187548568605321,0.0180000000000001,0.0165100037958763,0.0143519703290147,0.013416146210941,0.0107904360012342,0.008664444874821,0.0060000000000001,0.0032751021032785,0.0008032711246502,-0.0080643641911601,-0.0169346858977278,-0.0219077025628403,-0.0259999999999999,-0.0284940413686569,-0.0315468172845028,-0.0353119896013451,-0.0399906779244116,-0.0450391663038062,-0.0520000000000001,-0.0613337296869565,-0.0685053373390771,-0.0749589206841993,-0.0816044207721099,-0.088486617121533,-0.0969999999999998,-0.1082592752314417,-0.1229999677888609,-0.1371826933578244,-0.1476757932429801,-0.1540083582596123,-0.1579999999999999,-0.1598190130851825,-0.1615472046678761,-0.165101172722781,-0.1659752861953918,-0.164349805513744,-0.1559999999999999,-0.1447442047787978,-0.1344395156583651,-0.1118148128318812,-0.0867807929849405,-0.0640214906971509,-0.0390000000000003,-0.0257294825981097,-0.0148363802497842,-0.001488685846919,0.0051361664392036,0.0112495312393099,0.015,0.016635067878243,0.0170685273832978,0.014319948135816,0.0141167340113367,0.0109390001373346,0.0089999999999998,0.0193584541391963,0.0306601274613776,0.0390443445465577,0.0464176460012378,0.0478920020267072,0.0459999999999999,0.0406693204771365,0.0288382187329869,-0.0007567471706294,-0.0555454683272811,-0.130875853183926,-0.231,-0.3524056222054574,-0.4952630992540621,-0.6586583185760394,-0.8311960278129432,-1.0137145247683017,-1.1869999999999998,-1.3353214477513955,-1.4396869111571875,-1.4718415483025884,-1.4458418776965116,-1.3402795821933926,-1.1329999999999996,-0.8680545165138303,-0.5867709492555099,-0.325443346763846,-0.1128050107278193,0.0141656334054008,0.0549999999999998,0.0605570889223421,0.032136025230501,-0.0086468845459075,-0.0225662009453607,-0.0190362082370654,0.0040000000000001,0.0357606478155366,0.0568484575535576,0.0664126321245671,0.0688485499418419,0.0728200035137211,0.0739999999999999,0.0738050833433828,0.0739261636515611,0.071303622848242,0.0690374180785618,0.0651683091456848,0.0619999999999998,0.05594386191237,0.0460695185484407,0.0396185873758683,0.0356370244124801,0.0336656497917317,0.0310000000000001,0.0290812873488357,0.0281496696363861,0.02508615358945,0.0235963281853805,0.0213992108329387,0.0189999999999998,0.0174782139270521,0.0146333959170324,0.0083274777984247,-0.0096555483191689,-0.0319632266244173,-0.046,-0.0539061163417826,-0.0579779447504381,-0.0605193090012622,-0.0627956993258805,-0.0643030540630831,-0.0659999999999999,-0.0675812805223291,-0.0704873040592947,-0.0738888728825912,-0.0755358790235492,-0.0774765315656656,-0.08,-0.0831924557791317,-0.0873489609154714,-0.0920830809059032,-0.1014119325926608,-0.1131730008724244,-0.1219999999999998,-0.1296164248531895,-0.1353898421094072,-0.1393184567731745,-0.1439755745288467,-0.1489919120726841,-0.1539999999999999,-0.159717899126906,-0.1663481634176235,-0.1729421824415724,-0.1796683528324195,-0.1847889723049651,-0.1879999999999998,-0.1914528172631886,-0.1933914742171475,-0.1953744951853245,-0.1978558182458394,-0.1992925873922944,-0.201,-0.201850499658384,-0.2031858709045336,-0.2050560824801428,-0.2068292621451622,-0.2095370699760032,-0.2119999999999999,-0.2153794062859165,-0.2167909367962282,-0.2138242877777759,-0.2088159394172985,-0.2028396164094144,-0.1979999999999999,-0.1931153160774195,-0.1877447367071222,-0.1838529651668957,-0.1807943983053546,-0.1771425878337519,-0.1719999999999999,-0.1663312007672771,-0.1581690565372318,-0.1476969624041131,-0.1384347345303799,-0.1290302817406562,-0.1189999999999999,-0.1090046629280472,-0.0990160332146622,-0.0888765866466347,-0.0796417685725538,-0.0742150664703044,-0.071,-0.0676423455104097,-0.0648181877564068,-0.0630150299141117,-0.0611346001528766,-0.0584547959286613,-0.056,-0.0535133698960725,-0.0510271033209118,-0.0481659398660266,-0.0445450620001085,-0.0414459638979436
-0.039,-0.0365880734168756,-0.0332998937314396,-0.0304258167495562,-0.027828073878971,-0.0243390930985961,-0.0219999999999999,-0.0196187511685056,-0.0163740406468448,-0.0126715775276991,-0.0081362402594164,-0.0027502255197831,0.0049999999999999,0.0119645389316162,0.0168321727390324,0.0227405904269919,0.0302445973353748,0.0401177307185922,0.0499999999999998,0.0569467744173848,0.0614724467648328,0.0654186912042649,0.0695785919379144,0.0725339943918859,0.0759999999999998,0.0802633369818917,0.0836504377179818,0.0870911771718462,0.0900990145137872,0.0924157573714579,0.0940000000000001,0.0955854823463455,0.0975357452447384,0.09841434249995,0.099619206084393,0.1013097165282937,0.1029999999999999,0.1054943440694956,0.1079226872736524,0.1109461359022279,0.1141786914538123,0.1164289276531185,0.1189999999999999,0.1215903262062992,0.1233667301982677,0.1249857276866164,0.1266725265303913,0.1283310604833669,0.1300000000000001,0.1316697005770964,0.1333256874152852,0.1350133456736143,0.1366486083267802,0.1383505326885718,0.1399999999999999,0.1415944580787724,0.1439849542711223,0.1461911588389456,0.1475358726810893,0.1494117777464247,0.1509999999999998,0.1518313422542447,0.152692319413465,0.1534570878710578,0.1543791363721774,0.1551353953626411,0.1559999999999999,0.1568770708917933,0.1575739976154619,0.1586378007214625,0.1591629114082875,0.160352388350101,0.162,0.1627704859022018,0.1643575445181884,0.1655703982237971,0.1665084613624183,0.1683351106339849,0.169,0.1689636493302329,0.1691075942822694,0.1685762317688688,0.1676441660683962,0.1667936261682525,0.1649999999999999,0.1625061552696617,0.1595732474333077,0.1554626416853678,0.1510404915484295,0.1413455753982573,0.1249999999999999,0.1111723833162435,0.1009488772021478,0.0914737045148121,0.084673408949005,0.0801645576479939,0.0759999999999999,0.0725158897776619,0.070464082329448,0.069954285875429,0.0722009964501578,0.0757541985949832,0.0809999999999998,0.0885101851366312,0.0965565688918268,0.1093731604435322,0.1228497570267243,0.1332183911272821,0.1479999999999997,0.16561151585847,0.1815739538572745,0.1938636697699869,0.2042869239811962,0.2148709916898861,0.2209999999999997,0.2258710575388126,0.2308124954434755,0.2333880471224672,0.236159777263045,0.2383476432970222,0.24,0.2416450767694958,0.2438299499034651,0.2471040706544956,0.2523970785075038,0.2560315575372492,0.2480000000000002,0.2277514556409428,0.1900476080341575,0.1279114983636077,0.0431204422914908,-0.0700816320517009,-0.2109999999999996,-0.3753451754620475,-0.5610276835484584,-0.7571464353294671,-0.949579732242589,-1.1236508427318546,-1.2619999999999996,-1.3367808858550836,-1.3276105634477502,-1.223467646231193,-1.0248390733890749,-0.7631222425415402,-0.4669999999999997,-0.1796351678878608,0.0544120834190265,0.2235273585934277,0.3015765910256312,0.3107049270916644,0.3050000000000001,0.2833178285905307,0.2640862850309617,0.265356025096153,0.2693864675109635,0.2740699943981031,0.2780000000000002,0.2798054635485515,0.2788497358684527,0.2739275783019968,0.2713426863673926,0.2695706375349814,0.2679999999999999,0.2672448899781036,0.2661103554848881,0.2661158976570779,0.2656919142037768,0.2648631744447177,0.2639999999999999,0.2623687632816806,0.2605882170234079,0.259379133814881,0.2587416078496306,0.2577968185505052,0.257,0.2561976067799025,0.255277876231482,0.2545866936581784,0.2534515003872847,0.2516039943190979,0.2499999999999999,0.2485282290452794,0.2448531123848421,0.2404251289841906,0.2362046378297109,0.2308832250710952,0.2250000000000001,0.2176612600857641,0.2085360618122466,0.196093121245139,0.1833272926934198,0.174318129896625,0.1650000000000001,0.155758198217484,0.1462787532342452,0.13593806244259,0.1281022733080901,0.1203859422523061,0.113,0.1064625054952695,0.0984789924277761,0.0898055812472955,0.0822492455888892,0.0771153729207478,0.073,0.0696234536974148,0.0659658845001794,0.0606740319905391,0.0542423059932603,0.0464059156923611,0.039,0.031508324464586,0.0248924039977494,0.0204894910124017,0.0165167741351246,0.01319196060249,0.0049999999999998,-0.0077885358690168,-0.0162182672182404,-0.0197448048583218,-0.0218499573539572,-0.0245930555451449,-0.0269999999999998,-0.028634407439968,-0.03044743044684,-0.0315879639377632,-0.0321437378499966,-0.031925913779578,-0.0319999999999999,-0.0321159781299627,-0.0313115736061805,-0.0305560688080388,-0.0296173934136212,-0.0288213962257908,-0.0269999999999998,-0.0244300615459159,-0.0222066265663258,-0.0188770291261646,-0.0160743308140908,-0.0131003929130594,-0.0039999999999999,0.0097334752565854,0.0172036065782498,0.0189753754886661,0.0226634576942973,0.0253275298936977,0.027,0.0288275706131084,0.0294897043058266,0.0310966668412346,0.03235713582117,0.0332068697278247,0.0339999999999999,0.0339976699917049,0.0340459055009694,0.0339093062957273,0.0341238375619439,0.0338520018885795,0.033,0.0329402736536478,0.0331301757100193,0.0325173233107372,0.031863009207512,0.0319884740413276,0.0309999999999998,0.0300677279346779,0.0294940887771711,0.0283208753197324,0.027816412464504,0.0267543103757164,0.0260000000000001,0.0245238412415285,0.0219023345482957,0.0193529121226158,0.0153704569197408,0.0124846169400781,0.0079999999999999,0.0019312259058329,-0.0029286831583002,-0.012093578067289,-0.0208322835277713,-0.0245461370674727,-0.0269999999999998,-0.0286647205965283,-0.0308463937265481,-0.0335404449645706,-0.0331448604341966,-0.0261929661778876,-0.0179999999999999,-0.0144556617516707,-0.0119754057961754,-0.0099225780595937,-0.0081627946547501,-0.0054950953541874,-0.0040000000000001,-0.003237455309597,-0.0017015240211148,-0.0002326394961294,-4.759945287235546e-05,0.0001072842712482,0.0009999999999999,0.0018419284194014,0.0026582704177482,0.0035158367269815,0.0042921341993341,0.0052599301557112,0.0069999999999998,0.0079542298251551,0.0084336991272164,0.0100829646639644,0.0114348048183631,0.0120708963665304,0.012,0.0126671521996217,0.0144268211314064,0.0158508478206155,0.0178412013373296,0.0191545610930651,0.0199999999999999,0.0216525835301499,0.023334973510434,0.0249807273997507,0.02683189762997,0.0295767607133711,0.0319999999999999,0.0344497025965688,0.0366633723344841,0.0373088584954088,0.0385984170804971,0.0388599168238902,0.0379999999999999,0.0380844639820161,0.0368348182120782,0.034913903503511,0.0332484914926768,0.0303216688219969,0.027,0.0237503729324561,0.0197274641117748,0.0148646804320133,0.0054839978598404,-0.0074630159742286,-0.0169999999999999,-0.0245433804719958,-0.0309830473409875,-0.03614228205627,-0.0429014807016348,-0.0505817209709779,-0.0589999999999999,-0.0686911701386098,-0.0815928976297845,-0.0940183387282836,-0.1042134540364059,-0.1164769584996491,-0.1270000000000002,-0.1369399593866179,-0.1457694324705574,-0.1508268888781283,-0.1561072713043296,-0.1594458967825946,-0.161,-0.1597394446860073,-0.1556342381711827,-0.1510842142017274,-0.1437980144067671,-0.1351522608482384,-0.124,-0.1114894828679338,-0.0984799764990943,-0.0854098594723846,-0.0750885915651269,-0.0666252281208425,-0.063,-0.0591114789434565,-0.0546720045394851,-0.0529891728736426,-0.0496898289464216,-0.0490836687531603,-0.0480000000000002,-0.0468365485052927,-0.0474001280697262,-0.0465024810365736,-0.0474319703954634,-0.0467944388674693,-0.0479999999999999,-0.0499018144872777,-0.0513635332394519,-0.0554645711578985,-0.0580865842498581,-0.0631643674799816,-0.0699999999999998,-0.0918358828381852,-0.1335656622528701,-0.1917514931092424,-0.2794260250704363,-0.3900528317687189,-0.5319999999999999,-0.7000814959129323,-0.8813382923498312,-1.0761171217188767,-1.2566283075540146,-1.4146160022755014,-1.5089999999999997,-1.520304445576779,-1.470227214475503,-1.3069639858672717,-1.038552807696402,-0.7259933481162167,-0.4179999999999999,-0.163847990691225,0.0155698611601163,0.0904654825039019,0.1038886020009921,0.0937488245697715,0.0499999999999999,0.0230700547082058,0.0146956697264009,0.0166019669097892,0.0311262218088135,0.0327510916043134,0.0369999999999998,0.041068741826892,0.0421080491223284,0.0460891485532522,0.0459177202868028,0.0485653989647792,0.048,0.0484383602428657,0.0496901658188497,0.0487117372823215,0.0505657449669631,0.0484363915750284,0.0479999999999999,0.0458974195657112,0.0429402048275178,0.0424055934012003,0.038467306332844,0.0380742178651386,0.0349999999999998,0.0312257745719262,0.0284887196467073,0.0178670905452326,0.0070893535723446,-0.0016035858972811,-0.007,-0.0102355095658413,-0.0134636938928109,-0.014620314264827,-0.017215867605549,-0.0192777955665989,-0.0209999999999999,-0.0234815741092124,-0.0265350168080541,-0.0298280614718604,-0.0317549331423622,-0.0346668387598505,-0.0379999999999999,-0.04211558083423,-0.0465956158595677,-0.0543351314945683,-0.0650597904342109,-0.0723038092635606,-0.08,-0.0861945535208274,-0.0906034266245703,-0.0964974997974441,-0.1003975025775419,-0.1050650329543154,-0.11,-0.1149294389214388,-0.1196634764250521,-0.1229055775535554,-0.1262423719768659,-0.128450463337666,-0.1319999999999998,-0.1354468307614105,-0.1389724289322212,-0.143872016763145,-0.1473653185184912,-0.151997822429293,-0.156,-0.1600464839257997,-0.1640625761737875,-0.1665555045550903,-0.1707448741174071,-0.1733589898490607,-0.176,-0.1787546220398708,-0.1799911952815235,-0.1828076998385897,-0.1844572953720732,-0.1866275287196298,-0.1899999999999999,-0.1931863576960907,-0.1975394707481973,-0.200394371219964,-0.2010441011795789,-0.1994527520616374,-0.1949999999999999,-0.1884132685312184,-0.1812471209997756,-0.1720302552816021,-0.1604087671985353,-0.1515082907456103,-0.1449999999999998,-0.1405753294963456,-0.1376148529832912,-0.13331728962283,-0.129698618408799,-0.1262694329670411,-0.1229999999999997,-0.1205077026044744,-0.1179715380798798,-0.1155065850762177,-0.1131536898988373,-0.111737927945019,-0.1099999999999999,-0.1090240282172486,-0.1085771881655762,-0.1071743371244627,-0.1071363200036939,-0.1068317029228602,-0.1059999999999999,-0.1052390742230412,-0.1041533609223802,-0.1040007155436076,-0.1040795635801337,-0.1053771473898312,-0.1069999999999998,-0.1077863321635871,-0.1092262845265678,-0.1113679427111588,-0.1141115234632956,-0.1164224485004372,-0.119,-0.1223481160223948,-0.1255906398826265,-0.1293514244396102,-0.1339408966333854,-0.1389582973692261,-0.1429999999999998,-0.1470809917007161,-0.1515023640657482,-0.1550636401288102,-0.1580319903511884,-0.1590840893599026,-0.1599999999999997,-0.1617490877837906,-0.1626750601054874,-0.1635407280361346,-0.1642742864765399,-0.1652113633241348,-0.166,-0.1667610536948548,-0.1678534103405926,-0.1679404355219266,-0.1682459375052886,-0.1691913093829501,-0.1699999999999998,-0.170083364875277,-0.1698407263993504,-0.1702500413546832,-0.1695683754773602,-0.1690112102974349,-0.169,-0.1673503398722196,-0.1662181484259205,-0.1652866278043773,-0.1631084643949671,-0.1618564892538151,-0.161,-0.1593457528597504,-0.1576835588408421,-0.1559278213732059,-0.1545640739289594,-0.1538635967688335,-0.1530000000000001,-0.1521644290345602,-0.1512862186938808,-0.1508757798258695,-0.1509534434552916,-0.1496193431259607,-0.148,-0.1472222869350356,-0.1456859166604128,-0.1443171282494914,-0.1437813163746159,-0.1427733409831025,-0.1420000000000001,-0.141248344605032,-0.1400999319385978,-0.1403857899854612,-0.1413338721269962,-0.1422460781385159,-0.144,-0.1456924132573273,-0.1473095629428563,-0.1490060500586028,-0.1506833996438766,-0.1523030102090088,-0.154,-0.1564866356888992,-0.1589365223952801,-0.1619371646707038,-0.1651659135774978,-0.167489802183896,-0.171,-0.1752122213045581,-0.1792075110183927,-0.1841120138595101,-0.191125707184739,-0.1996177952135106,-0.206,-0.2117168674140761,-0.2179020159858396,-0.2231384868110676,-0.2299794065398009,-0.2374782109608347,-0.2460000000000001,-0.2561831157312454,-0.2641385399437547,-0.2715704067237162,-0.2784455555819903,-0.2827043215490686,-0.2850000000000001,-0.2836546682575998,-0.2798386756738315,-0.2748111111043084,-0.2679023613204375,-0.2560586318344902,-0.2390000000000001,-0.2231379312665674,-0.2061459976932347,-0.1900197722436114,-0.1809728887474192,-0.1734882620889807,-0.167,-0.1597969842625518,-0.151322869008981,-0.1464984564977429,-0.1421611561289008,-0.1383701116864516,-0.1349999999999999,-0.1314765345826182,-0.1296216376088226,-0.1282654780370067,-0.1278582103415005,-0.1267984350608057,-0.128,-0.1307047532138486,-0.1328652537768331,-0.139031676552844,-0.1433738994238282,-0.1534827685228071,-0.1849999999999998,-0.2391039794976174,-0.3207354799848964,-0.4327802891396445,-0.5737684198386118,-0.739785285886227,-0.9209999999999996,-1.1043725654696106,-1.2753306383950789,-1.418597646344429,-1.5141829227786852,-1.5406075922531504,-1.477,-1.3253255105261823,-1.10149987723358,-0.8254369993460843,-0.5480648269308909,-0.3051986270102848,-0.1269999999999999,-0.0395349013535706,-0.0047713289831325,-0.0014423337232511,-0.0285074522547464,-0.0524523698476411,-0.062,-0.0632435527989462,-0.0626298735223706,-0.0633658394185127,-0.0627345152497322,-0.0631160985844976,-0.063,-0.0637348066584715,-0.0642539656879915,-0.0641089741132858,-0.0654447018054035,-0.0647926280887105,-0.065,-0.0644726593915231,-0.06229571937429,-0.0617850190239659,-0.060204318003163,-0.0588302441307402,-0.058,-0.0571284661370845,-0.0563629506764226,-0.0557674137406896,-0.0561601072505972,-0.055926599935711,-0.0559999999999999,-0.0553119098904508,-0.0540879401941934,-0.0538246824302898,-0.0521973657998652,-0.0508408511442568,-0.05,-0.0483508045691676,-0.0466532363812117,-0.0450426824719671,-0.0431355696389573,-0.0404547126521651,-0.0379999999999999,-0.0347937608546126,-0.0307783602554152,-0.0249954615544727,-0.0115799955561282,0.0065012399602606,0.0219999999999998,0.0390425158554718,0.0592239457134139,0.0785615746559306,0.0997224442408022,0.1195909588915551,0.1369999999999999,0.1590505871487426,0.1844809729441793,0.2107987491275116,0.2359626154905547,0.2641763934095339,0.2939999999999998,0.311479392532049,0.325852341506636,0.3430464617581368,0.3559596166777675,0.3714157237228053,0.387,0.397424755131738,0.4035848010527186,0.4068586741719829,0.4103741840882985,0.4121872839645952,0.4129999999999998,0.4132094692316654,0.4113295119980757,0.4072880363551657,0.401855677769986,0.3970016767002953,0.391,0.3850912770142912,0.3789838264286581,0.3715993510810685,0.3660591967808542,0.3624474892529702,0.361,0.3594116808899654,0.3580323667494725,0.3578080965591555,0.3564132688273644,0.3559768378913968,0.3549999999999996,0.3540223800459748,0.3535744386359128,0.3524269104085798,0.3538084475526369,0.3551824899251076,0.3569999999999997,0.3596782545684457,0.3611006177391201,0.3636889604538601,0.3655756353996694,0.3674803694568596,0.3690000000000001,0.367455529410204,0.3651356087931046,0.361967616979967,0.3589206517820903,0.3564906288578778,0.354,0.3523049122937969,0.3506798980060597,0.3490030229325394,0.3473351272990476,0.34561746862233,0.343,0.3403622322992674,0.338740527818193,0.3368461490101724,0.3355454940544897,0.3334093231535268,0.33,0.325424386419311,0.3163581110202542,0.3059574804277423,0.2982582580119149,0.2931883309750996,0.2900000000000001,0.2866873784725922,0.283374825618687,0.2795993415706225,0.2754467386488308,0.2724285085571752,0.2689999999999999,0.265571980583151,0.2625518467286357,0.2584020449074887,0.2546262823293573,0.251306655049426,0.2479999999999997,0.2454988484437691,0.2429092616286941,0.2409744306887505,0.2391320120617282,0.2364854357098941,0.2339999999999999,0.2299680854161316,0.225480916796409,0.2216972705552164,0.2171578712661733,0.2132855236803246,0.2089999999999999,0.2038734131265629,0.2001864199803089,0.1973488703488722,0.195298718003359,0.1936434283747865,0.1919999999999996,0.1911762742280949,0.1898077524747683,0.1878717649367386,0.1864523955137255,0.1845421979427188,0.1819999999999997,0.1794886854890758,0.1770446353624864,0.1741865854339573,0.1703908471571608,0.1661031261160777,0.1609999999999999,0.1558069297471091,0.1527703146757928,0.1507323743040509,0.1475517446757778,0.1429743329271857,0.137,0.1302490272748638,0.1251389135649341,0.122935145471831,0.1212852619410464,0.119776285340559,0.1190000000000002,0.1181456869674756,0.1174448074061134,0.1160139144052136,0.114530472011595,0.1138698291319068,0.1129999999999999,0.112199272951677,0.1107832315873032,0.1088915674682119,0.1074596740755678,0.1054285900483234,0.0999999999999999,0.0901595416922892,0.0798253402150621,0.0701661329386529,0.0598326345317238,0.0502314355201788,0.0429999999999999,0.0379867087611953,0.0321627049329962,0.0231743790577199,0.0105693043995266,-0.0038957653218113,-0.0179999999999998,-0.0308291579849836,-0.0400723770788631,-0.0472060719964019,-0.0530013833808865,-0.0567442248384188,-0.0609999999999999,-0.0630308686060643,-0.0624209958002158,-0.0606495101294935,-0.0557655547550644,-0.0496465833424904,-0.04,-0.0280313529744343,-0.0188218207239997,-0.0085057049385352,0.002025813782382,0.0138031673121397,0.0299999999999998,0.0408833330440169,0.0452592975915847,0.0497688289817015,0.0530868424115295,0.0555095983194965,0.058,0.0597533432294214,0.0607067655265864,0.0615255054415195,0.0621110287272949,0.0620373000003881,0.063,0.0631126669093213,0.0633124682688159,0.0648567336653111,0.0651893662255211,0.0674013113097183,0.061,0.0321796742795855,-0.0155386934508527,-0.0839374470211908,-0.1771654942924938,-0.2927956093339618,-0.4289999999999999,-0.5861373680717263,-0.7613304207866033,-0.9429635763527218,-1.1161814144907387,-1.263773594125875,-1.3729999999999998,-1.4251223778122797,-1.3926225853675291,-1.270582755779199,-1.0706472665429487,-0.813536422822363,-0.5329999999999999,-0.2655785633046068,-0.0482402273637223,0.0922159427463932,0.152662969558704,0.1567680138155366,0.1320000000000001,0.1043863792147991,0.0963873466842006,0.103786364266787,0.1261210167756615,0.1577150574773868,0.1749999999999998,0.1819730832172983,0.1839464032191617,0.1771960244935,0.1686767513893279,0.1603522167335375,0.153,0.1463010096237781,0.1406492529153794,0.1366117330757301,0.1323752241124035,0.1294928946831514,0.1259999999999999,0.1217130751600603,0.1184061491286262,0.1146128204966792,0.1101414548403581,0.1048716988291307,0.0989999999999999,0.0938512702804825,0.0897875476764752,0.0849975083728893,0.0800362581277066,0.0733313165633808,0.064,0.0578703684234904,0.0531600746079232,0.0481425004125836,0.0447007590577101,0.0413863391404348,0.0389999999999999,0.0357994495433962,0.0317918121334949,0.0264463716223963,0.0190896252328816,0.0126553143725991,0.0030000000000001,-0.0096713679255842,-0.0198999304448091,-0.026558742598276,-0.0303316532409074,-0.0336454614255018,-0.036,-0.0376203754808293,-0.0394465034155679,-0.0407945434083021,-0.0432189524026911,-0.0482911740018033,-0.0570000000000001,-0.0678173147730975,-0.0786426005494555,-0.0897703030088104,-0.1020626125215861,-0.1142489797789125,-0.1230000000000001,-0.128215813566532,-0.1317111196406332,-0.1350259446869781,-0.1381329601145948,-0.1404564008491954,-0.1429999999999998,-0.1455115664000775,-0.1480107124490009,-0.1504250236170438,-0.1532537872585535,-0.1566579105504456,-0.1599999999999999,-0.1648668349807383,-0.1705901432115584,-0.1771398100957328,-0.1854343259184968,-0.1934968196359031,-0.1999999999999998,-0.2058154138791492,-0.2113516319480934,-0.21491338941869,-0.2188249853197324,-0.2239857497021241,-0.2279999999999999,-0.2287116792475629,-0.2220872644570353,-0.2114096519348079,-0.1983016496084459,-0.1830327255524238,-0.169,-0.1538390239989237,-0.1425489404793649,-0.136963870360887,-0.1322513096549851,-0.1296304389792905,-0.1279999999999999,-0.1271123981088996,-0.1263296761410067,-0.1258938939045716,-0.1258325719247538,-0.1248644036834311,-0.1249999999999999,-0.1242258835006282,-0.1238331778557423,-0.1237648034551937,-0.1227055622658861,-0.1230453453886094,-0.122,-0.1218350534426105,-0.121766444446232,-0.12001774916432,-0.1202321351356543,-0.1198037383040811,-0.1190000000000001,-0.1174660542749527,-0.1154939527774668,-0.1138958143711943,-0.1106853013948469,-0.1086864017152939,-0.1059999999999998,-0.1025534771094973,-0.0995576045177265,-0.0957130302505314,-0.0929559122605317,-0.08909080811999,-0.0849999999999999,-0.0816908089558433,-0.0786974976157716,-0.0771435969940194,-0.0751680341241858,-0.0737781873193928,-0.0719999999999999,-0.0701555073592808,-0.0695097922077527,-0.0679590543469381,-0.0664159323478616,-0.0646096330363215,-0.0629999999999999,-0.0613581524235647,-0.0601283930012904,-0.0594454052130393,-0.0569289425514996,-0.0559900995711405
-0.0549999999999999,-0.052428060501904,-0.0495318851580934,-0.0413664663584278,-0.0311908012028977,-0.0236211310699332,-0.017,-0.0110731006950532,-0.0059897276043556,-0.0006981013432899,0.0054441129081125,0.0112312208522938,0.0199999999999999,0.0311419970187768,0.0386824934908894,0.0445223072023446,0.0501074687857047,0.0550152062063485,0.061,0.0684532884807486,0.0756412900422578,0.0813168807543976,0.087718143812221,0.0941971656239607,0.1,0.1059492498106832,0.1108491986187892,0.1168984510317505,0.1233478377248673,0.1278680683819777,0.133,0.1381051754065471,0.1427785935547789,0.1485776122727775,0.1541030634818961,0.1588811413518366,0.1619999999999999,0.1635997906163234,0.1660220239428628,0.1681082686845529,0.1696556800502974,0.1712662055789571,0.1719999999999998,0.1720883073196092,0.171337485135887,0.1706089293596418,0.1692438622121934,0.1663731317259394,0.1629999999999997,0.1588507334490463,0.1544033987781357,0.146858585349257,0.134975956888863,0.1225488219458536,0.1099999999999999,0.0973410725054395,0.0867374101744912,0.0766419451059811,0.0609813931912008,0.044087954466283,0.034,0.0271792957572734,0.0223453731670748,0.0191920400193449,0.0179939511441863,0.0207512030416667,0.0249999999999999,0.0306695717315844,0.0384661219158113,0.0518855046516803,0.0684086116271519,0.0829081010153188,0.098,0.1086217840375549,0.1151096089295942,0.1227516479212371,0.1319395919493847,0.1416873944875445,0.147,0.1518669708674404,0.1562726319421109,0.1580806997250881,0.1613780032987003,0.1632362340908481,0.1649999999999999,0.1660615185585674,0.1658572843093738,0.1658624983617439,0.1644309532806078,0.1638447061871247,0.1610000000000001,0.1575612300674203,0.1535775897320938,0.1469181620919293,0.1362277962537532,0.1028810317246191,0.0419999999999999,-0.0432933253369617,-0.1598416330498938,-0.3059055701821751,-0.4772581605391336,-0.6668893893766791,-0.8629999999999999,-1.0505650381672784,-1.2161048748457268,-1.329480558945797,-1.3687016207873015,-1.34733188577313,-1.2369999999999997,-1.0192435957889965,-0.7436055473208981,-0.4525488806686568,-0.188217377632729,0.0178180277278779,0.1479999999999997,0.1975185763424841,0.2051572012584203,0.1951991107347397,0.1794062862595704,0.1735868366336649,0.1749999999999999,0.1831252667163424,0.1899808532838876,0.1924908410394251,0.1967766544559313,0.199323178009002,0.201,0.2020045739093272,0.2015667955810057,0.1993524496669294,0.19547773323621,0.1923969074851218,0.189,0.1864439207365258,0.1835595818019873,0.1798351256726791,0.1766238423252791,0.1720307993396352,0.168,0.1639815257874858,0.1589567175090482,0.1538438599275948,0.1470843401007045,0.1394846089455744,0.1319999999999999,0.125218650614637,0.1193336810452546,0.1134617631503713,0.1078249487181101,0.103153335163601,0.0989999999999998,0.0940564461533058,0.0885713393267694,0.0813519504948917,0.0724225379667002,0.0645590520311854,0.0579999999999998,0.0521511613335275,0.0463175537244724,0.0406038975869949,0.0342673261043195,0.0263199362170265,0.017,0.0053779704895978,-0.0054450133068413,-0.014040478329761,-0.022044818776633,-0.0280818453498664,-0.034,-0.0420074655134646,-0.0539400748661868,-0.0696133653489866,-0.08506173739494,-0.0998671688839077,-0.112,-0.1211591809952094,-0.1308384017501961,-0.141703993426189,-0.1536834355769975,-0.1606909408701998,-0.1609999999999999,-0.1624544470710876,-0.1646661493631681,-0.165147959260883,-0.1645920631315713,-0.1625610470220421,-0.1609999999999999,-0.1593803988471696,-0.1587169650235625,-0.1638667500748308,-0.1724610123572033,-0.1806620762716204,-0.19,-0.1994512745712239,-0.2055559933810483,-0.2086043782482453,-0.2109575800069703,-0.2135234378767014,-0.2160000000000001,-0.2177657966369564,-0.2186841412951204,-0.2195499037671506,-0.2200224701031252,-0.2185488052605485,-0.2159999999999999,-0.2135598299003368,-0.2103906208325015,-0.207003388952387,-0.2035065251453617,-0.1990464442302335,-0.1939999999999999,-0.1882181028543056,-0.1822609494847736,-0.176581406696023,-0.1705818988364102,-0.1649312759189345,-0.1600000000000002,-0.1557859055439059,-0.1517400341096643,-0.147411162382976,-0.1434231243433916,-0.1390977837519299,-0.1350000000000001,-0.1316860563938681,-0.1282215093311029,-0.1254651764309707,-0.1229485570076885,-0.1206180514326597,-0.119,-0.1165560023814477,-0.1139574072863763,-0.1114770068506312,-0.1092168563499619,-0.1076450298605013,-0.105,-0.1023950127061365,-0.1002575340759872,-0.0964303606361631,-0.0902360527031124,-0.0824278286194395,-0.0750000000000001,-0.0667988412434692,-0.0581078786763312,-0.0503059751901931,-0.0412171996253005,-0.0322908631131474,-0.0229999999999999,-0.0121563083474948,-0.001066596092441,0.0122474742128182,0.024274251336864,0.0325302042638402,0.04,0.0453001214042503,0.0481410551300488,0.0501101457802741,0.0514548069837195,0.0520926023171232,0.0529999999999998,0.0547238251767298,0.0556988363749194,0.0565768620646322,0.0569666706488066,0.055578801727175,0.0519999999999998,0.0461679879598623,0.0408997363280838,0.0359903956149917,0.0312381625148147,0.0271082294077446,0.022,0.0177355054246595,0.0137581650274347,0.0096922643800568,0.0070248533632528,0.0045255535523742,0.0029999999999999,0.0021854277152997,0.0013067498178496,0.0004842220375619,-0.0001354071040064,-6.11592632507691e-06,-0.0009999999999999,-0.0019519062862893,-0.0024437392449394,-0.0038252314356184,-0.0038245247626831,-0.0042675957752142,-0.0059999999999999,-0.0068505263053361,-0.0077316763079024,-0.0080860095067757,-0.0079904149518416,-0.0079728907284057,-0.0079999999999998,-0.0088525695983111,-0.0091086387548947,-0.0089432685739613,-0.0089901398380545,-0.0090898370700826,-0.0099999999999998,-0.0100684465098788,-0.0103537389540919,-0.0121203052449243,-0.0135352525253011,-0.0154268950738214,-0.0169999999999999,-0.0177779917824929,-0.0192266737611885,-0.0213897348626093,-0.0240456584953082,-0.0265785700927584,-0.031,-0.0360882599029203,-0.0419319397741582,-0.0539371326050913,-0.066331930668297,-0.072991071910653,-0.0769999999999999,-0.0803600391751325,-0.0832282251689232,-0.0848823150732754,-0.087011768788691,-0.0893741867919088,-0.0909999999999998,-0.0935099090407184,-0.0954443878188816,-0.0969467076462723,-0.0986557327290283,-0.1004335728244149,-0.1039999999999999,-0.1098986774639293,-0.1126170251742861,-0.10585042123194,-0.0939864595767804,-0.0784181253252205,-0.0579999999999996,-0.0357202398358265,-0.0125357205054402,0.0026460669894454,0.0093423137485159,0.0149834219843657,0.0180000000000002,0.0211930454029271,0.0248285228059775,0.0279453307748427,0.0310018287731839,0.0322723042973019,0.0349999999999998,0.036897799186324,0.0379324678841489,0.0407309799089896,0.0428743577942693,0.0470459166550913,0.0519999999999999,0.0562109844478834,0.0582353537900718,0.053287009695035,0.0459900181393087,0.0319266962135538,-1.3263464400855202e-16,-0.0482603383430066,-0.1167529157149897,-0.2142136042138516,-0.3438100080831799,-0.5057703001212851,-0.6929999999999997,-0.8913315645219719,-1.0872648195219523,-1.2695617149946574,-1.4040827935301088,-1.4604086658919495,-1.451,-1.3630743158924246,-1.173060031950109,-0.9093490741861524,-0.6140051769559599,-0.3358421052825928,-0.1080000000000001,0.0453386349268302,0.1027459800582748,0.1154717392354453,0.1270806773963556,0.1301766263893909,0.133,0.135011040630106,0.1358684279859199,0.1381587323512184,0.137852560306838,0.1394071049649478,0.1399999999999998,0.1406871399671104,0.1413810911510371,0.1407098180527685,0.140784558758981,0.1370507671838392,0.1339999999999999,0.1317618668484842,0.1279961980253965,0.1257576073601279,0.1225775328462277,0.1194152004155084,0.1159999999999999,0.1125839543978934,0.1094309994138139,0.1061996995966958,0.1041987159276302,0.1014552554733246,0.0999999999999998,0.0984965022958804,0.0963911837700778,0.0953195197950155,0.0930450701728139,0.0918534424666286,0.09,0.0866599751848433,0.0829274292512278,0.0779714038149088,0.0727656009301006,0.0653953982904022,0.0579999999999999,0.0506339957871673,0.0427574178972671,0.0357934667941349,0.0277308690303446,0.0206679182245785,0.0130000000000001,0.005262898245518,-0.0010594954245704,-0.0084548229593922,-0.0139003350907339,-0.0191714329272686,-0.025,-0.0334085222308552,-0.0489169724820167,-0.0667066768712442,-0.0859428729151961,-0.1042090981070968,-0.1159999999999999,-0.1229641136857033,-0.1274332558151526,-0.1314533926204203,-0.1356918975270786,-0.1397824232455259,-0.143,-0.1454717662549614,-0.1481137934034001,-0.1500555262694285,-0.1516583125934607,-0.1533295824427554,-0.155,-0.1566673435956309,-0.1583714551054368,-0.1596577036349736,-0.1602305566360212,-0.1612168769023637,-0.1620000000000001,-0.1628188653106627,-0.1632455507760269,-0.1624530882356324,-0.1617205047347284,-0.1608112938251277,-0.1599999999999999,-0.1584218495742111,-0.1565684284281562,-0.1548202292576657,-0.1517335494762282,-0.1496787659101811,-0.1469999999999999,-0.1427436830552849,-0.1394028928143834,-0.1353890572539654,-0.1291674446180328,-0.1200204439421046,-0.1109999999999998,-0.104277678450326,-0.0977148500619195,-0.0907472561424813,-0.0825112106332325,-0.0730202476436809,-0.0619999999999999,-0.0494275552082847,-0.0384800393658228,-0.0304127382866095,-0.0229711372182699,-0.0156103817919274,-0.0089999999999999,-0.0014797796321415,0.004574383193917,0.0078172005206613,0.0115804690144042,0.0143856426835366,0.016,0.018456326881413,0.0210507863291912,0.0234348138898059,0.026095182564297,0.0283621708585645,0.0300000000000001,0.0325114270006426,0.0343960001104546,0.0363391504521547,0.0388811016470076,0.0403335538179736,0.043,0.0440867841276175,0.0442589930566351,0.0460142853042667,0.045670156375121,0.0463557940080211,0.0479999999999997,0.0487331578115923,0.0503811724098613,0.0518643298676126,0.0538512381253557,0.0551383764361304,0.056,0.0576984658837673,0.0591849674025236,0.0615321914464191,0.063768842542295,0.0653069137323404,0.0669999999999997,0.0687139593238647,0.0697689024827628,0.0704211858803928,0.0713619792298813,0.0722236785149283,0.0739999999999999,0.0749800620189841,0.0754261295657967,0.0767944445194159,0.0770301097625288,0.078432728983313,0.0799999999999998,0.0806219711925632,0.083536072847323,0.0870093762541893,0.0904302979389522,0.0934397847525918,0.0939999999999998,0.0924966875235784,0.0894610404245952,0.0858635045974239,0.0829200892161012,0.0805659102082304,0.079,0.0782303820543454,0.0766539467840878,0.075414407111478,0.0744946349521398,0.0726814824637144,0.0719999999999998,0.07119294607463,0.0708352981916435,0.0708452807935872,0.0694206133693513,0.0689583719715978,0.0679999999999999,0.0677486548017716,0.0689617189251575,0.0687768800693524,0.0694462420225587,0.0699441793228228,0.069,0.0681572522457555,0.067335863350691,0.0664925991169931,0.0657011632356798,0.0647459357839466,0.063,0.0613474693690997,0.0591365101642662,0.0563987167395649,0.054047203190369,0.0515043587026688,0.0489999999999997,0.0456735281853501,0.0421672521983174,0.0348472564938542,0.0233758405728221,0.0129326271625351,0.0019999999999999,-0.0072319611200481,-0.0181402816753923,-0.0327507275949172,-0.0442413827103923,-0.0552129243696666,-0.064,-0.0697791514687359,-0.0759032106678971,-0.080659139969866,-0.0843078279964471,-0.086306490380838,-0.0879999999999998,-0.0882997755630989,-0.0861722854587763,-0.0825405070343203,-0.0763044499152853,-0.0697042352829127,-0.0629999999999999,-0.0550976620448263,-0.0420903023039754,-0.0283176530585958,-0.0198443499900633,-0.0097752196355917,0.0009999999999998,0.0139523946914599,0.0280629789246255,0.0363021889160668,0.0423057152830618,0.0467940598163691,0.0509999999999999,0.0537076118749161,0.0557606699255827,0.0581492793106719,0.0578838409775233,0.0592964544012567,0.0579999999999999,0.056760563818119,0.0571157698451421,0.0540068251404972,0.0523866784738127,0.0478094833592938,0.0419999999999999,0.0266848012658551,-0.010002072075264,-0.0671446067787218,-0.1526786393742439,-0.2645682045558796,-0.408,-0.5773815573248975,-0.7624512875266259,-0.9581856073727696,-1.1364203590041893,-1.2911434317815351,-1.386,-1.399496872901728,-1.358530652707793,-1.2167936063944922,-0.9724395217434908,-0.6873409687877324,-0.3939999999999999,-0.1334406759179091,0.0648576572380027,0.1734950286561432,0.2063605952550663,0.1992898161954289,0.1539999999999999,0.1123517682119713,0.0993498574854784,0.0937807161843954,0.0891513264668907,0.0840905321898289,0.082,0.0804463676529549,0.0794320463613738,0.0808481207663156,0.0810686371840706,0.0822776006633078,0.0829999999999999,0.0852890152403473,0.0882562672962158,0.0905401855119587,0.0947679144060152,0.098907174276615,0.1049999999999998,0.1096336903843763,0.1100236097139268,0.1052771189592778,0.0943096677159747,0.0841002166539807,0.073,0.0595742374326203,0.0470311450732859,0.0345865789030728,0.0242441968386367,0.0166581520478735,0.0109999999999999,0.0059816301383423,0.0015031434986419,-0.0023279854875869,-0.0068311013955534,-0.0106799638049596,-0.0140000000000001,-0.0173638724276703,-0.0205765865752745,-0.0243863482846204,-0.028761353445622,-0.0327497125574184,-0.0369999999999999,-0.042840287280443,-0.0480469845300177,-0.0535662880668108,-0.0611061776052022,-0.0684656321905543,-0.0770000000000001,-0.0877487682805953,-0.098833441033746,-0.1087778193031096,-0.1172850260074621,-0.1258437158672309,-0.1370000000000001,-0.150381488945698,-0.1629939308380607,-0.1758870460528029,-0.1893398347575499,-0.2027009919449473,-0.215,-0.2213984952742999,-0.2239127490307092,-0.2266707028063324,-0.2286936228124535,-0.2303380249369127,-0.2319999999999999,-0.2336624500527422,-0.2353258076152552,-0.2370506015767002,-0.2384609082839833,-0.2391166179058537,-0.2399999999999999,-0.240907638113643,-0.2410581313970551,-0.2409738644271314,-0.2408976306707531,-0.2396461689753054,-0.2379999999999998,-0.2371813450516487,-0.23584087474975,-0.2335165076250238,-0.2311580604030813,-0.2297102830194134,-0.2269999999999998,-0.2234849475381755,-0.2212739251795263,-0.2174599552381314,-0.2136743869991287,-0.2101988709011125,-0.206,-0.1994387512498545,-0.1829498217812592,-0.1651854849801038,-0.1561438881217869,-0.1497611899306947,-0.145,-0.1417182441635,-0.1381673718571282,-0.1355300043519402,-0.1327894463145432,-0.1292851064885965,-0.126,-0.1227391115081548,-0.1191015241240988,-0.1169234904613837,-0.1151446858853554,-0.1125108491589409,-0.1110000000000001,-0.1101932672933002,-0.1088709199441925,-0.1064236425258736,-0.1043007626129245,-0.1025715166672086,-0.0999999999999997,-0.0982799889795582,-0.0966597075223637,-0.0953737563271188,-0.0945712665332255,-0.0925579644556116,-0.0910000000000001,-0.0901712683492895,-0.0893214086204133,-0.0885055979774415,-0.0876741031276132,-0.0868186955637141,-0.0860000000000002,-0.08523848317598,-0.0837078957583052,-0.0820054810272369,-0.0802919902373206,-0.0787177746830627,-0.077,-0.0744806263854765,-0.0721275209025693,-0.0689980826314485,-0.0657628341531872,-0.0621966430173085,-0.0580000000000001,-0.0506008847038655,-0.0345406263351621,-0.0215005753648129,-0.0182242102152427,-0.0153262103041548,-0.013,-0.0113773947043202,-0.0100667461565234,-0.0097800870807525,-0.0084275150614335,-0.0079815814097618,-0.0069999999999998,-0.0052439309480219,-0.0038968138300385,-0.0013857520836209,0.0007033341332091,0.0023442995682721,0.004,0.005665981945226,0.0068810540756204,0.0072135229820817,0.0087812939696383,0.0101588494959013,0.0110000000000001,0.0127293002296464,0.0136188043872414,0.0152032118121892,0.0181773352190803,0.020406549920389,0.0230000000000002,0.026335233271783,0.029671689452542,0.0327512797074078,0.0346346406752508,0.0363916422353275,0.0379999999999999,0.0387770556540815,0.0403214481940209,0.0416659925369949,0.0422398306616897,0.0432145671544748,0.044,0.0440412700384359,0.0442827993126746,0.0468521851030861,0.0502164760207737,0.0523612492927284,0.0529999999999998,0.0492167756478972,0.0431316861553559,0.0378124970438683,0.0310773855950419,0.0235070105913168,0.0159999999999997,0.0084112480444661,0.0020404184393742,-0.002606618777435,-0.0067413361460028,-0.0121927512844037,-0.0180000000000001,-0.023011622338634,-0.028033546530372,-0.0326943534130175,-0.0363569779675661,-0.0397244818866361,-0.0440000000000001,-0.048273581791298,-0.0516802077761718,-0.0548123759230946,-0.0563140682950602,-0.0557769420846426,-0.0539999999999999,-0.0515614002503651,-0.0480240069504342,-0.0426128566692296,-0.0359721445852902,-0.022570097979482,-0.0040000000000001,0.0102278763228078,0.026798571300104,0.0466782734841635,0.0611705557753161,0.0734369158459925,0.0839999999999999,0.0909237872944461,0.0955530905250408,0.0990493086468918,0.1021162963312354,0.1045252349395529,0.1079999999999998,0.1107036548013618,0.1121701521922924,0.1144574323382885,0.1171547281156038,0.1208201802489563,0.1259999999999999,0.1329307200233577,0.134846700656693,0.1276036270185206,0.1080157494817178,0.0687291171608338,0.0150000000000002,-0.0565735666522566,-0.1540469745775766,-0.276917988928786,-0.427116288091168,-0.5970255018084516,-0.7759999999999998,-0.950154350448278,-1.1027350296906984,-1.2063143614530183,-1.2416077569119162,-1.2179274527059647,-1.11,-0.9067404448632768,-0.6453701402473911,-0.3629920408674621,-0.1162687147939559,0.0748431994887935,0.195,0.2239810189512375,0.2256933869179445,0.2327284489117534,0.2329863332558449,0.2369826022065418,0.2389999999999998,0.2412407471752184,0.243392586272887,0.2428066076607916,0.2448489033225646,0.2449105937754322,0.2460000000000002,0.2469733659797167,0.2480296578295907,0.2496718239517256,0.2486354140373005,0.2505995199030785,0.252,0.2525692558303258,0.2547096245659712,0.2549159249426291,0.2552679277258686,0.2562429366234449,0.2579999999999999,0.2589396446786948,0.2599522612032944,0.2626946594428822,0.264813874617761,0.2676146801775161,0.2699999999999999,0.2716737927272874,0.2728438282885193,0.2733510557281408,0.274311653484836,0.2737967656157444,0.2729999999999997,0.2714908180153407,0.2690062539770955,0.2659202321226018,0.2610522529972064,0.2571332152602015,0.247,0.2262908752244167,0.2079845026165296,0.1968519033733061,0.1870942699151123,0.1784470325193243,0.1710000000000001,0.161965188382519,0.1520806631825436,0.1415211971601822,0.1310935247414594,0.1237605751507489,0.118,0.1122014914418807,0.1058056073977737,0.0986828547159415,0.0903009280738535,0.0784259994765171,0.0670000000000001,0.0607805231656952,0.0572851150791347,0.0542896171993885,0.052313335542889,0.0506647135591447,0.0489999999999999,0.0466108825687453,0.0437728268400543,0.0418905415731222,0.0381828943346932,0.0328565180764866,0.0240000000000001,0.0076305683863957,-0.0096476580939134,-0.0253811086942972,-0.0386512938442948,-0.0462162359651416,-0.0519999999999997,-0.0558120311558435,-0.054319113840094,-0.047177732351336,-0.0389023527708923,-0.0313331567100138,-0.022,-0.0157424769326015,-0.012316250281609,-0.0095940421887686,-0.0086200105311026,-0.0065131408997706,-0.005,-0.0035264296481052,-0.0008046148500544,0.0009219870826456,0.0029119741277994,0.0055719372848654,0.0089999999999998,0.013117361824471,0.0182048909705543,0.026360315732134,0.037741218994556,0.0475222227888862,0.0519999999999999,0.0552802369323556,0.0583069172223701,0.059878361479721,0.0618195684871629,0.0631458465535619,0.063,0.0614358000356162,0.0590853217832911,0.0561069203003254,0.0526096182843881,0.0493844872809629,0.0469999999999996,0.0461689613291552,0.0447690555112603,0.0430134476704786,0.0410674703837364,0.0386355493380151,0.0379999999999999,0.0364836398894036,0.0344634129055279,0.0331928055032543,0.0311978071997848,0.0297218286431909,0.0280000000000001,0.0270629449879642,0.026448352858402,0.025655288886133,0.0264020722813059,0.0271301218866099,0.0279999999999999,0.0280719163290192,0.0283687651909596,0.0298489240566481,0.0298634416757101,0.030158418312691,0.031,0.0317998258607459,0.0327157698650421,0.0334890623395412,0.0341589924901796,0.0339928065221613,0.0350000000000001,0.0359619447742142,0.0364331292166992,0.0378227716966614,0.0378556949452265,0.0381867959649631,0.0389999999999997,0.0389535017861388,0.0395970110418962,0.0405372413297416,0.0413111644072029,0.0421830478834803,0.0429999999999999,0.0437549909006597,0.0453517739039789,0.0465896082507167,0.0474971866672566,0.0493219474274382,0.0499999999999999,0.0514927133330092,0.0536426762922471,0.0543571556478905,0.0554915624462812,0.0560569937765302,0.057,0.0587185601498813,0.0601815936905022,0.0624771186870803,0.0650035915230734,0.0674514378853705
0.0690000000000001,0.0698883649646772,0.0696894859783637,0.0675827661065674,0.0648142185338509,0.0612670458054464,0.0579999999999997,0.0546871099965421,0.0517797828374341,0.0497320781941164,0.0467953178846479,0.0446328456283155,0.0420000000000001,0.0385688464911485,0.0359777286230129,0.0337639318869596,0.0325557663406129,0.0304710432339087,0.0279999999999999,0.0256181365327086,0.0223151100661295,0.0188375578426824,0.01374182815221,0.0078295981325425,0.0019999999999999,-0.0037280351894229,-0.0116661700469471,-0.0228214563627186,-0.0328278822231236,-0.0431666485865576,-0.053,-0.0618918439516705,-0.073341462978251,-0.0847980954260936,-0.096964191311028,-0.1062708945365335,-0.1090000000000001,-0.1105771010194415,-0.1129632900080573,-0.1147661107999569,-0.1099725189713706,-0.0985150171205457,-0.0849999999999998,-0.0683123473838413,-0.0533763230862616,-0.0386680832430217,-0.0183975229040055,0.0033217092175551,0.0250000000000001,0.0432505908395092,0.0545309573383661,0.0628223163964074,0.0692840212038601,0.0738601764903355,0.0779999999999999,0.0813722535271929,0.0846644685857529,0.0876915860939164,0.0898786708196971,0.092523043610003,0.0939999999999999,0.094697566300599,0.0964241667601899,0.0980005353911848,0.1017748455658996,0.1021038309242897,0.0870000000000001,0.0539031323913488,0.0006429772312737,-0.0753008019902305,-0.1747012881840231,-0.2987157708720932,-0.4459999999999999,-0.6151160644732321,-0.797249661268744,-0.9759994549851794,-1.1377978004612654,-1.2641387596165936,-1.3310000000000002,-1.3346104684229023,-1.2704728554085691,-1.1117466166332155,-0.8757470854823928,-0.6063679790096181,-0.324,-0.0734514888347322,0.1118405275568731,0.2271918537279387,0.2699046575147724,0.274492798755691,0.2579999999999998,0.2222148338067813,0.201930751506893,0.1987221660067465,0.1959499546406008,0.194814890156935,0.1929999999999999,0.1920313504591167,0.1914838981814143,0.1904255601203247,0.1895250075914407,0.1876075991333789,0.186,0.1842847131757324,0.1833266723010952,0.1820917104308645,0.1805182318213407,0.1797945802074912,0.1780000000000001,0.1771027327929941,0.1755404819758122,0.1711071754137956,0.1658103955539663,0.1597624482743231,0.1539999999999994,0.1482945195650513,0.1411786580976744,0.1332651135809719,0.126507094993436,0.1209117672895763,0.116,0.11258427479883,0.109844369995754,0.1080370993571286,0.1060748780171359,0.1035201944280933,0.101,0.0976109533636442,0.095039759025262,0.0918352123135906,0.0868016785217992,0.079155790678365,0.069,0.0606118365596129,0.051778026209108,0.0428527188748166,0.0343691379501134,0.0239156814221587,0.0150000000000001,0.0073869286989716,0.0012654156487215,-0.0051480285535828,-0.0130130015398385,-0.0192523865541667,-0.0269999999999999,-0.0346180862729082,-0.0423307147917437,-0.0510865519775086,-0.0573780294463971,-0.0644931381416745,-0.07,-0.0732228481770604,-0.0773272222162667,-0.0823771529033196,-0.0928301909971419,-0.1037390309469603,-0.1089999999999998,-0.1116342504397678,-0.1132311594554076,-0.1155096537731409,-0.1177482526263504,-0.1193939330501705,-0.1219999999999998,-0.123826624581223,-0.1245898654665913,-0.1256515655477081,-0.1260171747759713,-0.1260449981363413,-0.1259999999999997,-0.1243909972716599,-0.1227007554815925,-0.1203375057121519,-0.1164477853526903,-0.1134480870255099,-0.1099999999999998,-0.1065068002970309,-0.1041454245226888,-0.1009661819123897,-0.0978984248729058,-0.0955238939385344,-0.0929999999999999,-0.0905168013654249,-0.087541517739007,-0.0834420906135442,-0.0795905423915594,-0.0762907276818498,-0.0719999999999999,-0.067697223669957,-0.0648369213093864,-0.0626813538197589,-0.0597763688466907,-0.0577800873650634,-0.057,-0.0552558091682688,-0.0548813958562832,-0.0546901521138142,-0.0537650531754413,-0.0540258621392656,-0.0529999999999999,-0.0520545679220027,-0.0515050810044692,-0.0503033053815722,-0.0499459110509386,-0.0500867842246675,-0.0509999999999999,-0.0517718634461453,-0.0538028618669523,-0.0563463053493191,-0.0574498688969859,-0.0593861656243596,-0.0599999999999999,-0.0606203795997026,-0.0625253212547475,-0.0637048958266049,-0.0661153928723854,-0.0683458086393617,-0.07,-0.0717014123724019,-0.0733010958033293,-0.0747468340409576,-0.0751545049873327,-0.0762265467151512,-0.0759999999999998,-0.0749787550677416,-0.0752617540788531,-0.0740142073284308,-0.0725698495250292,-0.0718376062767042,-0.0709999999999998,-0.0708981029926889,-0.0716790566915925,-0.072144693620547,-0.0720542103450029,-0.0733151834201076,-0.0739999999999998,-0.0738906593265205,-0.0746995241445006,-0.07541025721406,-0.0764485086160774,-0.0770427837954037,-0.077,-0.0762514343807471,-0.0751864310154632,-0.0746855946583023,-0.0734784394783806,-0.0729750498640947,-0.0719999999999999,-0.0694668736143509,-0.0671936967854892,-0.0636496829156338,-0.0592742383341406,-0.0552240560247574,-0.0519999999999999,-0.0495591335905096,-0.0463880050646152,-0.0429814086723312,-0.0396675039641788,-0.0363321244908858,-0.0330000000000002,-0.0303780582678257,-0.0286807200700695,-0.0269575919844083,-0.0253806075124765,-0.0236354502999729,-0.0219999999999997,-0.0203702864257547,-0.0185981648446027,-0.0170846153330219,-0.0152543510549388,-0.0137169366924817,-0.012,-0.0102478008603183,-0.0092626287471124,-0.0088431257265408,-0.0091232663971949,-0.0089212151097049,-0.009,-0.0098101632144548,-0.0111314083977118,-0.013490947132891,-0.0161104791447926,-0.0198391886578648,-0.0239999999999998,-0.0281521834058422,-0.0319060370659157,-0.034688453520491,-0.0387863483377212,-0.0427088210837501,-0.0470000000000001,-0.0522075276369162,-0.0551564553182218,-0.057244431613549,-0.0579826286421004,-0.0566745902919744,-0.0549999999999999,-0.0533300159691532,-0.0512704695012059,-0.0478473412558397,-0.0449459885554236,-0.0409144631518817,-0.034,-0.0265329713899451,-0.0192876508697947,-0.0133223673582538,0.0026315185456231,0.035129129705032,0.0689999999999999,0.1021227239137127,0.1341611309534179,0.1560098430321918,0.1771759531956798,0.2018197479693884,0.2249999999999997,0.250017575345608,0.2730157136399407,0.2928009013201565,0.3130942140901206,0.33136640413353,0.3459999999999998,0.3577718465564351,0.36883507026848,0.3786716495913028,0.387575027535503,0.3951975899501366,0.3979999999999998,0.3974330000988185,0.3940905933941314,0.387313344515569,0.367559108420255,0.3263676230382059,0.2699999999999997,0.1920339186439044,0.086326952743061,-0.0451996284078627,-0.2053763243623117,-0.3893555530681472,-0.5889999999999999,-0.787915246890259,-0.969496111646984,-1.1171024447501667,-1.206457029706692,-1.2162875166670035,-1.1209999999999998,-0.9219754342382273,-0.6451734167414948,-0.3282025254995315,-0.0270050128144936,0.2262302348457118,0.3899999999999998,0.4502429507673038,0.4626614206783338,0.442024232630603,0.4019078047497667,0.3831190347923697,0.3769999999999999,0.3717036027010446,0.3684077608356824,0.3654394412576816,0.364896977202434,0.363743165533404,0.364,0.3649715030737808,0.3654127271915844,0.3668109904178619,0.3670291535017349,0.3684140959137504,0.3699999999999996,0.3714671017653483,0.3742729658197083,0.3755251311373367,0.3763628702956682,0.3754943168432627,0.3709999999999999,0.3659769841119619,0.3609739949320796,0.3563486843593344,0.3524183782505979,0.3481341662295526,0.3439999999999997,0.3391477909390197,0.3332627431322467,0.3276530695397502,0.3213512616935977,0.3146786006856399,0.3069999999999999,0.2962131576087252,0.2866525265299386,0.2805903043262173,0.2743899413747354,0.2675975506824532,0.2590000000000001,0.2473597191489659,0.2365893064046828,0.2279508365335111,0.219812396349449,0.2126469615347307,0.2059999999999999,0.1999892726970265,0.1956302053227053,0.1912029400053386,0.1858502321695838,0.1811076039370642,0.1759999999999998,0.1693095413813929,0.163331902249136,0.1566423900643598,0.1468793851494188,0.1371567376781461,0.128,0.1187857543435781,0.1097751856990986,0.1003233767870998,0.0916572863840954,0.0833074257981895,0.0749999999999998,0.06670960640238,0.0586058115948257,0.0528203061672628,0.0481757953260721,0.0443328001945954,0.041,0.0375059295771321,0.0356593571339248,0.033588266465029,0.0311524482878189,0.0297272640103804,0.0280000000000002,0.026278529120393,0.0252036816118479,0.0247018096623101,0.0232783286399406,0.0218200205302175,0.0209999999999999,0.0185440392116992,0.016478890286669,0.0151277824039111,0.0133692869705621,0.0130825691336589,0.014,0.0155713513548672,0.0183421075418341,0.0229876661315593,0.02774762156302,0.0319389160135801,0.0379999999999998,0.044693907552516,0.0513612974896501,0.0574029754899871,0.0615583354117608,0.0659054010389608,0.07,0.0747614107809544,0.0810488666854662,0.0848481023553561,0.0867350133129503,0.0881626211025716,0.088,0.0879337407775193,0.0880970536700002,0.0878935426176355,0.0880988290792097,0.0879278476085152,0.088,0.088876088978696,0.0890851521492985,0.0889438888316119,0.0890316203964626,0.0889904237150414,0.0889999999999999,0.0883098637767733,0.086551785312871,0.0855398842580344,0.0842463745230384,0.0814815196466718,0.0800000000000001,0.0777172910003926,0.0746253818459146,0.0725070097017562,0.062816211984829,0.0469783227404401,0.0359999999999999,0.0299740422584041,0.0251439435956998,0.019463822181702,0.0139371819129633,0.0089291019555359,0.0030000000000001,-0.0028132963750345,-0.009175697792096,-0.0165850160317187,-0.0262469673288479,-0.0386674242098321,-0.0549999999999999,-0.0799949827173297,-0.1123577060329444,-0.1513949102044912,-0.1990116422678399,-0.2531997731485793,-0.3099999999999999,-0.3659180145579597,-0.4202102125919964,-0.4653211684743369,-0.4923128310280726,-0.4971137865918725,-0.481,-0.4429825644210632,-0.3638531442778275,-0.246017384357474,-0.1066958062970049,0.0545712473539191,0.2229999999999998,0.3843478392998843,0.5272615488433079,0.6411447038029474,0.7331994382605961,0.7971800974114669,0.8329999999999995,0.8483543398698489,0.8469647352632075,0.8403143078995864,0.816158488047697,0.7730094316118107,0.7309999999999998,0.6903475198614485,0.6480425456782463,0.6070127685186052,0.579044806293862,0.5643218991636161,0.5499999999999997,0.5375530198870788,0.5206591538432734,0.4894894289244041,0.4444373909605839,0.3879366435650756,0.3219999999999999,0.2480339930037324,0.1743651438979356,0.1042665501492415,0.0385866881223245,-0.0187772011023577,-0.0669999999999998,-0.1059207962895723,-0.1388278260559951,-0.1597169166101648,-0.1751423508830475,-0.2034288877431889,-0.2309999999999999,-0.2451948609336355,-0.2523197081279612,-0.2557097600980167,-0.2577441612703314,-0.2593148400611096,-0.2609999999999999,-0.2618300016247388,-0.263699544335358,-0.2664931853799925,-0.267261957185897,-0.2696250213748071,-0.2719999999999998,-0.2742661411452892,-0.2782753797834479,-0.2838454047507583,-0.2977560677551404,-0.3165726208777813,-0.3309999999999998,-0.3419122920674791,-0.3525641132890963,-0.3636229403153989,-0.3742034336290253,-0.3852914247073652,-0.3969999999999998,-0.4107664901604815,-0.4276014536492181,-0.4424243977348202,-0.4551048164844224,-0.4688165341647458,-0.4829999999999999,-0.4978653904968392,-0.5141102370297532,-0.5317583894117046,-0.5506809801930856,-0.5697420082260884,-0.5879999999999999,-0.6064213046133667,-0.622716867711515,-0.6355059364619993,-0.6505143551228321,-0.6670797668305245,-0.6789999999999998,-0.6859867575311608,-0.6904206325665253,-0.6942831523872165,-0.6965242164269324,-0.6956325158610236,-0.6929999999999996,-0.6889388816723974,-0.6841652318401021,-0.6774238495826549,-0.6632434967290656,-0.6427957539691678,-0.6229999999999997,-0.6025587708483311,-0.5794530674177086,-0.5595338416388429,-0.5364124252226818,-0.5030630781689198,-0.4719999999999997,-0.4417017318316221,-0.4100678183275637,-0.3915044865984211,-0.373252641132121,-0.3452999686307187,-0.3190000000000001,-0.2896026058768501,-0.2562245431627634,-0.2229940711457632,-0.1904000089544351,-0.1627640425727753,-0.1359999999999999,-0.1091440307298789,-0.0834505874311378,-0.0576027226983743,-0.0334414554556118,-0.0092654074563034,0.0099999999999999,0.0218376095262122,0.0332261799453662,0.0450519214645082,0.0564566601393472,0.0655431673031246,0.073,0.082274625648969,0.0887930181472334,0.0913298114335708,0.0943568671053447,0.0975757617313567,0.1,0.1017272565452674,0.1032103994759913,0.1052258881744478,0.1061289818270569,0.1060290540269413,0.1069999999999998,0.1086272150234092,0.1108616207796033,0.113699066272538,0.1155261839890333,0.1160965572832338,0.1170000000000001,0.1178573496388747,0.1194667811798823,0.1234510835644153,0.1225793706510952,0.1155833880932425,0.111,0.1085088927047287,0.1060134311521881,0.1033526001231327,0.1016335333349962,0.1021097569041536,0.1020000000000001,0.1034422245356964,0.1057221349048414,0.1062262433708862,0.1078644752678537,0.110621463013201,0.1140000000000001,0.1138066728153369,0.108769510166456,0.1052858705799768,0.1030231281576901,0.1005810993613996,0.0989999999999999,0.0973291509151293,0.0961141372722837,0.0960667902821085,0.095729113827883,0.0948992208842637,0.0949999999999999,0.0942622798403938,0.0936219715368019,0.0947457937160033,0.0949105554908977,0.0951465586921251,0.096,0.0967708346553338,0.0978550090520981,0.0979042914706152,0.0984141426173552,0.1004955863884717,0.1030000000000001,0.1027691122666246,0.0969001877802024,0.0904709974014184,0.0864882186545656,0.0821147741613929,0.0790000000000001,0.077384914899206,0.0754671737410337,0.074643692665427,0.0731404812167225,0.0705752074769387,0.0700000000000001,0.072184859498486,0.0770507518815258,0.0812297277883169,0.0843010509095318,0.0875162607299057,0.0890000000000002,0.0914288590906863,0.0931442397851559,0.0927556251284697,0.093090295164948,0.0915405800158375,0.0900000000000001,0.0885922926810986,0.0852153886525282,0.0821013495900831,0.0760851859264909,0.0687780527235599,0.065,0.0624918710780281,0.0604511443782189,0.0595481857385059,0.0584376183826295,0.0566758671701976,0.0559999999999999,0.0560792889781515,0.0553595824761978,0.0545173699476556,0.0536145519930973,0.0529253454074932,0.053,0.0530709213754216,0.0524002688043028,0.0514487767319741,0.0507065936220504,0.0497828220575468,0.0480000000000003,0.044612867299603,0.0435714519605007,0.0487668431662452,0.0553064462098493,0.0583679390587381,0.0600000000000001,0.0625091225351407,0.0644671579208733,0.0658952575360625,0.0677338943089567,0.0693062631004691,0.0710000000000002,0.072636442374662,0.0748984665761342,0.0774904993150226,0.080526859831827,0.0878412979861248,0.0980000000000001,0.1079862001481491,0.1181010779988035,0.1273658923375617,0.1347284263035827,0.1414156486741573,0.149,0.15437698317563,0.1569525691764315,0.1596493926491831,0.1616968689929781,0.1633376798907433,0.1649999999999999,0.1673840831064338,0.1702481969437415,0.1718674733619116,0.1739910375579532,0.1764545696168419,0.1790000000000001,0.1823492735176191,0.1855545171265733,0.1894691924038238,0.1936109543275359,0.1979529980045299,0.2029999999999999,0.2072285001137229,0.2112633044810065,0.2155567655384138,0.2196398683993465,0.2238017427580835,0.2269999999999999,0.2294325196217942,0.2326300190088333,0.235963654222488,0.2395423385652915,0.2438730778044858,0.2479999999999999,0.2521495327930034,0.2566583610616688,0.2637942855824393,0.27428771304203,0.2820989118768215,0.2849999999999997,0.2866556245445139,0.2883383724175493,0.2900451105693775,0.2913729957226081,0.290668100335578,0.288,0.2839422117157408,0.2791255240342905,0.27267521291195,0.2603824702487297,0.2465250089755357,0.236,0.224457109541571,0.2125711432476834,0.2009427273633031,0.1898784795682166,0.1814177036020685,0.1739999999999999,0.1689428073624979,0.1626732340517036,0.1530327032248579,0.1427009499322814,0.1304945549816974,0.119,0.1081377405663562,0.0990696973736765,0.0952146242365669,0.0932507596784411,0.0917187654241246,0.0899999999999999,0.0882684577279609,0.0871408384771046,0.0875731482849195,0.0900664777681925,0.0925349443381112,0.0959999999999998,0.0986139104988571,0.1013381020832158,0.1051022828011861,0.1062377181246493,0.1071615270401785,0.1059999999999997,0.1040833726286191,0.1032578675025648,0.0997134622040977,0.0998805839941328,0.1036756007537112,0.106,0.1084946635248948,0.1105614326107549,0.1112117599595528,0.1107598871340152,0.1096316892847789,0.1059999999999999,0.100522314467532,0.0882751223363455,0.0600656178423147,0.0170500720743357,-0.0439856990248282,-0.1279999999999998,-0.2370057721844448,-0.3717560881855102,-0.5287342068940379,-0.7026969057336135,-0.8756886606565767,-1.0349999999999997,-1.1638566063167028,-1.2339668149062668,-1.2498513163267426,-1.2055768125703752,-1.0659092008092288,-0.8379999999999997,-0.5618871388612415,-0.2735281531121222,-0.0145240438293005,0.1822798349378453,0.3052601063702278,0.3479999999999997,0.3262411977979469,0.2696424728029629,0.201919516985965,0.1602386392865248,0.14991108053505,0.144,0.1431614144525622,0.148093563569935,0.1533227361183877,0.1617437860274937,0.1722307009824628,0.1839999999999999,0.1928377630004969,0.1975677590011192,0.2007077231787712,0.2028334592946799,0.2039199588191078,0.1999999999999998,0.1940284409808861,0.1886484925203023,0.1817904444827328,0.1757071474890374,0.1698088472421499,0.1649999999999997,0.1617184990833741,0.1581319738254472,0.1556190394014691,0.1526484113949853,0.1494599932596492,0.147,0.14369429686896,0.140365553009643,0.1366620032458248,0.1320999535533918,0.1269313433692639,0.122,0.117925523615506,0.1121745721746891,0.103355643105753,0.0928008032564302,0.0847292185337083,0.079,0.0707387614924464,0.0636238125440972,0.0601076116879929,0.0563778775683467,0.0521611036181426,0.0480000000000001,0.043891265771468,0.0390209522367353,0.034368442044724,0.0301111077226793,0.0235965453313035,0.0179999999999999,0.0146730154431303,0.0112179188879998,0.0084712941167507,0.0059553606194892,0.0035954114012246,0.002,0.0003930613654877,-0.0019085362750144,-0.0045846210017194,-0.006932577794723,-0.0095330145450797,-0.012,-0.0158045003513024,-0.0229269805380405,-0.0299161212201605,-0.0350748424066479,-0.0429755300222188,-0.054,-0.0619029572525146,-0.0670445699104043,-0.0712162619306394,-0.0719599568027453,-0.0721428543932126,-0.0729999999999997,-0.073799781797184,-0.0743330733718008,-0.0732535929176813,-0.0731408213101984,-0.0727733298910976,-0.0719999999999999,-0.0736493879006109,-0.074730334024979,-0.0758517878256958,-0.0775588567478486,-0.0780871412395044,-0.0789999999999997,-0.0792281196357888,-0.0769049216259462,-0.0709641802868609,-0.0626792134294155,-0.0557873698015833,-0.0499999999999999,-0.0434174845680553,-0.0364406037977197,-0.0310819555805579,-0.0278986013714175,-0.0255822268561243,-0.0239999999999997,-0.0231311985080901,-0.0224268163252866,-0.0210900514897133,-0.0192991043783768,-0.0176640590732088,-0.0159999999999999,-0.0151249869182964,-0.0142879890428858,-0.0143682823596149,-0.0174577510107692,-0.0205356231415277,-0.0240000000000001,-0.0283907068632221,-0.0304000625498169,-0.0323787836403898,-0.0348624641707148,-0.0362701266169331,-0.0379999999999998,-0.0396855896261207,-0.0413300109866828,-0.0429633755727767,-0.0447551797315277,-0.0461926982546485,-0.0469999999999999,-0.0486860733211757,-0.049719469778809,-0.0508329394948669,-0.0525967582156478,-0.0530467242762623,-0.0539999999999999,-0.0556740318262112,-0.0573334391008872,-0.0589436388197627,-0.060905712339167,-0.06349213381018,-0.0659999999999998,-0.0707732913325303,-0.0768017609180056,-0.0823547880138693,-0.0884529078245837,-0.094073307014398,-0.099,-0.1017192552087227,-0.1031956267225379,-0.1051606325848302,-0.106528842783363,-0.1084132451486437,-0.1099999999999998,-0.1115768728541039,-0.1135287866784625,-0.1144815563826259,-0.1153631628784922,-0.1161970552499485,-0.118,-0.1198191719983977,-0.1205682752252824,-0.121697380954326,-0.121960741226883,-0.1221160432793469,-0.1229999999999999,-0.1238094828790596,-0.1247707468806628,-0.1250452926655925,-0.1251374946788918,-0.1262724111321863,-0.1269999999999999,-0.1268749144987863,-0.1282687895304822,-0.1296478886415055,-0.1304584980262988,-0.1323423356922984,-0.1329999999999999,-0.1344666740222774,-0.1367054205628715,-0.1372335745506575,-0.1387848218154315,-0.1401624475386269,-0.141,-0.1426270717049137,-0.1448347730647927,-0.147708750397939,-0.1498364457545072,-0.1542540902119914,-0.1620000000000001,-0.1681256116747892,-0.1721647932637712,-0.1776981635311399,-0.1875011596318024,-0.2006634332207133,-0.2119999999999998,-0.2209993682985152,-0.2318418448264459,-0.2407681485525698,-0.2459180785235828,-0.2509792942660118,-0.255,-0.259135116818674,-0.2628442037233551,-0.2661219683520251,-0.2710615409924964,-0.2760340391554882
-0.2819999999999999,-0.2864749542303216,-0.2889022772936051,-0.2915849574441286,-0.2941457146386013,-0.2975339799340044,-0.296,-0.2887033737789387,-0.2790592206421531,-0.2650417513774239,-0.2478930763876246,-0.2292521300318182,-0.2109999999999999,-0.1918814957385209,-0.1746275134013248,-0.1653324991166894,-0.1600642621658066,-0.1564176944701058,-0.1540000000000003,-0.1522587164437405,-0.150778860946655,-0.1489178967037889,-0.147216624408965,-0.1444694405669758,-0.1429999999999998,-0.1407167900451895,-0.1377063827176472,-0.1351298246644164,-0.1274518171021867,-0.12134856062096,-0.1220000000000001,-0.1293743790368444,-0.1471800625546738,-0.1792689626151008,-0.2287415807997554,-0.2948875027024442,-0.3869999999999998,-0.5079736972833039,-0.6522432708471076,-0.8155273891319395,-0.9822029733777458,-1.141937122684116,-1.2819999999999994,-1.3886532256552602,-1.4484131992380107,-1.445057689151899,-1.3736351854260285,-1.223753395793401,-1.0069999999999997,-0.7506940518873836,-0.4871987333897931,-0.2618225796101676,-0.0890042284301711,0.008379894459756,0.0339999999999999,0.0353727779092886,0.0103971353410243,-0.0289253284351807,-0.0519498533971936,-0.0577126749581405,-0.0470000000000001,-0.032036779031055,-0.0154877209854293,-0.00269391220731,-0.0008438000770236,0.0017246906442028,0.0039999999999999,0.0055620893468441,0.0069846729856648,0.0074747544918243,0.0100802432365507,0.0110576863544406,0.0119999999999998,0.0129386166111236,0.0135471532195879,0.0143052723820761,0.0138154615516125,0.0140240152651571,0.0129999999999997,0.0120830190165564,0.0109706597491009,0.0086986036125296,0.00757142661166,0.0055371662957553,0.0039999999999999,0.0024624494128151,0.0004023809450006,-0.0003674884071307,-0.0017093166684844,-0.0048057923334031,-0.0099999999999997,-0.0150678390702667,-0.0199593795237087,-0.0246981032473725,-0.0286743881626575,-0.0342382944991658,-0.0410000000000001,-0.0499578240206693,-0.0600988078675923,-0.0699386285772839,-0.0798737158245344,-0.088734578028777,-0.0969999999999998,-0.1015667671414242,-0.1037662891379896,-0.1068175464810282,-0.1085626307965954,-0.1104257499953684,-0.112,-0.112812483123984,-0.1137079184245412,-0.1144896128908573,-0.1151729361977282,-0.1149394191043189,-0.1149999999999999,-0.1142744223389087,-0.1132077743757002,-0.112361930601549,-0.1099114396534952,-0.1075511132114509,-0.105,-0.103239842750234,-0.1013402747846819,-0.0981081307264959,-0.0964022293771495,-0.0931181588922543,-0.089,-0.0865029610291115,-0.0839147953752395,-0.0816781099170712,-0.0786667537474084,-0.0753360407334868,-0.0709999999999999,-0.0651220617038706,-0.0595741932174559,-0.0523593118366667,-0.0430332992773145,-0.0298254453675848,-0.0100000000000001,0.0118761246542186,0.0315409739014364,0.0500909737448733,0.0680945733620177,0.0854524000926537,0.1019999999999997,0.1168030075144652,0.1359894926008195,0.1618155701822912,0.1837975929456442,0.1985215029365118,0.2079999999999999,0.2123940433620278,0.2156072960619794,0.2187884163056129,0.2206109578306787,0.2224451521638329,0.2249999999999999,0.2268019289909352,0.2276050316572935,0.2288732802375862,0.2307712834149151,0.2322092147528839,0.2329999999999998,0.2345747804936087,0.2365150854728477,0.2374773674558704,0.2385136403865803,0.2404540343342009,0.243,0.2455181214840253,0.2479718597153827,0.2505341825599241,0.2529566625220841,0.255573794988656,0.2589999999999999,0.2630778509271964,0.2690912748345779,0.2804477605090342,0.2918932523929662,0.296519136256652,0.2989999999999998,0.3016233296398831,0.3032987310981372,0.3050638089738675,0.3066196921939921,0.3083130249393511,0.3089999999999999,0.3089681626002012,0.3090622177869854,0.3089497075722422,0.3089081745523105,0.3076644400413757,0.3059999999999999,0.3036195125888662,0.300782454106092,0.2988108693799551,0.295524581830487,0.2925249419030515,0.29,0.2865930790998895,0.284030303324909,0.2811094952453403,0.2776206469609988,0.2743855917076509,0.2720000000000001,0.2704038184145338,0.2680170826164097,0.2655754006492573,0.2627383672610597,0.2593456286592712,0.2559999999999999,0.2511461119220524,0.2453383233588142,0.2392496294913629,0.2319635471952318,0.2246020039524059,0.218,0.2113207400683586,0.2051224526872066,0.2002299317446757,0.1968341332208471,0.1945571087009971,0.1920000000000001,0.189454796668682,0.187103595595313,0.1841198970275521,0.1804448446497036,0.1760802641060083,0.171,0.1644717132905644,0.1569733175375857,0.1495831651689851,0.1416720709830355,0.1319066117743365,0.1219999999999999,0.115143642564662,0.1093306797542693,0.1038506169069204,0.0990231909331936,0.0941290375720902,0.0909999999999998,0.0877433522202386,0.0843243268653958,0.0801904825786817,0.07273496858187,0.0642668234822944,0.0549999999999998,0.0465422773676226,0.038115752602937,0.0274425828980298,0.0167258488355218,0.0058961163744477,-0.0029999999999999,-0.0105474761028573,-0.0165885612909134,-0.0197764156144596,-0.0236119941671434,-0.0263953650605095,-0.0279999999999998,-0.0275329757055104,-0.0243468328290477,-0.0205118603126765,-0.0144510789316897,-0.0088191946453294,0.0019999999999999,0.0204805730078396,0.035078334191914,0.0437356938995631,0.051118781669994,0.0612220447710817,0.0709999999999999,0.0769618648094931,0.082124031270562,0.0865377230820782,0.0905657657645176,0.0934747369182103,0.096,0.0979186806618099,0.0978992161000369,0.098265578768568,0.0974205428180057,0.095672321041481,0.0939999999999998,0.0923642237102895,0.0894135005325395,0.0812035002879964,0.0604262917658606,0.0193274547159722,-0.0379999999999999,-0.1203556186727663,-0.2352551834679073,-0.374022739595971,-0.5364532394389864,-0.7130459651783839,-0.8990000000000001,-1.0798919261997495,-1.2330798928977846,-1.3473916064836853,-1.3935590565492286,-1.379216386167797,-1.2979999999999996,-1.1086395123174018,-0.8471505003140634,-0.5604850637440097,-0.2862268493459967,-0.067458435629598,0.0819999999999999,0.1510621396859276,0.1677344671588242,0.1615047088302664,0.1356150171854813,0.1152701443319828,0.1079999999999999,0.1052680837465465,0.1041352314727146,0.1051395532057091,0.1101020351531675,0.1135354794112852,0.1169999999999998,0.120471871668165,0.1234817395866063,0.1267416034264835,0.1264135387996222,0.1231086030970059,0.1169999999999999,0.1117195257969079,0.1083490955727871,0.1052975264696292,0.1029659301075971,0.0992473319338757,0.097,0.0947582418540831,0.0909873405649322,0.0890585176800356,0.0870403208272885,0.0845628807942926,0.0830000000000001,0.0814804511983786,0.0784242317008696,0.0748647502664211,0.0691275531340184,0.0586893164085217,0.047,0.0352190702938348,0.0253407764889724,0.0167350366509871,0.0073325813856283,-0.0005374200430142,-0.01,-0.0216926936309294,-0.032858320604149,-0.042524584653463,-0.0495092943964473,-0.0550896073549826,-0.0609999999999999,-0.0684531988641634,-0.075586197025832,-0.0814779940754164,-0.0873413632986672,-0.093185619744723,-0.0989999999999999,-0.1040044285422507,-0.1091306120675594,-0.1131757860744907,-0.1164367524090194,-0.1209087394226956,-0.1249999999999999,-0.1291734583151881,-0.1331819329022953,-0.1383831143531199,-0.1440261188499637,-0.1476726655141455,-0.1509999999999998,-0.1527264544198884,-0.1548362908618038,-0.1572744812429856,-0.1586602482442403,-0.161652422131335,-0.164,-0.1656897370350979,-0.1667483093627026,-0.1677932096967313,-0.169619479732234,-0.1700558680869268,-0.171,-0.1711692377805958,-0.1703221617019026,-0.1691647217553808,-0.1674176649881418,-0.1668790219487148,-0.1649999999999998,-0.1631817332445597,-0.1619475941174219,-0.1593979110787609,-0.1571030773065593,-0.1544460843734149,-0.1520000000000001,-0.1495057262515083,-0.1471520326991192,-0.1431624668466586,-0.1360594945584518,-0.1298352372752673,-0.1229999999999999,-0.1153659946413813,-0.1087659391708202,-0.1015688024986044,-0.0939496817645204,-0.0865890191257298,-0.0800000000000001,-0.07332686064081,-0.0671531314398809,-0.0619222739822431,-0.0571372930661971,-0.0517570918697833,-0.045,-0.0406011422623616,-0.0374142339751308,-0.0342285305890815,-0.0322704565361272,-0.0308408921774852,-0.0309999999999997,-0.0302378191275355,-0.0298039041216361,-0.0298147557790944,-0.0286392109231356,-0.0291094211995784,-0.0279999999999998,-0.0269085755628737,-0.0272929167107154,-0.026323792742309,-0.025980197157219,-0.0260535174784952,-0.0269999999999997,-0.0271635477983918,-0.0267264879841839,-0.0273510277225908,-0.0265187976305838,-0.0259991153400504,-0.0259999999999997,-0.0259900614196152,-0.0255430087687956,-0.0242805475724963,-0.023852789722943,-0.0227232611565457,-0.022,-0.0213218210991325,-0.0195556163284012,-0.018405985738223,-0.0178938135741235,-0.017982447777515,-0.0170000000000001,-0.0160735411529064,-0.0154689764494535,-0.0143968605420583,-0.0135714759501549,-0.0116107491088096,-0.0110000000000001,-0.0103850526643827,-0.0084611537073993,-0.007315855047727,-0.0048615812291851,-0.0026711975742757,-0.0010000000000001,0.0007342315015094,0.0021978338911907,0.004172798598008,0.0055036184744805,0.0074362709425924,0.0089999999999999,0.0105326281059976,0.0126374370942526,0.0132811104036983,0.0147638581280367,0.0161624131975824,0.0169999999999998,0.0187065350548619,0.0197508164946871,0.0204162656167934,0.0215557323554394,0.0233350293729985,0.0239999999999999,0.0239305373094768,0.024188184440298,0.023453516569437,0.0227896212195833,0.0216426838807992,0.0189999999999998,0.0156760259918935,0.0123690409280724,0.0086305878699519,0.0044045182437684,0.0014362229340289,-0.0030000000000002,-0.0097151533971899,-0.0156956564080644,-0.0215628268395511,-0.0270967779244012,-0.0319746674273932,-0.037,-0.0420140520026293,-0.0469634928498763,-0.0520893346736057,-0.0567428429244645,-0.0608422576184164,-0.0649999999999999,-0.0675839407832066,-0.070373323804015,-0.0743245782202882,-0.0769170582766575,-0.0795329031099519,-0.0809999999999998,-0.0809795758909598,-0.0807165257658105,-0.0781867755719486,-0.0744747598553522,-0.0700352209930973,-0.0650000000000001,-0.0566720961377047,-0.0402990759899875,-0.0237398019361656,-0.0132073883578082,-0.0026966981023907,0.0090000000000001,0.018480225815334,0.024967575971053,0.0299537877119177,0.0349286404870482,0.0386301427468219,0.0419999999999999,0.0454909440020971,0.0477524426214649,0.0519308939225689,0.0591270986958835,0.0677772797341324,0.0759999999999999,0.0833695029602389,0.0915850651713664,0.0953119732829466,0.0920670936658147,0.0821395488548354,0.0579999999999998,0.0178115521492033,-0.038497434634105,-0.1173146973058196,-0.2219818246464489,-0.3518783073926851,-0.5039999999999998,-0.6750292922893073,-0.8571494131918224,-1.0379097226663918,-1.212201841038933,-1.3530355052051597,-1.42,-1.4196964866904542,-1.3439531629358603,-1.1589846968774402,-0.8937246331397781,-0.5940254336117817,-0.301,-0.0555977372198393,0.1204018031804994,0.2041240066510741,0.223807419303383,0.2162376991883805,0.186,0.1670953403868969,0.1632288318023428,0.1579344022305315,0.1568867219482757,0.154294581106805,0.1530000000000001,0.1532377895915815,0.1524796563693458,0.1542009832571263,0.1554256429268857,0.1575203966239977,0.16,0.1632706378289958,0.166199732398896,0.1686805941917541,0.1723487054566133,0.1744241167072555,0.1779999999999999,0.1800356545885168,0.179872876035768,0.1795868432027129,0.176776796192919,0.1745243660118589,0.1700000000000002,0.1648501943231445,0.1590810859848485,0.147479131235523,0.135496775092846,0.124810506705551,0.1119999999999998,0.0946080344646319,0.0790862018995721,0.0700297603654723,0.0616123131220471,0.0548555642304468,0.0489999999999999,0.0423081594989828,0.0357224505378118,0.0289822025895031,0.022142497095898,0.0145601329992532,0.009,0.0040632806245338,-0.0009800208360746,-0.0069267534191275,-0.015401288826191,-0.0222534441235351,-0.029,-0.0342562173445499,-0.0385762589656653,-0.0445292041937764,-0.0483477590163441,-0.0531208693446595,-0.058,-0.0620137368843019,-0.0671265064015028,-0.0717865226300491,-0.0772378766754563,-0.0817886828272832,-0.0860000000000001,-0.0903011112692285,-0.0936283416271054,-0.0968327599746327,-0.0985462578568608,-0.1004829668336156,-0.103,-0.1055054173424358,-0.1075161964452401,-0.108811399611553,-0.1108325641363327,-0.1121977529898523,-0.1129999999999998,-0.1130236688871875,-0.1135003787836974,-0.1143728684342002,-0.1135992160057983,-0.1128166166607043,-0.1109999999999998,-0.1092702399148802,-0.1072804450052404,-0.1042099062495248,-0.1022535491884429,-0.0993047027600778,-0.0960000000000001,-0.0926906497183806,-0.0894193804926403,-0.0849999690734496,-0.0783261017592562,-0.0730494695896212,-0.068,-0.0637409256711676,-0.0592880407158926,-0.0539718682699184,-0.0509026385983446,-0.0471816919607525,-0.0440000000000002,-0.0408557407402788,-0.036552563925232,-0.0323889069440251,-0.0266276212340549,-0.0223434529626064,-0.0190000000000001,-0.0148352211022596,-0.0106182087114579,-0.0071181919423167,-0.0053893796769398,-0.0037282632327838,-0.0039999999999998,-0.0056405784750383,-0.0082754158451687,-0.0127208252184744,-0.016336305744559,-0.0196164028775965,-0.022,-0.0251766915646412,-0.0289132363166388,-0.0317207309585,-0.0355919779721649,-0.0384592921850066,-0.0409999999999999,-0.0435963193941628,-0.0454108119100976,-0.0465799362023611,-0.0474888798082073,-0.0493316652301434,-0.0499999999999999,-0.0508017205094495,-0.0511509151298867,-0.0512308159196394,-0.0523166957310026,-0.0519252671533468,-0.0529999999999997,-0.0539801669704555,-0.0544898443496826,-0.0553622844305596,-0.0547746555005132,-0.055036407019981,-0.0539999999999998,-0.0538288746660969,-0.0537706474406946,-0.0520516723605908,-0.0520291990375635,-0.0506340570587124,-0.0499999999999999,-0.0493455560962914,-0.0480690605319251,-0.0475039259241234,-0.0449311022954718,-0.0438870001957122,-0.0419999999999999,-0.0414604530293674,-0.044849635580016,-0.0476504929679065,-0.051736469747697,-0.0542891986637686,-0.0560000000000001,-0.0578719092359693,-0.0584140458310519,-0.0601742874312713,-0.061311058468724,-0.0622036476085045,-0.063,-0.0645700779020435,-0.0660113783045303,-0.0661185661936391,-0.0676875327559936,-0.0678922494251872,-0.0679999999999999,-0.0688944855664017,-0.0695885092687317,-0.070258919786729,-0.0699842049326681,-0.0712807367737194,-0.0710000000000002,-0.07076161133237,-0.0714292720264806,-0.0704432919404794,-0.071688068335582,-0.0718537226953861,-0.072,-0.0729976047308996,-0.0732746217139527,-0.0753382739165703,-0.0761311796718421,-0.0773840292155494,-0.0789999999999998,-0.0812644742251882,-0.0844554627204969,-0.0863394354492903,-0.0964789008766006,-0.1132190251320653,-0.126,-0.1359748769534337,-0.1465664855446684,-0.1573523896829606,-0.166450544998637,-0.1745369118330815,-0.1809999999999999,-0.186073678398969,-0.1899813782682103,-0.1923754654388534,-0.1951444860948065,-0.1973625476684049,-0.1990000000000002,-0.199966904111294,-0.1995829241748284,-0.1976432557487667,-0.1948748868620245,-0.1910212470660303,-0.1850000000000002,-0.1772911241193694,-0.1623389359893218,-0.1449608934547022,-0.1294709088389214,-0.110106902219163,-0.0949999999999999,-0.083536989538257,-0.0707604179952339,-0.0590404611567226,-0.0475679975860725,-0.0382692828106073,-0.0299999999999999,-0.0254554205742605,-0.022655588268151,-0.0189465738321903,-0.0175240080130535,-0.0156832102913427,-0.0160000000000001,-0.0161087561743707,-0.0172510526311881,-0.0215332761609174,-0.0241106959805701,-0.0325504149798919,-0.0539999999999999,-0.0967495832474691,-0.1597272309113685,-0.2438584667829173,-0.3603403113803654,-0.5036503176235797,-0.673,-0.858572407187235,-1.044979001660431,-1.222087492522738,-1.3721452610954616,-1.4842773064651302,-1.529,-1.4852969235384217,-1.3523941228544645,-1.1339867133393884,-0.8621878539074315,-0.5711409637446083,-0.306,-0.1024390430095299,0.0276596981085565,0.0775444968033345,0.0899677704544569,0.096369653628829,0.0909999999999998,0.0863112644963765,0.0843629449115795,0.0810995571918585,0.079561722780661,0.0790078860871725,0.0809999999999999,0.0859217978576702,0.0906567878594531,0.0938472009983206,0.0975267762541607,0.1004776669270559,0.1029999999999999,0.1056222256126443,0.1073031168930695,0.1088517505123472,0.1087423958729285,0.1077799423795323,0.1059999999999998,0.1042517613923764,0.1023794985982611,0.0987915045017635,0.095696186363046,0.0893486655558061,0.081,0.0757487970412234,0.0727225524592686,0.0711040034964863,0.0691870445717333,0.0678173276972437,0.067,0.0661833416526579,0.0647902705032411,0.0631764219041665,0.062918493409216,0.0616547244206573,0.0599999999999999,0.0575528648248045,0.0554988828701233,0.0535333533384529,0.0494234422029994,0.0477933826729371,0.0439999999999999,0.0364567342454563,0.0291673688440325,0.0214334181727942,0.0163908345259507,0.0135313740879366,0.012,0.0096406510577927,0.0072475069015893,0.00647458543653,0.0038840732473979,0.0030118417075538,0.0019999999999997,7.986028249078773e-05,0.0001546175514171,-0.0005613885272535,-0.0012151002307813,-0.0022510519937414,-0.0029999999999998,-0.0037423083615952,-0.0048097549814043,-0.0053882106522639,-0.0062338334483792,-0.0059657862310986,-0.0070000000000001,-0.0072084496254487,-0.0066898001900353,-0.0072909296945665,-0.0069397661506137,-0.0083093096486459,-0.008,-0.0076979362013004,-0.0090312868125162,-0.0087742393584095,-0.0091925441771418,-0.0089907116146994,-0.0109999999999996,-0.0131075936846611,-0.0109248191705642,-0.0048712136116461,0.0027178019769379,0.0067245937199754,0.0130000000000001,0.0199919786216574,0.0252641132559282,0.0322109371771388,0.0388532533640282,0.0493838029804932,0.06,0.0690928745425807,0.0776339795076751,0.0831821893770745,0.089786934071394,0.09630945232855,0.1039999999999999,0.1101795537987125,0.1146649932425953,0.1200997443502368,0.1231839610931061,0.1280671078382079,0.1309999999999999,0.133147052022171,0.1371786264051253,0.1390090437505039,0.1426766247240443,0.1453298315498457,0.1470000000000001,0.1466162259066998,0.1431749795863302,0.1399691200660411,0.134923272246976,0.131413780726202,0.127,0.1224917098765987,0.1205708449578128,0.1201407587622824,0.1236265955831129,0.1264724405536022,0.13,0.1334893127462631,0.1369081821673672,0.1417203540703517,0.1433987649928396,0.1438931025403739,0.1400000000000002,0.1355562560761936,0.1317070177515459,0.1248714212582893,0.1204956162527258,0.1161425131795946,0.1140000000000001,0.1124902663901929,0.1109371393381285,0.1105647996048753,0.1080969444592803,0.1080371932735642,0.106,0.10556112929933,0.1066709792982477,0.1055138116120068,0.1083142223220254,0.1089004703891715,0.1099999999999999,0.1103470680620815,0.1098816970889572,0.1124181511930594,0.1113682341061346,0.1124426775600243,0.1129999999999999,0.113554739662611,0.1146554667010587,0.1133226355332265,0.1143833350067622,0.1125217805797011,0.1129999999999999,0.1126302218081383,0.1110237942279527,0.1131420856170295,0.1108275980564521,0.1114115866911569,0.111,0.1104671541805861,0.1124811539657958,0.1111780769182364,0.1129176907294682,0.1128040758198192,0.1140000000000002,0.1144193964960319,0.1137937624230397,0.116209429993433,0.113939371939408,0.1156976915868755,0.1160000000000001,0.1147238458544398,0.1151666706834264,0.1124924346049306,0.1135693599572098,0.1112965501108309,0.1110000000000001,0.1107363025719262,0.1083092074275956,0.1097524923178917,0.1063912730238448,0.1062560139041388,0.104,0.1016749941514585,0.1015984248570852,0.0938772136607335,0.0876941344213208,0.0792082628715592,0.0750000000000001,0.0715881634430881,0.0636483573202066,0.0550381761397958,0.037913017099643,0.0276492612332254,0.0179999999999999,0.0086658154740884,0.0055300642473024,-0.0004926173216926,-0.0006386998108758,-0.0040323899905437,-0.0050000000000001,-0.0043921061949359,-0.0056982342556042,-0.0016212764336708,-0.0023458326689367,0.0037380898809908,0.0079999999999999,0.0154651404694335,0.0342808926169161,0.0472797340292485,0.0618517920079114,0.0701240042430033,0.08,0.0928586591161924,0.1066532038330946,0.1269105737546736,0.139744640248861,0.1548872688056602,0.1589999999999999,0.1604445165621172,0.1654062808038231,0.1626042171826735,0.1686310947683574,0.1658358256102916,0.1679999999999999,0.1695134218530859,0.1648647391099535,0.169203761587966,0.1613627820742671,0.1629961839406514,0.157,0.1497057493984088,0.1417198084984502,0.0962395868419653,0.0346473408707855,-0.0663969850793449,-0.188,-0.3359011809273988,-0.5135845717492623,-0.6885881865000985,-0.883542909727548,-1.0422691695367372,-1.1809999999999998,-1.2654777024588093,-1.2712181303540289,-1.2334974471369204,-1.0579255668851324,-0.8307923951629558,-0.5539999999999999,-0.2789519983067443,-0.0842878872619197,0.093644559585464,0.0422952079697749,0.1475635474653524
