0,1,2,3,4,5,6,7,8,9,10,11,12,13,14,15,16,17,18,19,20,21,22,23,24,25,26,27,28,29,30,31,32,33,34,35,36,37,38,39,40,41,42,43,44,45,46,47,48,49,50,51,52,53,54,55,56,57,58,59,60,61,62,63,64,65,66,67,68,69,70,71,72,73,74,75,76,77,78,79,80,81,82,83,84,85,86,87,88,89,90,91,92,93,94,95,96,97,98,99,100,101,102,103,104,105,106,107,108,109,110,111,112,113,114,115,116,117,118,119,120,121,122,123,124,125,126,127,128,129,130,131,132,133,134,135,136,137,138,139,140,141,142,143,144,145,146,147,148,149,150,151,152,153,154,155,156,157,158,159,160,161,162,163,164,165,166,167,168,169,170,171,172,173,174,175,176,177,178,179,180,181,182,183,184,185,186,187,188,189,190,191,192,193,194,195,196,197,198,199,200,201,202,203,204,205,206,207,208,209,210,211,212,213,214,215,216,217,218,219,220,221,222,223,224,225,226,227,228,229,230,231,232,233,234,235,236,237,238,239,240,241,242,243,244,245,246,247,248,249,250,251,252,253,254,255,256,257,258,259,260,261,262,263,264,265,266,267,268,269,270,271,272,273,274,275,276,277,278,279,280,281,282,283,284,285,286,287,288,289,290,291,292,293,294,295,296,297,298,299,300,301,302,303,304,305,306,307,308,309,310,311,312,313,314,315,316,317,318,319,320,321,322,323,324,325,326,327,328,329,330,331,332,333,334,335,336,337,338,339,340,341,342,343,344,345,346,347,348,349,350,351,352,353,354,355,356,357,358,359,360,361,362,363,364,365,366,367,368,369,370,371,372,373,374,375,376,377,378,379,380,381,382,383,384,385,386,387,388,389,390,391,392,393,394,395,396,397,398,399,400,401,402,403,404,405,406,407,408,409,410,411,412,413,414,415,416,417,418,419,420,421,422,423,424,425,426,427,428,429,430,431,432,433,434,435,436,437,438,439,440,441,442,443,444,445,446,447,448,449,450,451,452,453,454,455,456,457,458,459,460,461,462,463,464,465,466,467,468,469,470,471,472,473,474,475,476,477,478,479,480,481,482,483,484,485,486,487,488,489,490,491,492,493,494,495,496,497,498,499,500,501,502,503,504,505,506,507,508,509,510,511,512,513,514,515,516,517,518,519,520,521,522,523,524,525,526,527,528,529,530,531,532,533,534,535,536,537,538,539,540,541,542,543,544,545,546,547,548,549,550,551,552,553,554,555,556,557,558,559,560,561,562,563,564,565,566,567,568,569,570,571,572,573,574,575,576,577,578,579,580,581,582,583,584,585,586,587,588,589,590,591,592,593,594,595,596,597,598,599,600,601,602,603,604,605,606,607,608,609,610,611,612,613,614,615,616,617,618,619,620,621,622,623,624,625,626,627,628,629,630,631,632,633,634,635,636,637,638,639,640,641,642,643,644,645,646,647,648,649,650,651,652,653,654,655,656,657,658,659,660,661,662,663,664,665,666,667,668,669,670,671,672,673,674,675,676,677,678,679,680,681,682,683,684,685,686,687,688,689,690,691,692,693,694,695,696,697,698,699,700,701,702,703,704,705,706,707,708,709,710,711,712,713,714,715,716,717,718,719,720,721,722,723,724,725,726,727,728,729,730,731,732,733,734,735,736,737,738,739,740,741,742,743,744,745,746,747,748,749,750,751,752,753,754,755,756,757,758,759,760,761,762,763,764,765,766,767,768,769,770,771,772,773,774,775,776,777,778,779,780,781,782,783,784,785,786,787,788,789,790,791,792,793,794,795,796,797,798,799,800,801,802,803,804,805,806,807,808,809,810,811,812,813,814,815,816,817,818,819,820,821,822,823,824,825,826,827,828,829,830,831,832,833,834,835,836,837,838,839,840,841,842,843,844,845,846,847,848,849,850,851,852,853,854,855,856,857,858,859,860,861,862,863,864,865,866,867,868,869,870,871,872,873,874,875,876,877,878,879,880,881,882,883,884,885,886,887,888,889,890,891,892,893,894,895,896,897,898,899,900,901,902,903,904,905,906,907,908,909,910,911,912,913,914,915,916,917,918,919,920,921,922,923,924,925,926,927,928,929,930,931,932,933,934,935,936,937,938,939,940,941,942,943,944,945,946,947,948,949,950,951,952,953,954,955,956,957,958,959,960,961,962,963,964,965,966,967,968,969,970,971,972,973,974,975,976,977,978,979,980,981,982,983,984,985,986,987,988,989,990,991,992,993,994,995,996,997,998,999,1000,1001,1002,1003,1004,1005,1006,1007,1008,1009,1010,1011,1012,1013,1014,1015,1016,1017,1018,1019,1020,1021,1022,1023,1024,1025,1026,1027,1028,1029,1030,1031,1032,1033,1034,1035,1036,1037,1038,1039,1040,1041,1042,1043,1044,1045,1046,1047,1048,1049,1050,1051,1052,1053,1054,1055,1056,1057,1058,1059,1060,1061,1062,1063,1064,1065,1066,1067,1068,1069,1070,1071,1072,1073,1074,1075,1076,1077,1078,1079
-0.0259999999999999,-0.0521662337610058,-0.0435421702862901,-0.065640839899982,-0.0418812588018286,-0.0355728658434603,0.0050000000000001,0.0692373984464425,0.1461724097635993,0.2496284288884162,0.3476740979228234,0.4587162404810954,0.5629999999999998,0.6581269752576918,0.722709114870381,0.7471336568301036,0.754221817518044,0.7199609562752062,0.6540000000000001,0.5473899633737674,0.4102965795385762,0.2656052042800256,0.1101910389194836,-0.0309157166053269,-0.1609999999999992,-0.2698761592551405,-0.3508410364159931,-0.3975491229888057,-0.409241599519399,-0.4193700727987428,-0.4060000000000002,-0.3741187914829509,-0.3398092716161746,-0.2945734490976157,-0.2597207666031794,-0.2316865217351687,-0.2129999999999997,-0.2030638307266037,-0.1936768142875127,-0.186719501092418,-0.1772363672839403,-0.170852510367572,-0.1620000000000001,-0.1505377304209673,-0.1351156823512305,-0.1198786313753054,-0.1111522103781005,-0.0924775725589915,-0.0710000000000001,-0.0509175703898964,-0.0348888705822779,-0.0253928765630788,-0.0155740457012,-0.012710504247261,-0.0079999999999995,-0.0048224195504933,-0.0045918061558205,-0.0009287025098708,-0.0012936629161555,0.0020007349977776,0.0049999999999998,0.0079362597299357,0.012330627858055,0.0144931110378848,0.0206595935996343,0.0246544411260556,0.0320000000000003,0.0438517900823699,0.0544834913277966,0.0654232793582062,0.0749180617693887,0.0878563012549359,0.1019999999999997,0.1183327720614671,0.1362573642785962,0.1534307888739799,0.1702074938847401,0.1823345168508829,0.196,0.2086010093353419,0.2233070495565116,0.242014138840352,0.2567223750622613,0.2735049586129113,0.2890000000000001,0.3045820566613079,0.3205646364489736,0.3343377988695569,0.3477667634737732,0.3538367850710773,0.3599999999999991,0.3655037167137132,0.3682386811534548,0.3720568141887169,0.3712371688711505,0.3696413810915443,0.3649999999999995,0.3589517522423256,0.3533645062208667,0.3439926326018772,0.3313472052723356,0.3147495326001431,0.302,0.2890368161814993,0.2748545378985021,0.2613347052908931,0.2392246394259028,0.2139008390849434,0.1870000000000002,0.1616361652799346,0.1375720705717402,0.1114300500036527,0.0870956670371628,0.0577469121945233,0.0279999999999999,-0.000993903958763,-0.0286021874628828,-0.0478751390967444,-0.0664469132177634,-0.0799481918758305,-0.0870000000000007,-0.0929852777405136,-0.097953698612349,-0.1025268250785068,-0.1049096494890184,-0.1088813674997528,-0.1110000000000003,-0.11158904865397,-0.1132477329526792,-0.1121335995785264,-0.1122789027855341,-0.1117007836414508,-0.1109999999999999,-0.1119151282628353,-0.1124340975649034,-0.1138679378248473,-0.1137950118616508,-0.1142268136843369,-0.1149999999999994,-0.1149490865218318,-0.1150998469633296,-0.1151190867008617,-0.1168074705794685,-0.1182236023687834,-0.12,-0.1218625054686331,-0.1220424969982532,-0.1219567000537926,-0.1222049601610134,-0.123188064087321,-0.1240000000000002,-0.1263753164311693,-0.1291242983817975,-0.1313359434428503,-0.1313386423071606,-0.12555293344984,-0.118,-0.1095314366070762,-0.1040417271196022,-0.1009928429471969,-0.0961626713941299,-0.0935131538226911,-0.0889999999999998,-0.085231934110984,-0.0840401403930867,-0.0814477337810627,-0.0811631172008441,-0.0807934991347883,-0.0799999999999999,-0.0799361788788639,-0.0810712614872131,-0.0831972076975518,-0.0847082988635481,-0.0875687122273216,-0.0889999999999995,-0.0905279867898381,-0.0924576123543274,-0.0945031372911828,-0.0985522241508447,-0.1001390903645732,-0.1009999999999997,-0.0990105171443602,-0.0933350498770739,-0.0871713430635133,-0.0806551438421342,-0.0775367862514982,-0.0739999999999997,-0.0711685746875564,-0.0700750397099046,-0.0672156654921565,-0.0652699025559394,-0.0623821594148626,-0.061,-0.0603606531176271,-0.0589302409852635,-0.0592893976784504,-0.0586819673153537,-0.0592563838350327,-0.0599999999999998,-0.0606889928131616,-0.0619323602053758,-0.062179371214561,-0.0636224426951496,-0.0639918597519996,-0.0649999999999997,-0.0660519968804028,-0.0658276963962531,-0.0659612744561058,-0.0642381923015706,-0.064164421334194,-0.0640000000000001,-0.0629596704105408,-0.0632722067216678,-0.0623001036807188,-0.0619530747985153,-0.0605550338469388,-0.0590000000000001,-0.0590926769145902,-0.0582375252044335,-0.0580123752213013,-0.0577734923371086,-0.056805439417778,-0.0559999999999998,-0.0552290282429571,-0.0536942459776519,-0.0523177801410901,-0.0517384625899449,-0.0508838767463289,-0.051,-0.0502504862335045,-0.0497219395183406,-0.0502343863691316,-0.04996279986371,-0.0514007781053897,-0.0530000000000002,-0.0546426335934345,-0.0558288546695936,-0.0566908787366775,-0.0587214958206883,-0.058983375757142,-0.0599999999999991,-0.0609744294169761,-0.0614868620125675,-0.0623599505864582,-0.0618962734403849,-0.0633433751327483,-0.0630000000000001,-0.0619085673281418,-0.0622529269066142,-0.0619693522670791,-0.0634599524027389,-0.0580361821231338,-0.046,-0.0366292081792649,-0.0287476071236619,-0.0224337118696839,-0.0166023217728461,-0.0109594199325331,-0.0060000000000003,-0.0016209027639257,0.0009038906521308,0.0043009180974364,0.0086180931703216,0.0114841579126619,0.014,0.0158980356069134,0.0155285245906883,0.0139054994127676,0.0101591754236291,0.005029737575319,1.213670382672951e-16,-0.007373799817535,-0.0161409761511708,-0.0308408075731247,-0.0484821472956325,-0.0601837229216555,-0.0740000000000004,-0.0865393397782763,-0.0916132183029437,-0.0948203183507416,-0.0966968196129851,-0.0997049643990422,-0.102,-0.1028031613948192,-0.1029401760231719,-0.0998944136276285,-0.0970032007647333,-0.0944933806018857,-0.0930000000000008,-0.0923120337382246,-0.090548092513025,-0.0892393198815165,-0.0869165690668689,-0.0846403298466116,-0.0829999999999997,-0.081969994446531,-0.0826390221731907,-0.0834761196947601,-0.08435067619344,-0.0852399724341841,-0.0880000000000004,-0.0922720161175175,-0.0955490357098855,-0.0997970204919232,-0.1049528401723624,-0.1087662156125904,-0.1160000000000004,-0.1288859438010939,-0.1339037698965955,-0.126451597657555,-0.1095732058331783,-0.0726835352913089,-0.0140000000000002,0.0638655027063425,0.1615656499412069,0.2689625140614307,0.3796894294088681,0.4925361985489465,0.6030000000000004,0.7023343586840921,0.7680271855439113,0.7881952096785593,0.7747561040594707,0.7182459907091475,0.6109999999999995,0.4790216810654299,0.3331853541038738,0.1808904265344116,0.0363857655928616,-0.0960469450776836,-0.207,-0.2994165986869617,-0.3716062981017613,-0.4090192179248293,-0.4160915557281901,-0.4061223308331346,-0.3840000000000007,-0.3414805817524591,-0.29136910978422,-0.2584747814667124,-0.2318018051816138,-0.2023725973784858,-0.1790000000000002,-0.1592624629652061,-0.1364227423512602,-0.1145168859421258,-0.0999742499605413,-0.0887839156534198,-0.0780000000000004,-0.0679207673703286,-0.0590511937266559,-0.0515282037344863,-0.0441550339587132,-0.037638619246648,-0.0290000000000002,-0.0203549225433808,-0.013840476802215,-0.0068942435402034,-0.0027231250084713,0.0009062346184395,0.0060000000000004,0.0109116826347429,0.0166888993587285,0.0223719260839416,0.0286443282561489,0.0352912106908801,0.0420000000000005,0.0502317747345726,0.0588726570064284,0.066208622670366,0.0724164030822942,0.0780619051397242,0.083,0.0880384625987893,0.0923878459698967,0.0967893197530155,0.1021135255013257,0.1069693507355054,0.1119999999999998,0.1161885348668906,0.1211575734003407,0.1295935826129893,0.1459396064295156,0.172836885872148,0.201,0.2256439822330788,0.244388091270818,0.2579020101648038,0.2710269100200452,0.2808634058343459,0.2949999999999998,0.3181989640360088,0.3400912024052312,0.3551716945154486,0.3640162843261761,0.3700183935043722,0.3730000000000001,0.3745581192170631,0.3765878858971239,0.3775888312686891,0.3804001661620543,0.3834471801271782,0.3839999999999997,0.3789881998751387,0.3664769440853898,0.3482211965564208,0.3212671147452338,0.2928601246422529,0.2719999999999999,0.255100258720624,0.2405851085849584,0.2255663639762193,0.2050609308538589,0.1796904235802854,0.1529999999999997,0.129222355289763,0.1090233628208405,0.0885149086588755,0.0679623643889738,0.0477581813738383,0.0239999999999998,-0.0010599849892789,-0.0263386137289945,-0.0529751509321512,-0.0772928126744615,-0.0976615941583318,-0.1120000000000003,-0.1241147378815901,-0.1394761388897171,-0.1508156790677745,-0.1555315625424083,-0.1599680608648822,-0.1640000000000004,-0.1664689906372546,-0.1692314095055264,-0.1702952595414806,-0.1698859670724827,-0.1699753182875073,-0.169,-0.168096212728531,-0.1674291769160003,-0.1664163522965515,-0.1657118343464155,-0.1648320867549911,-0.1640000000000002,-0.1623458364307091,-0.1611713046976588,-0.1606149715145683,-0.1596287280646165,-0.1587732179625809,-0.1569999999999998,-0.1553536616666366,-0.1530575429988865,-0.15084887369578,-0.1491951285217496,-0.1465227806875589,-0.1449999999999995,-0.1418237288993441,-0.138655851352575,-0.1365157308573844,-0.1323955609807589,-0.13089376243896,-0.1289999999999997,-0.126249528008233,-0.1250415520895467,-0.1218978855616169,-0.1188838080705189,-0.1151069961989696,-0.1109999999999998,-0.1077334848248318,-0.1041547348301627,-0.1012756612320883,-0.097333790052759,-0.0946834645269633,-0.0930000000000001,-0.0903574290507788,-0.0892847839399123,-0.0884159567424236,-0.0879479632357878,-0.0879848524235079,-0.0879999999999999,-0.0880703331556633,-0.0878000416713673,-0.0885956649952524,-0.0890306492142855,-0.0890367074176701,-0.0889999999999999,-0.0881593612910412,-0.0874059412950594,-0.086330588723366,-0.0860306453255564,-0.0858702965058171,-0.085,-0.08500454957981,-0.0844577499747535,-0.0834417100565568,-0.0825479353052144,-0.0805568346670924,-0.0790000000000004,-0.0782332904806237,-0.0767094210408194,-0.0750016728096924,-0.0732986888887284,-0.0717131042813916,-0.0700000000000006,-0.0674562669037184,-0.065638802470414,-0.0636720971921192,-0.0609219545143582,-0.0585113061691571,-0.0559999999999998,-0.0542971100636932,-0.0526056223780983,-0.0517041276747533,-0.0521508792452561,-0.051993339025714,-0.0529999999999999,-0.0539569482073822,-0.0544272778647341,-0.056062686091583,-0.0575889944867247,-0.0593788858801395,-0.061,-0.0626572816846428,-0.0638773304915295,-0.064245281998985,-0.0657164375799108,-0.0672399511398603,-0.0680000000000004,-0.0673597350130125,-0.0651023012805087,-0.0621470056622815,-0.0584297291707177,-0.0540911902544832,-0.0500000000000003,-0.0481997499909126,-0.0467941993574374,-0.0451733658094404,-0.0449303376703762,-0.0436250666758141,-0.0419999999999997,-0.0411214459438959,-0.0408793817974231,-0.0411058325538421,-0.0409406124564458,-0.0409756658220515,-0.0399999999999996,-0.0383428277607741,-0.0365570046397465,-0.0357758487065431,-0.0359392475709172,-0.0347800818968923,-0.0350000000000002,-0.0344842035115007,-0.0318321939875561,-0.0297835868871799,-0.0265673794855673,-0.0234374491772342,-0.0200000000000006,-0.0151159176813288,-0.0084932735074835,0.0006352920816889,0.0094378462067556,0.0191133859231554,0.0299999999999997,0.0393967969570025,0.0465171390995341,0.0531080147762161,0.0613685838746889,0.0681206401730138,0.0729999999999997,0.0766178147079748,0.0773922583682981,0.0755448492497533,0.0709812552069176,0.0659618402707835,0.0589999999999998,0.0505337845329118,0.0420405975460637,0.0272238125623235,0.0113835965134122,0.0026655932384634,-0.0039999999999999,-0.0115372444255791,-0.0184735654023038,-0.0245785098967545,-0.0302750214387204,-0.0362174033938103,-0.0419999999999997,-0.0462692983169296,-0.0502015948409389,-0.054435462792362,-0.0566358118936605,-0.0584463963005311,-0.0599999999999995,-0.0578265156040514,-0.0531740946543357,-0.0472469341622759,-0.0401551626791426,-0.0337921318460663,-0.0269999999999998,-0.0179265540877267,-0.0089013745663985,-0.0027262896601678,-0.0008532231745602,-0.0039616576177258,-0.0099999999999995,-0.0165565794907915,-0.0252335910674603,-0.0381534309882575,-0.0502953526965752,-0.0586903899063534,-0.07,-0.080346605997085,-0.0772106752263404,-0.0608503980056244,-0.0309907835615144,0.0169093990983238,0.0800000000000001,0.1605027356299805,0.2601392042192916,0.3786711246199643,0.5168497617565861,0.6574924509959857,0.7890000000000005,0.8950882249884639,0.945956063204852,0.9545427506574092,0.9209539675701968,0.8120453260714329,0.6379999999999999,0.4215645594320386,0.1880118731316804,-0.0296456015960831,-0.2175475051006184,-0.3542245704973747,-0.4299999999999999,-0.4595755494544189,-0.4554633738790201,-0.4326238508062499,-0.392346472500558,-0.3366098855211056,-0.2849999999999997,-0.2391220568993325,-0.1947149166570807,-0.1525562356848658,-0.1063225096331273,-0.0709848546720385,-0.06,-0.0567536391244163,-0.0536317913084726,-0.0521272715989354,-0.0503811071700949,-0.0499740959807088,-0.0489999999999998,-0.0473272550754693,-0.0452300721081467,-0.0420039155131887,-0.0385296378300835,-0.0340434721898734,-0.0289999999999997,-0.0211651398450286,-0.0087074159535268,0.005494127889241,0.0170547885308378,0.0242162801510735,0.0299999999999997,0.0350800844864993,0.0398761404907511,0.0451547082299439,0.0497409901429109,0.0537506319517087,0.0570000000000002,0.0602527874576443,0.0642711051204209,0.0685574486679507,0.0726972424495908,0.0783069601412789,0.0850000000000001,0.0907193712781728,0.0982949357715799,0.1082302594358922,0.1222190312160537,0.1377499434337657,0.1480000000000002,0.1572053564887499,0.164704357212457,0.1712411310018632,0.1811519023589178,0.1909712738166933,0.2019999999999995,0.2122363571122085,0.2212003562499846,0.2304615288023762,0.2406732896643917,0.2579206783027129,0.2769999999999996,0.2957841040385754,0.317639564312234,0.3370194003742768,0.3508171633914757,0.3594668113911805,0.3660000000000004,0.3696530001656407,0.3716607938099842,0.3751505784854105,0.3783761555657887,0.3827629010029977,0.3810000000000003,0.3704443660724433,0.3570211942824578,0.3373643261221105,0.3157912342863144,0.2990031691810085,0.2849999999999995,0.2681189069918203,0.2460913258265757,0.2229398334434469,0.1918755643958782,0.1492386145170587,0.112,0.0861322514403785,0.057629872497788,0.0273208028158878,0.0022068738126716,-0.0245523537768744,-0.0500000000000006,-0.0729198962790707,-0.0993342557149243,-0.1202914203443718,-0.1319016709316006,-0.1392129090329822,-0.1440000000000001,-0.1482413703909275,-0.1512666283392983,-0.1529608210497909,-0.1547150101641369,-0.1562926580279692,-0.1580000000000002,-0.1605003710748803,-0.1625109150992818,-0.1637867312945057,-0.1660186280948235,-0.1684132874012104,-0.17,-0.1715799453172171,-0.174009347513813,-0.1761470851015098,-0.1776149031433903,-0.1792818002881188,-0.1800000000000004,-0.181498334735353,-0.1840392502566099,-0.1867321389544272,-0.1905526480353724,-0.1935022453414328,-0.1959999999999997,-0.1964378468340895,-0.1929857364313662,-0.1873773168421648,-0.1801170322613535,-0.1753312707879399,-0.1719999999999998,-0.1677033069184803,-0.164543225073491,-0.1600082636386193,-0.1554211549668465,-0.1523874418630041,-0.1489999999999998,-0.1463998230911352,-0.1445681706484564,-0.1434215026935084,-0.1426734304662427,-0.1418947872983693,-0.1419999999999994,-0.1427650846535177,-0.1442918143686515,-0.1457461101570092,-0.1461127868178111,-0.1473769664019963,-0.1490000000000003,-0.1490343085104661,-0.1490658948525252,-0.1485062630595065,-0.1480550828746232,-0.1492047517830677,-0.1490000000000006,-0.1488657996725658,-0.1492322565093029,-0.1486904041647932,-0.149452499132798,-0.150010519044149,-0.1499999999999998,-0.1500473642441821,-0.1499284125087749,-0.1496814814013058,-0.1460178940899851,-0.1396924641077776,-0.1330000000000003,-0.1261822631892664,-0.121336225770579,-0.1181296721698205,-0.1143726659571911,-0.1102255214091981,-0.1070000000000004,-0.1037285896398343,-0.1002303602330862,-0.0971118515670619,-0.0936610342487228,-0.0918149490441336,-0.0909999999999998,-0.0892935878529421,-0.0882946733489863,-0.0872075995335695,-0.085176815617906,-0.0838101959675519,-0.0829999999999996,-0.0821141473971241,-0.0819152516497499,-0.082062343353115,-0.0819607747536529,-0.0820166215879674,-0.0819999999999996,-0.0819971833507968,-0.0819822317724859,-0.0820783507104768,-0.0817364671340128,-0.0808897746832214,-0.0809999999999996,-0.080332515576417,-0.0785954678744417,-0.0770943041762254,-0.0752496587452768,-0.073715267318238,-0.0720000000000001,-0.0702843331426678,-0.0687499766424485,-0.0669188702104868,-0.0652878293279507,-0.0622753526075926,-0.0589999999999998,-0.0565775022127265,-0.053316393324187,-0.0501777021824586,-0.0460204512349176,-0.0397019154362187,-0.0339999999999998,-0.0282966262619805,-0.021989283247941,-0.0177807965692819,-0.0148696618015305,-0.0126580813461155,-0.0109999999999998,-0.0084620813423384,-0.0066502368073648,-0.0046161038561105,-0.0021286986083253,-0.0007342099965817,0.0010000000000002,0.0026426833813257,0.0049229942444905,0.0072372653004089,0.0085235211863912,0.010393109150732,0.012,0.0136797831658955,0.0147739919161609,0.0157098408150192,0.017886743056957,0.0191644313304633,0.0200000000000002,0.0208156511922918,0.0221917122838392,0.0241116114167939,0.0256183786310812,0.0272864729077231,0.0280000000000003,0.0288327941797291,0.0287535976405158,0.0265301659540845,0.0238454471314536,0.0202575122804545,0.017,0.0136510288098166,0.0113217829361246,0.010375307613385,0.0078653745819867,0.005602116679736,0.0030000000000004,0.0003403973475238,-0.0012203668321637,-0.0032070806486404,-0.0043081131287093,-0.0052165546523917,-0.0059999999999999,-0.0067127213781577,-0.0084060204721133,-0.0095891301111828,-0.01028813948144,-0.0112003608355996,-0.0119999999999999,-0.0119940838026034,-0.0125462544222505,-0.0133380504888135,-0.0125908628703028,-0.0118995867554152,-0.0109999999999998,-0.0093403905488962,-0.0076917390275281,-0.0057112996963726,-0.0027741607196866,-0.0007424796656275,0.0010000000000002,0.0051236457225192,0.0096179597814153,0.0161209631185973,0.0199096243043046,0.0301624183186238,0.074,0.1441071920906758,0.2317423812080916,0.3399902180121386,0.460406027190682,0.5903826914805533,0.7180000000000003,0.8265638033746096,0.8925641746052114,0.9086981634977842,0.883956335446371,0.7910312216793068,0.6300000000000006,0.429295084786811,0.2116065520813767,0.0093186666451397,-0.1732132766738536,-0.3107674979856052,-0.3790000000000002,-0.4062049818891411,-0.4007955027531318,-0.3638321460811737,-0.3111133019387658,-0.2591651620772607,-0.2100000000000003,-0.1601656365369222,-0.1282957810837206,-0.1030329955346322,-0.0740804042095111,-0.0494771263105708,-0.0090000000000005,0.0340663836209181,0.0548233841703482,0.0635743328035915,0.069068265722756,0.0736612581752101,0.0719999999999999,0.0652055840547637,0.0599239186251731,0.055267701183904,0.0516289751022019,0.0485490471641353,0.05,0.0572170153640251,0.0668547752879639,0.0766398948756342,0.0834895474003569,0.090546504042767,0.0979999999999997,0.1046615915901822,0.1108944523347298,0.116429790172319,0.1245773142175801,0.1339729696191898,0.1470000000000004,0.1639234708003369,0.1774071596233407,0.1887523191041957,0.1986413567272154,0.2064865098437619,0.2129999999999999,0.217976936088311,0.2231991646462992,0.2270901977206003,0.2304991960733435,0.2349211703841479,0.2400000000000005,0.2458708248390288,0.2514879402089839,0.2582569711826123,0.266698398198863,0.2802518578440131,0.2969999999999997,0.3082381403739614,0.317617668985327,0.3289202194541475,0.3408408680077734,0.3537494870255934,0.3710000000000003,0.3930948080596488,0.4078877949228282,0.4149015723487835,0.4215084783104427,0.4256596995145792,0.4289999999999995,0.4309118398647356,0.4310997306652158,0.4300672281967868,0.4263502185096934,0.4220130050673641,0.4150000000000002,0.4068160554531409,0.3938578643694816,0.368867337103345,0.3439301203246437,0.3238760065106857,0.2999999999999995,0.2740862417306583,0.2485140338863625,0.2220169664366016,0.1952282245141084,0.167306123187804,0.1390000000000001,0.1115356974747262,0.083751810814753,0.0579522327320709,0.0349245278950986,0.0126877671607776,-0.0070000000000003,-0.0259347953649099,-0.0471418376070492,-0.0696061590752761,-0.0941601435887937,-0.1200379136839746,-0.142,-0.1588674060357857,-0.1743026877865769,-0.1872939694412541,-0.196215776944391,-0.2033314499120218,-0.2089999999999998,-0.2132550686211274,-0.2167356194320739,-0.2197312399010613,-0.2214774501062491,-0.2221902311243281,-0.2240000000000002,-0.2257535072323371,-0.2271538316212358,-0.2295151695620257,-0.2318357723857471,-0.2331941381015519,-0.2339999999999999,-0.2348924376304584,-0.2350483209480696,-0.235039847978824,-0.2347590988393093,-0.2338496845353948,-0.2329999999999997,-0.2298422082129382,-0.2261005710433392,-0.2232397625795598,-0.2194524105839017,-0.2165118290004141,-0.2140000000000003,-0.2114533620613897,-0.2090850300231265,-0.2063991446663192,-0.2040902912677989,-0.2014442347298393,-0.1990000000000004,-0.1965970276000571,-0.1933450453699808,-0.1900335109185475,-0.1865084692028818,-0.1820139649000326,-0.177,-0.1727947731651384,-0.1686617457617724,-0.1648091941774935,-0.1619032154600985,-0.159627292513916
-0.1579999999999998,-0.1554812884167682,-0.1540348127403419,-0.1537706138695468,-0.1524432999127247,-0.1520083975108517,-0.1520000000000001,-0.152006688156723,-0.1514954350210388,-0.1503769052725326,-0.1496102529142707,-0.1475257622854638,-0.1460000000000003,-0.1445269498471755,-0.1417783427709779,-0.1401703488291164,-0.1378036987482169,-0.1343630255730482,-0.1320000000000002,-0.1303273705782,-0.1286643939874344,-0.1270213259928081,-0.1252777254448796,-0.1237746354242346,-0.1230000000000001,-0.1214162900324166,-0.1195572379533485,-0.1181046823527263,-0.1162565667994819,-0.1147032712808775,-0.1130000000000004,-0.1113215700804201,-0.1096266291965519,-0.1083895184352115,-0.1075678508194423,-0.1055578458081981,-0.1040000000000003,-0.103159032755345,-0.102398164580891,-0.1010703473728232,-0.0995032578926054,-0.0988204810330575,-0.0969999999999998,-0.095998927135236,-0.0956032147794778,-0.0941599823160176,-0.0941353886185935,-0.0938419831138463,-0.0930000000000004,-0.0921702140828534,-0.091798130136285,-0.0922164194699248,-0.0918078411701282,-0.0921239255759224,-0.0919999999999999,-0.0911093033602099,-0.0904583314457195,-0.0893523317573941,-0.0886923973330888,-0.0863916375507527,-0.0839999999999994,-0.0825154603002513,-0.0792891744204965,-0.0764756828396881,-0.0737906252201489,-0.0703077795807558,-0.0670000000000001,-0.0636326956570242,-0.0608425866664265,-0.0589528551186728,-0.057331335540191,-0.0557307477345649,-0.0550000000000003,-0.0542316371922275,-0.0532160658814323,-0.0526685906902063,-0.0513651803737962,-0.0496685118395655,-0.0480000000000001,-0.0463612054895906,-0.0441377543754144,-0.0413665653420161,-0.0391118091761026,-0.036429230739908,-0.0339999999999999,-0.032294405413409,-0.0311694707577553,-0.030927879568725,-0.0311974610333133,-0.0322251749315274,-0.0329999999999998,-0.0337655926516002,-0.0352003134021297,-0.0374859417124302,-0.0397867237578054,-0.0413719390674591,-0.0439999999999999,-0.0457921104626505,-0.047193964800077,-0.0488435563260299,-0.0490742704834068,-0.0503104843639754,-0.0510000000000003,-0.0516733779774211,-0.0530075304510777,-0.0527467936975993,-0.0534530126142003,-0.0539882526721056,-0.0539999999999995,-0.0548402690502455,-0.0556148730997905,-0.0565842655805152,-0.0572453858598147,-0.0582278214389955,-0.0589999999999993,-0.0590584267593821,-0.058413844642197,-0.0574893118453772,-0.0564618415226922,-0.0547100419711102,-0.0540000000000003,-0.0516629972567674,-0.0492847059184033,-0.0481209337497757,-0.044380055011485,-0.041411672346211,-0.0359999999999998,-0.031235951825525,-0.0287250233220816,-0.0095786955028809,0.0348221603882413,0.106759622231245,0.2069999999999998,0.3328440574872058,0.4801480059113296,0.6304113462162425,0.7700122352950486,0.8830402187345356,0.9429999999999996,0.948605247560382,0.9019016825420324,0.7795800766804686,0.5898428619672474,0.3739056699771337,0.1519999999999996,-0.0494380608528774,-0.2129721996987352,-0.3392087912552132,-0.4034711458245527,-0.4200131129637054,-0.4279999999999999,-0.4148273715954643,-0.370548977797123,-0.3174222135297492,-0.2687923571766609,-0.21902771447967,-0.1770000000000003,-0.1515477683689018,-0.1267353942990791,-0.1011207559827044,-0.079561596193157,-0.0574019122781776,-0.033,-0.0097403139439369,0.0061927656857499,0.0214967283627227,0.0337061823185431,0.037603219229428,0.0419999999999993,0.0446905891607273,0.0473472379023595,0.0506626455642126,0.0512145144543238,0.0535599462438079,0.0550000000000003,0.0564446877955961,0.0591672675844584,0.0613367709079535,0.0639749137857792,0.0651868438180564,0.0669999999999998,0.0687574229104115,0.0706572171250963,0.0738863078139879,0.0756243341279043,0.0788314708066922,0.0829999999999995,0.0890704613274982,0.1007283404093225,0.1134125672769662,0.1240391250635605,0.1341488822382371,0.1469999999999997,0.1613577909703234,0.1738814125966759,0.1879382213209331,0.2075140273154753,0.2306742235778892,0.2539999999999994,0.2796975279709111,0.3042057540450004,0.3221433262110741,0.3386757923421292,0.3537107783668751,0.3659999999999995,0.3771503120468071,0.3847844838519481,0.3898354000286742,0.3930730324829177,0.3955281831994763,0.3980000000000001,0.3996176705094107,0.4019812919012576,0.4041885858392062,0.4054264986993459,0.4060722947715502,0.4060000000000001,0.403874962667786,0.3984586927356361,0.3922584971863042,0.3847886457546,0.3761705115882383,0.3629999999999998,0.3420715993936236,0.3251478478756732,0.3108718903941052,0.2874290222785152,0.2562905886052001,0.2199999999999999,0.1858874373001812,0.1587730911902626,0.1354811678480096,0.1173417163609594,0.1002228639307047,0.0769999999999998,0.0486283885704681,0.0234142060171098,0.0073520930663948,-0.0048238076275769,-0.0160415759011278,-0.0250000000000004,-0.0348091863842416,-0.0458112908291671,-0.0560150069805162,-0.0660647083587242,-0.075813387958144,-0.0830000000000001,-0.0880063947501826,-0.0931136229788347,-0.0972573949918421,-0.1001721533486867,-0.1037594920766729,-0.1069999999999999,-0.1094698241732782,-0.1121278497749545,-0.1140117949420717,-0.1157580657783849,-0.1171347901332503,-0.1170000000000001,-0.1177178085033797,-0.1188345469440214,-0.1193079699411339,-0.120530437129119,-0.1209755470739133,-0.1210000000000001,-0.1218794977867491,-0.1220352509662672,-0.1222912885980326,-0.1234930116393369,-0.1240213477706817,-0.1239999999999993,-0.1240452296223961,-0.1234711928349033,-0.1220770858868688,-0.1202925653980662,-0.1186496208704692,-0.1159999999999999,-0.1125518182523827,-0.1101388058028916,-0.1066508835010604,-0.1024578894012635,-0.0993966322751546,-0.0959999999999999,-0.0933662756513147,-0.0916596835374769,-0.0900596749878349,-0.0880712232954248,-0.0856036662681533,-0.0850000000000006,-0.0843488552749913,-0.0825125001763505,-0.081490766408471,-0.0806517718049268,-0.0798039073423449,-0.0779999999999999,-0.0754335375494531,-0.0736027302682699,-0.0720796477164652,-0.0701008034747832,-0.0675146131112531,-0.0660000000000003,-0.0645064264245155,-0.0617977383597843,-0.0603742384563925,-0.0596719393733469,-0.0589093324019535,-0.0589999999999999,-0.0590389195049499,-0.058932743776604,-0.0591091792478953,-0.0587475353897644,-0.0578117919252149,-0.057,-0.0561650618141625,-0.0553909847217072,-0.0539422461645882,-0.0502065231819145,-0.0449605743297671,-0.0410000000000006,-0.0405226677042545,-0.0453477360585897,-0.0557398934047312,-0.0679073866579153,-0.0822723144855062,-0.1010000000000004,-0.1181291444597301,-0.1313140093613283,-0.1423921590563626,-0.1514053300314815,-0.1579140398671138,-0.1579999999999999,-0.1524783560888192,-0.1436055242304923,-0.1315748427822201,-0.1184436073861237,-0.0996533455263682,-0.078,-0.0639866591738382,-0.0546125481311142,-0.0460809015823184,-0.0395659900536848,-0.0339729910967358,-0.0299999999999992,-0.0266918611715044,-0.0237029763332585,-0.022174245116598,-0.0199575990144948,-0.0176330919837369,-0.0159999999999997,-0.0135095406704925,-0.0114700421092842,-0.0104504878007372,-0.0098268367118339,-0.0101430582027646,-0.0110000000000002,-0.0117732660419968,-0.0133100329241296,-0.0146511326526366,-0.015505018299841,-0.0188530759029457,-0.0230000000000006,-0.0277724197378962,-0.03421980972857,-0.042727461615965,-0.0598104349771949,-0.0764197044741336,-0.0820000000000003,-0.0859576848019099,-0.090702963820148,-0.0933615417157025,-0.0938628533463988,-0.0911931836894009,-0.0850000000000002,-0.0767573145409926,-0.0654723664896118,-0.0437904933185682,-0.0232891316060342,-0.0147657974826135,-0.0080000000000001,-0.0027407192505554,0.0012425446791418,0.0049833914787262,0.0064929577413326,0.0067896096737058,0.0030000000000001,-0.0019387539678598,-0.0086236323091215,-0.0165246732213926,-0.0221937131521609,-0.0281475681132947,-0.0329999999999997,-0.0395076812340519,-0.0459877996929035,-0.0515758460961738,-0.0586611299337446,-0.06263851590189,-0.0669999999999999,-0.0706181308629946,-0.0727787392136689,-0.0754195837254954,-0.076516941321023,-0.0796914827854046,-0.0809999999999994,-0.0823135816929743,-0.0854444614474454,-0.086895569081139,-0.0907416227525682,-0.0933163270634781,-0.0959999999999999,-0.0995934390337574,-0.1012314473151954,-0.1029446070745116,-0.1027959806447007,-0.1031017961341485,-0.1019999999999997,-0.1001724828259001,-0.0985408436979267,-0.0945836238522003,-0.0919737340482252,-0.0866763896387747,-0.0809999999999993,-0.0748310292997542,-0.0640057808343379,-0.0438801355612177,0.0017193826137667,0.0733005595632066,0.1730000000000004,0.2981575713359458,0.4378033061745826,0.5854969124494636,0.721465492854552,0.8422845188585802,0.9189999999999998,0.9323918835973756,0.913925168080434,0.8330769085024995,0.6782997236606138,0.4884792745876004,0.2670000000000002,0.0466576100083881,-0.1470587063418199,-0.311068597985686,-0.4060353711795617,-0.4380615600374164,-0.4519999999999996,-0.4346552354804655,-0.3721475197948913,-0.3027055088340615,-0.2476861689711683,-0.208757073825118,-0.186,-0.1673795229938017,-0.1525316949343383,-0.1368651787150237,-0.117578433295636,-0.1035099951806083,-0.0900000000000001,-0.0757111722720312,-0.0622077329775985,-0.0502660095708867,-0.0417935054974958,-0.0332997668677001,-0.026,-0.0193723699331873,-0.0130528235167158,-0.0080486963821026,-0.003093350650496,0.0006782790689787,0.0040000000000001,0.0065253041439016,0.0095133793441963,0.0128110873674516,0.0149037817830961,0.01895650767187,0.0230000000000002,0.0262060793457009,0.0304491241055781,0.0339698942750743,0.0376972034932589,0.0431605556056914,0.049,0.059550876313177,0.0802895376186442,0.0990221864301618,0.1078020938885983,0.1141896840768083,0.1180000000000001,0.1203968780144133,0.1231790222451729,0.1255123493539661,0.1300411610926161,0.1349378386666605,0.1400000000000002,0.1450180250681735,0.1508806867638494,0.1588804677267757,0.168647311999834,0.1906966997105838,0.2220000000000001,0.2446589380332847,0.2608786124035904,0.279536471084925,0.2981127302017768,0.3140326324723908,0.3280000000000004,0.3376559468306563,0.343669912628588,0.3493577451109221,0.3533618067331615,0.3567226494062634,0.3600000000000005,0.3617747655028949,0.3623539747369308,0.3605898408028232,0.3555221409598853,0.3472138787217272,0.3380000000000004,0.321883154188451,0.2941347478999583,0.2691263559465183,0.2510973832067482,0.2351138322932905,0.2230000000000005,0.2072054943483441,0.1840380759222931,0.1584862576418917,0.1304460165878915,0.1012814499438672,0.075,0.0543756743223357,0.0389839630402075,0.0226375184988694,0.0005945113004931,-0.0239472452879132,-0.05,-0.0778440974308928,-0.1003104966480068,-0.1152846381927237,-0.1257148276212268,-0.1335065220449986,-0.1409999999999992,-0.1463001769923735,-0.1491931354944361,-0.1506982619552299,-0.1513626442542949,-0.1534902407789433,-0.1549999999999993,-0.1557158605308867,-0.157411582778027,-0.1585752411743514,-0.1593112262017889,-0.1601715450291576,-0.1610000000000002,-0.16182202707401,-0.1627283064536686,-0.163128772394984,-0.1629204132890387,-0.1630442820356888,-0.1629999999999999,-0.1622341925878498,-0.1611315854863582,-0.1613726864295538,-0.1622074578883693,-0.1619322090806706,-0.1619999999999998,-0.161285190426978,-0.1601453573776481,-0.1597428633383835,-0.15829066151577,-0.1567582451805417,-0.1559999999999997,-0.155993982277023,-0.1555143516096734,-0.154324198798548,-0.1538098132605826,-0.1527512573115411,-0.1519999999999998,-0.1512574449655821,-0.150155321605002,-0.1497598825108322,-0.148257882432264,-0.1467631988673248,-0.1450000000000005,-0.1416980052869329,-0.1383019501570243,-0.1352802367074094,-0.1332199779361476,-0.1302884832598999,-0.1269999999999993,-0.124588633157501,-0.1212652051760657,-0.118466992166322,-0.11590466043632,-0.1137096731467343,-0.1129999999999999,-0.1114243421097421,-0.1095508234973728,-0.1081296571114205,-0.1061041316495097,-0.1033960195174196,-0.1000000000000005,-0.096642305641135,-0.0933676876191302,-0.08996376753242,-0.0867005062884054,-0.0833053355860732,-0.0800000000000002,-0.0774431750189523,-0.0751046486375797,-0.072307731163429,-0.0704892021943115,-0.0698784884072161,-0.069,-0.0688859920317876,-0.0692326077220373,-0.0683899150762542,-0.067982013101607,-0.0679136674840913,-0.0669999999999998,-0.0661648149058637,-0.065270277408653,-0.0649097743273512,-0.0649085739756342,-0.0636577242945113,-0.062,-0.0611113758726433,-0.0604339627779416,-0.0593268920966232,-0.0590213629232557,-0.0588788299860875,-0.0580000000000003,-0.0580011219789672,-0.057431018453271,-0.0567400491006723,-0.0571736119772196,-0.0569053722974099,-0.0569999999999999,-0.0578294307435281,-0.0586992509478208,-0.0591753652858896,-0.0588574996336992,-0.0591352986210452,-0.06,-0.0608117185837357,-0.0621277100929252,-0.0645619725198242,-0.0667388566230949,-0.0683464294419378,-0.0699999999999998,-0.070802058961655,-0.072301698450264,-0.0736351857117995,-0.0744452111443119,-0.0764105849741387,-0.0780000000000003,-0.0796781099886772,-0.0807880119459864,-0.081466600561629,-0.0821404048634802,-0.0820286964365545,-0.0830000000000002,-0.0831589548669769,-0.082343096707249,-0.0811543882966141,-0.0793100355735789,-0.0775247417255905,-0.074,-0.0713859851526228,-0.0686584466919753,-0.0646979416959729,-0.0618746892220044,-0.0582842229351226,-0.0560000000000001,-0.0536662158357312,-0.0507162148602797,-0.0488410794038225,-0.0456591390441629,-0.0438155542429953,-0.0429999999999999,-0.0421266899127551,-0.0413141383804007,-0.0413379158738715,-0.0444559406905918,-0.0476039533229855,-0.0519999999999994,-0.0578781017748354,-0.0636072178615473,-0.0690702267207062,-0.0719038460268121,-0.0745997500830089,-0.0769999999999999,-0.0793368976546218,-0.0827740019406407,-0.0858433620239777,-0.0894747938561077,-0.0925932197150565,-0.0960000000000003,-0.0986418183836295,-0.1008101185164956,-0.1034215188468245,-0.1043230036639854,-0.1065408982856614,-0.1079999999999995,-0.108687696204386,-0.1099630927069239,-0.1100901332649429,-0.1118843648613199,-0.1131187105583687,-0.1140000000000001,-0.1149057309466561,-0.116005905799319,-0.118364064083982,-0.1193516955278885,-0.1215149045044345,-0.1229999999999998,-0.1245232230829468,-0.1260699055592065,-0.1263560853045667,-0.1290901621344106,-0.1286623632174607,-0.1289999999999999,-0.1302637265199918,-0.1288348605717161,-0.1295194673604685,-0.1284100105957869,-0.1294222043440128,-0.1290000000000001,-0.1281949106093852,-0.1331903771525844,-0.1331040161284772,-0.1282472981093117,-0.1064934859150002,-0.0620000000000001,-0.0033557624235942,0.0799688109761615,0.1900043806407725,0.3246108577330414,0.4776982531369863,0.6420000000000002,0.7965792502883076,0.9089554361541586,0.9703023256184672,0.9736182515221098,0.9314048199466818,0.834,0.6547225021108432,0.4325779537338223,0.1992340828243056,-0.0264645836189592,-0.2222499925971364,-0.3690000000000004,-0.4404909282335509,-0.4691964124384388,-0.4725107850795787,-0.4350957104427398,-0.3776330629892713,-0.3100000000000006,-0.2507623534602211,-0.2145923479148255,-0.1865542711084165,-0.1635535635981904,-0.1440560592968585,-0.1230000000000003,-0.1019120289728888,-0.0821894149773443,-0.0571613071355178,-0.0345653462922984,-0.0258737788665709,-0.0190000000000003,-0.0135139797052289,-0.0107502113028752,-0.0064748566329668,-0.0042554748278348,-0.0013865460920661,-3.522364513645681e-16,0.0013413667416731,0.0048542910982985,0.0077469991356927,0.0114499630335237,0.0131803729423291,0.015,0.0176661868976483,0.0191690489912031,0.0214936118783184,0.0241238327166932,0.027755868404104,0.031,0.0370063498587709,0.0487318566417677,0.0621591502239356,0.0771948506173293,0.0916496124801447,0.103,0.1122511281897759,0.1212198031914672,0.1306013472282347,0.139702047366106,0.1502477418380227,0.1619999999999999,0.1758346945630616,0.192316089832893,0.208937350632553,0.225836899795035,0.2437552769377756,0.2649999999999999,0.2898375919372274,0.3157919882092397,0.3403522040367761,0.3606070025153512,0.3785294416934695,0.3950000000000002,0.4084994623611866,0.420999466810698,0.4332593066555109,0.444180155868298,0.4538886911373719,0.463,0.4707022137933761,0.476709211594899,0.4825248637274238,0.4881558787313254,0.4928913532892231,0.4969999999999994,0.499709810292188,0.5003503018972246,0.4985943088044683,0.493700699445738,0.486313665250105,0.4759999999999996,0.4631604049213275,0.4420313306980984,0.4061347042795197,0.3714864571375219,0.3445384147101017,0.314,0.283184339585936,0.2498093564573764,0.2137851213239646,0.185890321444024,0.1622924063528411,0.1400000000000003,0.1220481235593884,0.1084927254888212,0.0973334108002339,0.0848277826151372,0.0727488300940798,0.0619999999999996,0.0517862731284548,0.0438247224217004,0.0366073806329208,0.0289462428781316,0.0214879626830188,0.013,0.0030047911617439,-0.0065368529726007,-0.0148374063568919,-0.0211778205369624,-0.0244913205417478,-0.0269999999999994,-0.0303337108227378,-0.0332161442213295,-0.0349442318458044,-0.0369125529461199,-0.0394742091530353,-0.0409999999999991,-0.0417879038464414,-0.043226307312574,-0.0451164070028197,-0.0465311705965316,-0.0484910183455537,-0.0509999999999999,-0.0526735998077677,-0.0544416654961366,-0.055255730933386,-0.0548503439298925,-0.0550794549052207,-0.055,-0.05414999136194,-0.0538284203676405,-0.0542526726920178,-0.0534581691771014,-0.0516515552240086,-0.0500000000000001,-0.0482916574650962,-0.0468018408405877,-0.0447061295784517,-0.0440025798310077,-0.0437877241185728,-0.0420000000000003,-0.041221031818421,-0.0391089521727891,-0.0371189013325185,-0.036713710108127,-0.0345428073251375,-0.0340000000000003,-0.0342239745056845,-0.0326329378392015,-0.0311325300461455,-0.029033973798596,-0.0265492300355664,-0.0249999999999999,-0.024218342228103,-0.0226941391261267,-0.0213322557345697,-0.0206346454081623,-0.0184579688023316,-0.0159999999999997,-0.0143174836596197,-0.0126667127926004,-0.011210097697304,-0.0112384467064184,-0.0121105092491644,-0.0119999999999996,-0.0119771382149488,-0.0119687565387632,-0.012368099077796,-0.0133734087912795,-0.0142192276721413,-0.0159999999999999,-0.0177428372631242,-0.0187924138857313,-0.0190391342906435,-0.0190551240029655,-0.0188619190889038,-0.0179999999999992,-0.0187805020982864,-0.0191582995744778,-0.0192161483868676,-0.0203687618828679,-0.0198114988069645,-0.0200000000000003,-0.0209739942052801,-0.020887971008894,-0.0214542454262709,-0.0223475845346693,-0.0231192292338159,-0.0229999999999992,-0.0221264967230269,-0.0218773733201373,-0.0221700522385792,-0.0216580467228326,-0.0209438461812619,-0.0209999999999998,-0.0201841357484437,-0.0198415589530723,-0.0200870593694086,-0.0201106493826313,-0.0212618758574639,-0.0219999999999999,-0.0227356200304043,-0.0242767451217983,-0.0261393840352133,-0.0271946856358694,-0.0270089073062588,-0.0279999999999997,-0.0281997303501573,-0.0272070407553391,-0.0266583229202246,-0.0255207918654936,-0.0249309057763771,-0.0239999999999999,-0.0222744257723453,-0.0212614421487065,-0.0205688660058558,-0.0195750963196076,-0.0189658052883792,-0.019,-0.0181772176976159,-0.0178447952161281,-0.0181065057882605,-0.0179696140251194,-0.0179324851366749,-0.0170000000000003,-0.016888688835937,-0.0171502091139509,-0.0168578711830872,-0.0170995146840636,-0.0169580481726245,-0.0170000000000004,-0.0169664189038677,-0.0176144713070155,-0.0181657306817153,-0.0181005024476756,-0.01919214513257,-0.0190000000000002,-0.0195960122872044,-0.0215244821287886,-0.0227692558446202,-0.0248685167447181,-0.0262153578736785,-0.0279999999999998,-0.0297932475688625,-0.0310950753601045,-0.0333258626263913,-0.0342068277840132,-0.0352837247142344,-0.0359999999999999,-0.0359131380602822,-0.0362559853663076,-0.0351321744212412,-0.0330364574417755,-0.0290206088173226,-0.0239999999999999,-0.0190804760952479,-0.0137859873235428,-0.0095863473982296,-0.0051723057778075,-0.0013513143837835,0.0020000000000002,0.0061868786223691,0.010228779699527,0.0147311321442259,0.0181209511283483,0.0204977668922621,0.0229999999999996,0.0247345860173714,0.0258043266134393,0.0260732492334045,0.025839131576125,0.0246904733077038,0.0229999999999997,0.0206501011316487,0.0172137033597734,0.01448443946277,0.0119367925309023,0.0096128998474272,0.0080000000000002,0.0063265731654201,0.0046998450742938,0.0029377719125512,0.0014184688419378,-0.0004405114443782,-0.0030000000000001,-0.0062503573801196,-0.0098631899842765,-0.0124216756057361,-0.0152898377246723,-0.0185980157670804,-0.0210000000000001,-0.0234466258432846,-0.0261549590652561,-0.02774466863678,-0.0281629677322007,-0.0292753880354379,-0.03,-0.0299039593427859,-0.0307319850578601,-0.0310398591962023,-0.0311777862582964,-0.0322194499300756,-0.0329999999999996,-0.033777913221971,-0.0351925611344157,-0.0374450909962296,-0.0400099624155099,-0.0425160433319238,-0.0449999999999999,-0.0460428543350122,-0.0453730939786568,-0.0445036609063048,-0.0436361060142109,-0.0428733075872421,-0.0420000000000001,-0.0403079157869141,-0.0392556161621698,-0.0382713391665592,-0.0360238779591845,-0.0333944272164025,-0.0289999999999996,-0.0245424952479345,-0.0217764110747911,-0.0096883292877322,0.0248115398676036,0.0836941879954706,0.1680000000000002,0.2803317353294303,0.4181179874602216,0.5739643801028947,0.7332589526832498,0.8852954471487551
1.0099999999999998,1.07446660744132,1.0840422222378026,1.0414811544789262,0.9164325737543236,0.7198152112182017,0.4860000000000002,0.2420971082096576,0.0185150773969343,-0.1654331575597531,-0.2845157829797251,-0.3383167145483852,-0.362,-0.3643153962300764,-0.3475493354309507,-0.325008121683285,-0.294332557992164,-0.2531682611918489,-0.2079999999999996,-0.1687442496223889,-0.1359210521137124,-0.1000469402742371,-0.0695208487030971,-0.0536667824868874,-0.0440000000000002,-0.0363500179376955,-0.029225806504236,-0.0212289327928157,-0.0143727930873735,-0.007661570451574,-0.0020000000000001,0.002193991809428,0.005899804725885,0.0083907105494728,0.0113151218465335,0.014580722117209,0.0169999999999999,0.0195128923044334,0.0215011183182897,0.0227852513601448,0.0250392372394536,0.0273781592603752,0.0290000000000005,0.0314502595311928,0.0340287845679409,0.0365461152374118,0.0387510986543166,0.0403871504001739,0.0429999999999994,0.0454538118721339,0.0491115283090723,0.0533515865697166,0.0563867973633397,0.0640489479009265,0.0759999999999998,0.0890735340872693,0.104965405562068,0.1230813539898204,0.1434647583905579,0.1653252607167079,0.1849999999999993,0.1996883523147386,0.2097210710620384,0.2177788144819076,0.2268912308043788,0.2368946390110071,0.2449999999999998,0.2531936823180646,0.2619629029890699,0.2690933892196587,0.2755964153295264,0.2824798672740656,0.2909999999999998,0.3001314849866884,0.3103276138154979,0.3219194557659052,0.3316485669958799,0.3409419382193024,0.3509999999999998,0.3610889334482047,0.3695432216695809,0.374698913754004,0.3758054153853885,0.3720293170812308,0.3669999999999996,0.3590821074434281,0.3484688842016744,0.3348083498933712,0.3070982958319176,0.2722634414991775,0.2409999999999996,0.2107234573044662,0.1846632856322592,0.1642112272048833,0.1453316288350126,0.1230542558920762,0.0939999999999996,0.0590714972658071,0.0268808105724103,0.0044936724321571,-0.0172599491730581,-0.0418530038065212,-0.0649999999999999,-0.0875826361821538,-0.1093502964371919,-0.1308095423197976,-0.1509591367425067,-0.1725069052608574,-0.192,-0.2002340369713314,-0.2041466466355523,-0.2086237650346913,-0.212674103977204,-0.2166658673347589,-0.2190000000000001,-0.2222529768002203,-0.2252882300053635,-0.2269832341749509,-0.2285120448035883,-0.229100730097256,-0.2299999999999996,-0.2308479965532474,-0.2317206357573854,-0.2320669556260096,-0.2321787076536427,-0.2331524928705333,-0.2329999999999996,-0.2329339690940136,-0.2330446797585957,-0.2332873172904013,-0.2343469499931405,-0.2337666889538346,-0.2329999999999996,-0.2323091347629499,-0.230571095277515,-0.2292295590667653,-0.226778403945146,-0.2233815894759798,-0.2210000000000003,-0.2185568581553671,-0.2158983313462838,-0.2136598379272787,-0.2106800362841312,-0.20740592177226,-0.2050000000000002,-0.2032505199344214,-0.2022977267734715,-0.2014883620490643,-0.2007365164236033,-0.1996750864725367,-0.1969999999999999,-0.193659123892689,-0.1903423436870939,-0.1870031134969776,-0.1836450171623337,-0.1803664711603459,-0.1770000000000001,-0.1728201069607792,-0.1692084049862938,-0.1660719267270472,-0.1627573039218663,-0.1606678110124066,-0.1589999999999997,-0.1579999002613608,-0.1581802493358355,-0.1571453113461863,-0.1554122304748395,-0.1550035482710482,-0.1549999999999999,-0.1549695685882774,-0.1550671412524795,-0.154892977616096,-0.1551514598473748,-0.1547847447752817,-0.1529999999999995,-0.1513111261990425,-0.1496760283247867,-0.148022786729592,-0.1462672424831881,-0.1447844391852067,-0.1439999999999998,-0.1424022504516115,-0.1405829789897631,-0.1390750214785547,-0.1372803991924979,-0.1356921053409386,-0.1340000000000004,-0.1323160217224774,-0.130689581739006,-0.1289835093583392,-0.1273347551966373,-0.1256804314562625,-0.1239999999999999,-0.1215536311181432,-0.1189318155097618,-0.1165647063463337,-0.1139525585214985,-0.111520617232291,-0.1089999999999998,-0.1071622054756592,-0.1069042259326772,-0.1070755507852801,-0.1069194811161987,-0.1071089427636039,-0.1080000000000003,-0.1088096046012591,-0.1101967769231397,-0.1121314221890556,-0.1135454012389529,-0.1154508431413721,-0.1179999999999994,-0.1212909720498667,-0.1239967374984075,-0.122399232157997,-0.1158589835794535,-0.1058939258678671,-0.0969999999999998,-0.0926012872565337,-0.0894234794895507,-0.0859405134015485,-0.0826713208487912,-0.0794025238108272,-0.0769999999999994,-0.0745101654920211,-0.0724681534182768,-0.0712149318846545,-0.0691165103594223,-0.0678713022791917,-0.0669999999999994,-0.0652635564328567,-0.0643585493567263,-0.0630870252746959,-0.0614635768819349,-0.0609243595716437,-0.06,-0.0583360583151205,-0.0566834226795044,-0.054944424061071,-0.0535338694983554,-0.052893831278331,-0.0519999999999996,-0.0510569488390366,-0.0510563387670276,-0.0505932242516458,-0.0496461762520839,-0.048816198553122,-0.0479999999999998,-0.0479984317646217,-0.0474948047900168,-0.0463472592280294,-0.0458083182425554,-0.0446941822402734,-0.0429999999999995,-0.0413488808191231,-0.0396204363438289,-0.0380980580656296,-0.0360809863183183,-0.0334873817291435,-0.0309999999999994,-0.0277716343925843,-0.0237310051505375,-0.0191372892322088,-0.0140121729751049,-0.0104206253280638,-0.0069999999999997,-0.001950751527148,0.0022823340692919,0.007247805515674,0.0133232967882831,0.0178010509103418,0.0220000000000001,0.0261992790446763,0.0303179919765614,0.0342266337732505,0.0371492750979331,0.040798730007856,0.0440000000000002,0.0449575067536446,0.0450544891309424,0.0446991333635675,0.0432413188431928,0.0403344684312958,0.0370000000000004,0.0337355011136413,0.0297210201970772,0.0254798132978337,0.0213169718113388,0.0172362409564878,0.0140000000000001,0.010764410028217,0.0066816182585103,0.0025186943501822,-0.0017054245950823,-0.0057938836065645,-0.0099999999999997,-0.0143359283833863,-0.0166028609667858,-0.0175496477120444,-0.0179974434282358,-0.0166296148736476,-0.0149999999999995,-0.0134234011188639,-0.0110314078660867,-0.0084840616926421,-0.0060181384616825,-0.0034748445473227,-0.0010000000000001,0.0006743259926217,0.0028167406976665,0.0057057466417167,0.007680845543876,0.0093411066324897,0.0110000000000002,0.0126918268032956,0.0138089984090314,0.0143600366060886,0.0154523041611789,0.0160927786492999,0.0169999999999994,0.0179643425915866,0.0179073680390512,0.0184443903225193,0.0193299729040788,0.0201851411748979,0.0210000000000004,0.0217636099249924,0.0232574730977631,0.0252896508663349,0.0283747921991364,0.031525071380515,0.0349999999999996,0.0502559324824912,0.0883333786612996,0.1440093212940669,0.2141708074430195,0.3033061381104819,0.4090000000000002,0.5267863455672527,0.6460428764417211,0.7528270545324972,0.829744554728574,0.8622830449337947,0.8610000000000005,0.8227965924378312,0.734067562243391,0.6070732207529588,0.4522173345859546,0.2812494802585967,0.1069999999999996,-0.0549769104253183,-0.1885665863632444,-0.2954601482485247,-0.354005513757257,-0.3661194528171844,-0.3730000000000006,-0.357591267775212,-0.3016417126732471,-0.2364408167303529,-0.1761109827453642,-0.1177907044636189,-0.0709999999999995,-0.0423912036092328,-0.021949985793741,-0.0069097860429505,0.00296257658726,0.0157710215494606,0.0279999999999997,0.0373371837171544,0.0442578086832278,0.0483033106162663,0.052885241276852,0.0566848225619659,0.0609999999999999,0.0661217905243568,0.0702856795208385,0.074575483541625,0.0787128358772553,0.084212536229927,0.09,0.0963489603392511,0.1057953968945542,0.116164190083944,0.1257253251006063,0.1348296518446571,0.1439999999999996,0.1523635273910014,0.161119575748956,0.1707093052239917,0.1794956372904121,0.1889305570054069,0.1979999999999997,0.2076968028128789,0.2199938777138417,0.2321476503607737,0.2435423115316168,0.2555447794604935,0.2699999999999997,0.2865656430620819,0.3040295156201301,0.3206946176483458,0.3339626656570954,0.3467308810841707,0.3619999999999997,0.3780478909740741,0.3913783722788776,0.4029679509620993,0.4142652445061019,0.4224412122327865,0.4299999999999997,0.4369273930629534,0.4422715258348591,0.4500622088772985,0.4604881703930814,0.4738011190427862,0.4859999999999998,0.4937160308165996,0.4998227330663327,0.5050545846453722,0.5097476630718307,0.5123023252977384,0.5129999999999998,0.5109534292731287,0.5053530360927054,0.4991331882594364,0.4899800821583064,0.4799634472148639,0.4650000000000001,0.4414227441927444,0.4230337606518932,0.4058754924970745,0.3796739118421365,0.3499733860677483,0.3190000000000006,0.2881217311300662,0.256897399920678,0.2251134004188254,0.1979533860766312,0.1772835180097041,0.16,0.1419251732836872,0.120396824200631,0.0925808769288757,0.0645879932881114,0.0444262222831281,0.027,0.0110631405985108,-0.0069313098148555,-0.0342316394052226,-0.0577347482791265,-0.0670556377717575,-0.0710000000000003,-0.0752293538663571,-0.078337434940486,-0.0795354146662441,-0.0805114970825004,-0.0823841385398568,-0.084,-0.0863348214933692,-0.0898036119147447,-0.092476316164939,-0.0952410821188223,-0.0986303407760779,-0.1010000000000001,-0.1033795788684073,-0.106714151473574,-0.1096546171170792,-0.1117564790303314,-0.1132834626332209,-0.1150000000000002,-0.1174809286304737,-0.1199815400101638,-0.1227927744759099,-0.1266362000957133,-0.1308329469517858,-0.1349999999999998,-0.1392014932159911,-0.1428317930738179,-0.1455363624781157,-0.1479969443328865,-0.1504918143541089,-0.1530000000000006,-0.1555579738807838,-0.1574042689362403,-0.1589793366453279,-0.1605304856133715,-0.1610559239301604,-0.1619999999999998,-0.1644542972497834,-0.1670343871353042,-0.1695089107175202,-0.171771563283179,-0.171694422282085,-0.1680000000000002,-0.1615421858036741,-0.1533358971380997,-0.1455307677537292,-0.1401172908532334,-0.1362936326958606,-0.1329999999999997,-0.1297243653591323,-0.1257640591237102,-0.1213752570711799,-0.1175974402375903,-0.1143428681737628,-0.1110000000000002,-0.1083869862405013,-0.106657607135695,-0.1049889460849734,-0.1033543774297569,-0.1016430894659948,-0.0999999999999995,-0.0991102898242758,-0.0984288466707416,-0.0973464249015024,-0.0969849268176397,-0.0969218082237835,-0.0960000000000001,-0.0951332245746007,-0.0943859113508562,-0.0934174910207166,-0.0928827375460994,-0.0930551909676758,-0.0930000000000003,-0.0928866795643296,-0.093744014698654,-0.0940290015058937,-0.0941933253427058,-0.0952010665576063,-0.0959999999999999,-0.0968822504393417,-0.0970593589840057,-0.0970362702834553,-0.0967462412356965,-0.0959002686171258,-0.0959999999999997,-0.0952266859739417,-0.0947558003416489,-0.0952269496796376,-0.0948252098873218,-0.0950959624141171,-0.0950000000000001,-0.0948746618204226,-0.0956900295057979,-0.0964637900610145,-0.0973367586379501,-0.0982373887658786,-0.0999999999999996,-0.1009596472937239,-0.1014749424980109,-0.1027107686089921,-0.1031514961878726,-0.1042749428069201,-0.105,-0.1057019742090943,-0.1069583659618359,-0.1068099506549353,-0.1073766263024417,-0.1080915295299754,-0.109,-0.1106854054328948,-0.1126573283369642,-0.1165007564706506,-0.1205870919034091,-0.1248582831383496,-0.1269999999999995,-0.1232952070092127,-0.1156822040550681,-0.1062837200607513,-0.0978572070985106,-0.0905654584608497,-0.0840000000000001,-0.078233375244264,-0.0720590815933451,-0.0677197330452073,-0.0649232976826934,-0.0626093619329871,-0.0609999999999998,-0.0600248416279867,-0.0601258478171265,-0.0594770620510524,-0.0588110637491242,-0.0575917717274764,-0.0549999999999999,-0.0532785329671094,-0.0520625445091305,-0.0527096729217983,-0.0549137275253049,-0.0576467904696617,-0.0610000000000002,-0.0627452928534485,-0.0643237425740079,-0.0656203554374931,-0.0664694521391494,-0.068348124784195,-0.0689999999999995,-0.0696776155253745,-0.0714282117247226,-0.0726191250526521,-0.0730956702469984,-0.0729753788808485,-0.0729999999999999,-0.0722558681435839,-0.0711966333291241,-0.0706622809763026,-0.0694960465442713,-0.0690045341785264,-0.0689999999999997,-0.0681958031299754,-0.0672867967176512,-0.0667907453658458,-0.0673293860281727,-0.0681313490725191,-0.0689999999999998,-0.0706829646955665,-0.0717992989526973,-0.0723771217955158,-0.0734547062517152,-0.0740305864748279,-0.0739999999999997,-0.0747522561647437,-0.0758308663826423,-0.0760060130227374,-0.0760570377303186,-0.0758899652794599,-0.075,-0.0748784018097406,-0.0756664986059302,-0.076468767848174,-0.0774833492915333,-0.0794919459925484,-0.0819999999999997,-0.0837039973588798,-0.0853155205728664,-0.086953672731558,-0.088901226291265,-0.0914684134839374,-0.0929999999999999,-0.0945800042941594,-0.0965098419804639,-0.0975128991946743,-0.0983298868712326,-0.0992200463185812,-0.1009999999999999,-0.1027654637365102,-0.104102626709013,-0.1066211959020829,-0.1086736314917562,-0.1103956627856854,-0.1119999999999997,-0.1119993844938,-0.1125886611799651,-0.1132116278542628,-0.1129262619781199,-0.1128762138954822,-0.1099999999999998,-0.1057181884275558,-0.1010086337055934,-0.0866354662974739,-0.0550519209674533,-0.0027691070340773,0.0719999999999998,0.1691807541100176,0.2842153788713369,0.4130519471976074,0.5540383701748833,0.6900261895611356,0.8119999999999998,0.9087498808278603,0.9520710103708904,0.9572027042251228,0.9275880097595156,0.8345508642249708,0.6929999999999996,0.5160958377606832,0.3150809345808966,0.1092536889579712,-0.089605666125051,-0.2422189843796842,-0.3309999999999998,-0.366360649080617,-0.3636725123053285,-0.3459449303895033,-0.3102700802235064,-0.2639681754697126,-0.2219999999999997,-0.1811238718464616,-0.1393911164990187,-0.0922237456230799,-0.0516561638110954,-0.023949599212027,-0.0019999999999997,0.0094898158029229,0.0179180066647688,0.0276343748015473,0.0344724001302733,0.0400191841112696,0.045,0.0523054056159307,0.0606688438348737,0.0693648820264127,0.0785856146997993,0.0864783107055411,0.0930000000000002,0.097994051539273,0.1031969508748066,0.1068503907328172,0.1086221289533574,0.108756243414117,0.1059999999999998,0.1034898844573674,0.1004511717886874,0.0970235104699728,0.0932605139113447,0.0880157998806372,0.0860000000000003,0.0910908291524972,0.1022870696193869,0.1132668116605223,0.122957240528924,0.1328563821560102,0.141,0.1493326016884998,0.1570730153152782,0.1650191959172299,0.1752775001077018,0.1862102996444791,0.1969999999999998,0.2061936858073852,0.2162156200946404,0.2287439312008979,0.2427471722207318,0.256548955251787,0.2670000000000002,0.2753929833848597,0.28347294223568,0.2928967818263717,0.3027212334008735,0.3104197219128605,0.3170000000000005,0.3220647548084619,0.3270239587221846,0.3313519209882957,0.3340091289523579,0.3363726090766029,0.3370000000000002,0.3377145357904271,0.3388915443854054,0.33894174723697,0.3391944366525514,0.340292766671073,0.3420000000000004,0.3430180167061233,0.3412814370524503,0.3338775148749493,0.3243164932885773,0.314885953696894,0.302,0.2880269141489862,0.2702279107292581,0.2453531033120229,0.2155715389123914,0.183856846948543,0.1560000000000005,0.1285933584259231,0.102573731682559,0.0820066954435867,0.0593103609732549,0.0322622350530809,7.026589117886788e-17,-0.0340577403935272,-0.0590225531495602,-0.074336377663571,-0.0848682854879731,-0.0937293043027174,-0.1019999999999997,-0.1095360961413667,-0.1168935010039417,-0.1251589833797697,-0.1350927929898402,-0.1448427413031554,-0.1529999999999998,-0.1589963215793602,-0.1639959285432315,-0.1685167048809231,-0.1705824598563342,-0.1725065924625022,-0.1749999999999999,-0.1759038651644709,-0.1766269491838601,-0.1772632435676975,-0.1766506960757454,-0.1758390976062055,-0.1740000000000005,-0.1698547505084409,-0.1662216349906295,-0.162751764585778,-0.1582824918377892,-0.1556371313883898,-0.1540000000000002,-0.1523172868222241,-0.1506510831271613,-0.1493438030814288,-0.1486253037750781,-0.1465099763281467,-0.1449999999999994,-0.1442903137116969,-0.1425805300450638,-0.1414059990061196,-0.1408614548527827,-0.1410331698709513,-0.1399999999999998,-0.1381374782489982,-0.1380568615985734,-0.1375129289728806,-0.1368885264413807,-0.1370134950836471,-0.1370000000000001,-0.1370778465683043,-0.1363132706030472,-0.1358977277126295,-0.135889287270245,-0.1347257284427903,-0.1339999999999997,-0.1340590285439654,-0.1333847877187603,-0.1325307299781556,-0.1313503609466354,-0.1282692423259413,-0.1249999999999999,-0.1225448302745295,-0.1197791523837251,-0.1186364880443796,-0.1193514684739081,-0.1202037666700263,-0.1219999999999996,-0.1245153576978295,-0.126952228763716,-0.1295807190561183,-0.1318875161277196,-0.1346447564523608,-0.1379999999999996,-0.1405252958829746,-0.1430650542155582,-0.1448375557592155,-0.1449745860085885,-0.1449724209536449,-0.1440000000000001,-0.1423072608128491,-0.1407320579450526,-0.1388901679573516,-0.1375757400488854,-0.13687922429083,-0.1359999999999999,-0.1343186267173817,-0.1332336807949162,-0.1322855701954984,-0.1301189417275577,-0.1287943315388303,-0.1269999999999997,-0.1251009775351942,-0.1251065905652132,-0.1244528147881225,-0.1239640202313133,-0.1239054251402214,-0.1230000000000004,-0.1229208419103887,-0.123131895711304,-0.1225839802303603,-0.1215971852122842,-0.1208914979235851,-0.1199999999999999,-0.1182890806359364,-0.1172923841488378,-0.1162147606043986,-0.1141684769564333,-0.1128187452340055,-0.1119999999999999,-0.1104101074833377,-0.10849513972061,-0.1075424075513166,-0.1064071207247011,-0.1047260996435065,-0.1040000000000002,-0.1024737795810926,-0.100393333032269,-0.0996566876869426,-0.0983061467545015,-0.0967886570658666,-0.0960000000000001,-0.0943853618772887,-0.0926161459219437,-0.0910331233443337,-0.0893200121081004,-0.0876667515975663,-0.0860000000000004,-0.0843506531453904,-0.0826118556693485,-0.0811202541489485,-0.0790457395072356,-0.0765222276146419,-0.0740000000000001,-0.0706380568153278,-0.0679446817283709,-0.0652115844553311,-0.0615378963675012,-0.0583981620665164,-0.0550000000000006,-0.0508887056999873,-0.0464847762200788,-0.0433356424500405,-0.0410195394787515,-0.0386249085183691,-0.0380000000000001,-0.0379816457136175,-0.0385406209610721,-0.0395521205151698,-0.0404983559448563,-0.0423289233875834,-0.043,-0.0444550897117794,-0.0471418228142402,-0.0493541791411826,-0.0519773316159055,-0.0531931647102509,-0.056,-0.0611190008059123,-0.0648310511165635,-0.0670523339999529,-0.0635799466598207,-0.0523610552076653,-0.0390000000000003,-0.0273008172483798,-0.0151585893333236,-0.0026375291394367,0.0082703779745676,0.0191280700411495,0.0279999999999997,0.0346950338938099,0.0408907607354422,0.0459672764441468,0.0509348154646155,0.0546315168950746,0.058,0.0607431619699621,0.0616153095555482,0.062449559371168,0.0611214707926895,0.0585262948952686,0.0559999999999995,0.0519794729635079,0.0465176638231889,0.0402874841664821,0.0348919407663383,0.0286246345845475,0.0219999999999996,0.0155128987390529,0.0077230255322367,0.0017549366905922,-0.0028017196458636,-0.0066333348939042,-0.0090000000000001,-0.0107193912989301,-0.0122172095856066,-0.0141904362656645,-0.0153327286871815,-0.0161630320550796,-0.016,-0.014985334414025,-0.0157040427954127,-0.0160352656190064,-0.0161955540936469,-0.0172066172799943,-0.0179999999999995,-0.0187723756467872,-0.0202920128530419,-0.0216979379666653,-0.0223561687347041,-0.0244525799809523,-0.0250000000000003,-0.024051603479135,-0.0236269794760961,-0.0218197198719235,-0.0205565544169756,-0.0185089678909473,-0.0169999999999997,-0.0155741282022982,-0.0127469519041183,-0.0106276440975706,-0.0059091295286347,-0.0025202742877415,0.0009999999999998,0.0049279089704197,0.0199775612593413,0.0767078872090547,0.1686706622885641,0.2856256605309433,0.4269999999999996,0.5825228085730125,0.7453244566230814,0.8970697783530595,1.0291014302976946,1.104509542871581,1.1120000000000003,1.085376113311386,0.9741133934493456,0.7802297481059802,0.5588329068115556,0.3052067479468413,0.0659999999999998,-0.1378365836794219,-0.2958831826991712,-0.362074300797684,-0.3776984033886442,-0.3618344151351879,-0.3020000000000002,-0.2340318308090732,-0.1708285996278824,-0.1238729002648653,-0.0981421529207176,-0.079951873510624,-0.0700000000000003,-0.061109860048194,-0.0516176793322103,-0.0456244854447433,-0.0394881394384035,-0.0321782840989048,-0.0169999999999999,0.005446296612632,0.027889855204008,0.0510017330413519,0.0743533232154436,0.0990939115641232,0.122,0.1338942122276792,0.1377805030749073,0.1410089722006661,0.1441729635691939,0.1463615998693077,0.1479999999999996,0.1496892806707658,0.1512361698749111,0.1534298571398677,0.1560100571153415,0.1585137427234501,0.1610000000000001,0.1634373408691992,0.1662035293606316,0.1678445330020776,0.1702179069669522,0.1735805596884913,0.176,0.1799694018606311,0.1861848363109617,0.1978143268827815,0.2127587776539351,0.2240039338789109,0.235,0.2515551816469518,0.2774768316455652,0.3040908901880296,0.3205886402291777,0.3336620592299917,0.3460000000000002,0.3560597905058739,0.3655233897441,0.3739827593567609,0.3823675381635099,0.3906908940563229,0.3999999999999997,0.4099601676518841,0.4213411586830242,0.4363392563207288,0.4526214921413712,0.4707955166847539,0.4890000000000002,0.5055560515068912,0.5228636333211,0.5363286368306677,0.5454690629068142,0.5534226766083318
0.5589999999999997,0.5634057347763127,0.5641651324497527,0.5606250436858926,0.5557553590001874,0.5469334475402702,0.5359999999999997,0.5190718998442192,0.489160583327249,0.4577761083202284,0.4296012919684185,0.39861914692459,0.3669999999999996,0.336054807476813,0.3065496345361537,0.2770590183851068,0.2449106949676352,0.2127226348038454,0.1829999999999998,0.1547850376503132,0.1250317015682978,0.0959859643902869,0.0722297625409784,0.0534847483563944,0.036,0.0190932616370359,0.003398130046505,-0.0165108641716201,-0.0334450503598428,-0.0398706019821383,-0.045,-0.0493810448162437,-0.0530032446336052,-0.0578771619644898,-0.0612096351727781,-0.0647461170098036,-0.0680000000000004,-0.0713065296833495,-0.0742065504139437,-0.0763414427842135,-0.0789577089586244,-0.0801973849868235,-0.0819999999999998,-0.0837984726616518,-0.0846999481318192,-0.0851014581837607,-0.0852691631396056,-0.0874958424726827,-0.0889999999999998,-0.0912843589452884,-0.0943844252024646,-0.0957858933109959,-0.0977649650034144,-0.0978512876768982,-0.0980000000000002,-0.0990340031832171,-0.0983362133631684,-0.0973360592512238,-0.094852612258418,-0.0926508017889563,-0.0900000000000003,-0.0857075462349318,-0.0829414926131128,-0.0802131985759648,-0.0763904952913797,-0.0721429184406961,-0.0680000000000004,-0.0638058069280631,-0.0605775407849115,-0.0597409861584898,-0.0605685667994976,-0.0638154256857242,-0.068,-0.0721486017567894,-0.0759395588337649,-0.0783947757096811,-0.0811454152364506,-0.083348638569479,-0.0849999999999996,-0.0866890498405751,-0.0883269988757352,-0.089709743904121,-0.0901981731174229,-0.0911861024034633,-0.0909999999999997,-0.0908009740095677,-0.0918494319330701,-0.0921973541350538,-0.0938070630408954,-0.0951507057753643,-0.096,-0.0969554371905146,-0.0973223637821145,-0.0995807144884076,-0.1016441080627897,-0.103475276201421,-0.1060000000000002,-0.1076275686502732,-0.1099740238019704,-0.112176642190885,-0.1135531783508685,-0.11543903952972,-0.1179999999999999,-0.1205752439065964,-0.122393970151847,-0.1239273180158318,-0.1258743683843121,-0.1285537668282963,-0.1309999999999998,-0.133449143455512,-0.1360935053263708,-0.1383810962837908,-0.1411192072652358,-0.1434122890323527,-0.146,-0.1493951380708179,-0.1520537448343439,-0.1544703198418428,-0.15703707913675,-0.1594163225395141,-0.1609999999999999,-0.1633326319588234,-0.1667605099644931,-0.1698499207502114,-0.173511183200972,-0.1764828085113463,-0.1789999999999999,-0.1823455365660786,-0.1855464355922965,-0.1896899098643659,-0.1954973162707855,-0.2024219747590896,-0.209,-0.213475223748943,-0.2145688189940925,-0.2125558107465326,-0.2100347702525337,-0.2074134522183491,-0.2040000000000002,-0.2005592074887002,-0.1984628391752584,-0.1972300487149119,-0.1949659587355407,-0.192601361352445,-0.1910000000000001,-0.1893292102944921,-0.1881018287086618,-0.1880929052767221,-0.1876984355887269,-0.186917360416202,-0.1870000000000003,-0.1869533392475787,-0.1876467370609716,-0.1881254816529598,-0.1881299928201453,-0.1891898033817854,-0.189,-0.1881365813098152,-0.1873554573074808,-0.1865563984799393,-0.1853805298412973,-0.1838105603397001,-0.1840000000000002,-0.1832993852320323,-0.1822057499024726,-0.1812962206603209,-0.1791638317501085,-0.1776795302502114,-0.1749999999999999,-0.1724351801857036,-0.1695922127050398,-0.1656416636422643,-0.1603414734889541,-0.149551399533168,-0.1380000000000005,-0.1257842593432523,-0.1123710274223426,-0.1023587693690179,-0.0936123992905701,-0.0867676275134358,-0.0800000000000006,-0.0738269337129407,-0.0703309453028,-0.067365644418647,-0.0674596878696018,-0.069454434623975,-0.0730000000000003,-0.0780341157811214,-0.0829221631426595,-0.0878564560933984,-0.0912188676346301,-0.0947490474548423,-0.0980000000000003,-0.1019761070217576,-0.1067021391046006,-0.1097693162313136,-0.1134984196287492,-0.1150334232352479,-0.115,-0.1151435010901781,-0.1142326872937836,-0.1136731691066126,-0.112488824591253,-0.1119467667682247,-0.111,-0.1100579587742496,-0.109110502534921,-0.1061510850625883,-0.104527834987913,-0.1024501450745478,-0.0999999999999999,-0.0983308650827706,-0.0971352519640061,-0.0966532260220023,-0.0958424403018971,-0.0974109090833254,-0.0979999999999999,-0.0985593759225659,-0.1006274077481777,-0.101632285502462,-0.1039754141724233,-0.105217024704695,-0.108,-0.1099795007102987,-0.111246979355513,-0.1154365296684421,-0.1159462269705745,-0.1188934424850621,-0.121,-0.1226892290096338,-0.1302437653487294,-0.1319121135646257,-0.124480151405487,-0.0944543643439836,-0.0360000000000002,0.0440506153111369,0.1483015346936211,0.2740156194017377,0.4203503884204479,0.5721874552281488,0.7240000000000003,0.8637640862402999,0.960612547891628,1.013640920750544,1.0172226497540309,0.9767962247891528,0.8830000000000002,0.7116077147700736,0.5010174044481938,0.2776875449374733,0.0572395625298731,-0.1362227085046141,-0.291,-0.3813109122015997,-0.4201972520157531,-0.4326208161375545,-0.4256456649933947,-0.4054354077354269,-0.3630000000000001,-0.306745056474501,-0.2462301137130244,-0.1834376275043535,-0.1233793823638811,-0.0706735932211676,-0.0359999999999997,-0.0150446472397345,-0.0041047406538157,0.001090457888082,0.0074696283882888,0.01180754552826,0.0169999999999997,0.0205756001168399,0.0237973562325502,0.0290720114151787,0.0320565469685667,0.0358318242168791,0.0389999999999999,0.0421843531933657,0.0459128323680209,0.0487024538191241,0.0528038673351539,0.0582699444223562,0.0659999999999998,0.073537207185162,0.0815247479618762,0.0897340008295451,0.097084432686933,0.1056330634678439,0.1120000000000002,0.118546756408493,0.1249805063426166,0.1304845102388331,0.1380811906084159,0.1440422357713962,0.15,0.1567145286406056,0.1636233064490894,0.1728839857133094,0.185613150094077,0.2009597063786765,0.2129999999999997,0.2242621149270137,0.2404013013157334,0.2646360960735401,0.292851605774227,0.313520822128258,0.3310000000000001,0.3495210369471161,0.3660030623007856,0.3800331086911117,0.3917049303023025,0.406132759074487,0.4199999999999996,0.4285755464450306,0.4355028365743539,0.4412343589134279,0.4457039951239499,0.449835401244607,0.4539999999999997,0.4567173043143002,0.4577315564703043,0.4581915114358518,0.4577215975932798,0.4567643839501558,0.455,0.45255912131409,0.4494327558973862,0.4456994965829023,0.4408861049888785,0.4345457957962407,0.4219999999999999,0.3947509206244035,0.3605443925340558,0.3260178258246061,0.2896958158966351,0.2597177414954737,0.2359999999999999,0.21297560793964,0.1847590700504775,0.1492123719542896,0.1143660036116741,0.0801356297445939,0.0489999999999999,0.0266660003656105,0.0095297904097892,-0.0074148049050657,-0.0270121611970479,-0.0454673404741129,-0.0629999999999997,-0.0802579923871137,-0.0906070577518334,-0.0960694110936521,-0.1008113121633402,-0.1047346440540528,-0.1080000000000002,-0.1104891975195684,-0.1134854292583756,-0.11746998928787,-0.1216578289353812,-0.1258954305590236,-0.1310000000000004,-0.1361091507405991,-0.1403292316761283,-0.1445346697291696,-0.1486276130201131,-0.1528536417148695,-0.1569999999999999,-0.1618552735362355,-0.1677249200888508,-0.173397356451884,-0.1794455968696754,-0.1850856180470714,-0.1910000000000002,-0.1969975041415896,-0.2018078289946296,-0.2076664292588326,-0.212767401215986,-0.2169298291381667,-0.2220000000000001,-0.2254323962102861,-0.2290004286377915,-0.2341265054092503,-0.2388663681431666,-0.2441034935352811,-0.2489999999999999,-0.2517279422744792,-0.251928731980852,-0.2484433905926345,-0.2425942984414781,-0.2368695480828126,-0.2310000000000002,-0.2257884815232659,-0.2227436934255489,-0.2210529862477697,-0.2191222704988711,-0.2164517953460571,-0.2139999999999997,-0.2115508808021663,-0.2088683285187789,-0.2069591546014458,-0.2053153927655512,-0.2037388483837907,-0.203,-0.2022738602767505,-0.2006147387072418,-0.1994296945472326,-0.1985088484445983,-0.1966513631940688,-0.196,-0.195356411805618,-0.1934628290861929,-0.1926239379206361,-0.1913141406709491,-0.1897893658801347,-0.1890000000000002,-0.1880433269222441,-0.1885611782782844,-0.1894846103773821,-0.190576911877008,-0.1922741209717878,-0.1930000000000006,-0.1945520130189122,-0.196519719915981,-0.1975498457985632,-0.1981485018728639,-0.197938144556782,-0.1980000000000001,-0.1980434943070728,-0.1979408556771924,-0.198029524772845,-0.1981265180910807,-0.1992966482094063,-0.2009999999999995,-0.2048624070399527,-0.2108023037294477,-0.216077053872556,-0.2205194707151914,-0.2205077673249947,-0.216,-0.210288347412882,-0.2039362554398635,-0.200184641819625,-0.198111168075554,-0.1954899503504074,-0.193,-0.1896641276780938,-0.1868946519133098,-0.1842868308287913,-0.18043543610143,-0.1775309233647964,-0.1749999999999996,-0.1716337269194926,-0.1689020075082951,-0.1665662673987858,-0.1639672112115807,-0.161500517068307,-0.1590000000000003,-0.1572974194778925,-0.1552382002503068,-0.1522308622337223,-0.1502853002673086,-0.1472037178001513,-0.1429999999999999,-0.1389417906658724,-0.1339606126176383,-0.128950209584699,-0.1216558002393101,-0.1120349242761372,-0.1019999999999996,-0.091845039972369,-0.0832809246157849,-0.0749327159954764,-0.0668509780833795,-0.0580243683446393,-0.0469999999999998,-0.0348116763845854,-0.0194135057252179,-0.0041997719913452,0.0097279975949056,0.0249957192088074,0.0380000000000001,0.0502755203838369,0.0644318960214517,0.0774002929219302,0.0856072853161021,0.0896955793437416,0.093,0.0948159128680444,0.0956977401612263,0.0961252034572261,0.0960905488950682,0.097272702993734,0.0979999999999998,0.0987390325595393,0.0998639166123099,0.0999779808889858,0.1000507634417224,0.0999619612825401,0.1000000000000005,0.1000777928297171,0.099402908392392,0.0982178814970952,0.0958609582689661,0.0922521980708754,0.0890000000000001,0.0858345561773439,0.0810165339952189,0.0763847852883842,0.07221386376075,0.0669172373377569,0.0619999999999999,0.057054138537157,0.0519186973047563,0.0470825363732607,0.0419376854550199,0.0370296723685803,0.0320000000000001,0.0270119958411773,0.0215038944258555,0.0152970507850022,0.0099913933158039,0.0049830700082579,8.868094398102177e-17,-0.0049701090116097,-0.0100634008913615,-0.0148946961076468,-0.0202323222935675,-0.0262539377410705,-0.0329999999999998,-0.0397984234217061,-0.0451425683203996,-0.0498898912553728,-0.0550735277668955,-0.0599977737095551,-0.0660000000000001,-0.0733554935593945,-0.0844068653488838,-0.1068319582945412,-0.1298448146943743,-0.1406812521489059,-0.1520000000000004,-0.1630409226034439,-0.1635738175549787,-0.1519474562692039,-0.1109908806384327,-0.0343071715534822,0.0710000000000001,0.208725773992012,0.3744354615932596,0.5566086424953646,0.7409397860837222,0.912608464755475,1.0499999999999996,1.121693695074506,1.133610991116598,1.0918538684505572,0.9624711297170626,0.7496629620742219,0.4899999999999997,0.2137326877462144,-0.0400743749837536,-0.2458482898075264,-0.3860612085523646,-0.455342463615469,-0.484,-0.4956789365904714,-0.4898855936707398,-0.469635700009529,-0.4421660833744393,-0.4026399223384018,-0.3469999999999998,-0.2898137920425538,-0.2351867301566925,-0.176541233260496,-0.1224811324707277,-0.0744936315073598,-0.0289999999999994,0.0022651133892137,0.0143120074081245,0.0175387040271353,0.020059951584431,0.02239871160573,0.024,0.0249524254289409,0.0249225515037878,0.0254725741047023,0.0261219290381095,0.0260296550598841,0.0269999999999995,0.0278995169648359,0.0285757491807721,0.0295786647607357,0.0303013377668301,0.0311180650714723,0.0310000000000001,0.0309407875320947,0.031050313964809,0.0312473322914734,0.0325175360230472,0.0330645851762439,0.034,0.0356039450396078,0.0384063785625012,0.0421892401173916,0.0454860443555792,0.0512547567357125,0.0560000000000003,0.0626523067870187,0.0767630217825745,0.092415860144187,0.110985097463156,0.1323386919508665,0.1560000000000003,0.1828507714716858,0.2069936543119874,0.2295238611398681,0.252010071354296,0.2760052152235349,0.3020000000000001,0.3347633066532399,0.3784115816941245,0.4103293835143479,0.4227803998121789,0.4317979344441785,0.439,0.4440535635044266,0.448457314214881,0.452178352014491,0.4548667315518664,0.4562419580633406,0.4569999999999997,0.4562300484641498,0.4549198575713023,0.4520119865181763,0.4489869452619689,0.4462723300055862,0.4409999999999998,0.4351958511003829,0.4287898906349034,0.4213353834162738,0.4093957322575829,0.3925679381782435,0.3759999999999995,0.3579273001483133,0.3372566380257173,0.312997337986508,0.2889069484109822,0.2691816375268672,0.2490000000000001,0.2275501308797841,0.2023303982444678,0.1686565076160669,0.1262364293335773,0.0829010788442328,0.0490000000000008,0.022793509925895,-0.0006417294534998,-0.0241707817208969,-0.0470847907073995,-0.0725764355461954,-0.1000000000000001,-0.1160349734383537,-0.125742234800286,-0.1357452558056348,-0.1424945372683118,-0.1493917039603767,-0.1549999999999998,-0.1599815158766941,-0.1640895385777514,-0.1663231336728278,-0.1689943146558185,-0.1701735101549882,-0.1719999999999998,-0.1738065986277429,-0.1750918367618999,-0.1773066306966499,-0.1782403295224083,-0.1792818281031003,-0.1809999999999998,-0.1834911028986738,-0.18548341479514,-0.1869491757167458,-0.1883817886833125,-0.1877692410237391,-0.1860000000000004,-0.1805628157939811,-0.1724010101812641,-0.1633157430019237,-0.152946954652313,-0.1443787812813552,-0.1360000000000002,-0.1298417804358526,-0.1253364760429585,-0.1195402913773169,-0.1157119143219153,-0.1122586952116813,-0.1089999999999997,-0.1064284591892762,-0.1051071869749452,-0.1044208785577206,-0.1020032844545843,-0.1008645255853427,-0.0989999999999998,-0.0963316356794254,-0.0948111648905367,-0.0927506606106382,-0.0917297375796484,-0.0907601757719711,-0.0900000000000004,-0.0899698355921617,-0.0905289900433695,-0.0915789300325583,-0.0925609456558007,-0.0957667715168128,-0.0990000000000005,-0.1022104372100986,-0.1058883162510108,-0.1087285160518824,-0.1125965182548052,-0.1154558851442048,-0.118,-0.1198840362046183,-0.1204551554380276,-0.121851270218294,-0.1216998856694104,-0.1208593595204106,-0.1200000000000001,-0.1198635162195358,-0.1202215618194774,-0.1199456987703571,-0.1221335741479313,-0.1243437903669346,-0.127,-0.1312419161169885,-0.1350659522399417,-0.1402409313223515,-0.1443877530252262,-0.1477383907982275,-0.1510000000000005,-0.1519400617131119,-0.152537815397547,-0.1536895933833578,-0.153845393971021,-0.1528368075107997,-0.1529999999999998,-0.1524038415791314,-0.1504246239304757,-0.1495703889744563,-0.1487903564805357,-0.150638593519938,-0.1540000000000003,-0.157244554679209,-0.1595176353512097,-0.1517607555956124,-0.1349367959759982,-0.1207957504138079,-0.1140000000000004,-0.1091353306371154,-0.1036881261826853,-0.0997277538821051,-0.0948952991374247,-0.0901745460639505,-0.0860000000000001,-0.0809833516578727,-0.0760888967742516,-0.0708254172446045,-0.0663321231452139,-0.0621340148466152,-0.0580000000000001,-0.0538652033785753,-0.0500559443505467,-0.0473663244753598,-0.0431557254775546,-0.0393316414222612,-0.0349999999999999,-0.0291657291060178,-0.0215042833306955,-0.0047416510080367,0.0162305515873926,0.0359461201429044,0.0540000000000001,0.0645349227691265,0.0723169237946323,0.0814125999617254,0.0887075375580986,0.0953016347190651,0.1010000000000003,0.1052716647684557,0.1082973837052903,0.1096172103618768,0.110183737355158,0.1097498605908701,0.107,0.1021997172314964,0.0952856994973347,0.0869420976587387,0.0787266528662279,0.0702995355923107,0.0620000000000001,0.0536520836893952,0.0462208927110327,0.0411117240791978,0.0356624667728854,0.0299368147733498,0.0250000000000004,0.019980576671427,0.0151039156334849,0.0095333856407033,0.0038317129166253,-0.0009302291663791,-0.0059999999999997,-0.011104889308764,-0.0153116892796405,-0.0196305172813799,-0.0232321447689657,-0.025376396650874,-0.0270000000000003,-0.0278448402520934,-0.0287441083308752,-0.0290246182520282,-0.0292354911033776,-0.0300937316161706,-0.0300000000000002,-0.0315163979640603,-0.0335025457921553,-0.0349077176324378,-0.0365196765923914,-0.0371756012982944,-0.0389999999999997,-0.0399395654102629,-0.041029286734179,-0.0432472203370869,-0.0446369652044565,-0.04773162436155,-0.0520000000000004,-0.060057562721084,-0.0683072849259783,-0.0707264009495544,-0.0661156929463094,-0.0543343562273109,-0.0350000000000001,0.0157128593468123,0.1055518262368092,0.2274346187598221,0.386149132043438,0.5646941431152581,0.7569999999999999,0.9434706012503282,1.0836321012151335,1.161203455800319,1.1652820629659442,1.110771944112566,0.9850000000000002,0.7654903635009861,0.4979169500786839,0.2217834187699655,-0.0287162193475356,-0.2302842397397448,-0.371,-0.4306377816290859,-0.4528217303983198,-0.464497235744103,-0.4492137410895734,-0.4220830560125784,-0.3839999999999998,-0.3363732541850699,-0.2899513294003019,-0.2424337541245461,-0.1972706216553223,-0.1516543132734679,-0.1069999999999996,-0.0732131651577693,-0.05104113680526,-0.0337017523714401,-0.015978499039725,-0.001541358483507,0.0089999999999997,0.0183569429225006,0.0259593575913185,0.0341727622127725,0.0440940448920019,0.0554772183736776,0.0689999999999998,0.0803101267988306,0.0879397558169751,0.0957774524672401,0.1022435526710821,0.1069469807078441,0.1120000000000003,0.1170112406449416,0.1215979163661412,0.1248042144240075,0.128901064195369,0.1339226392289197,0.1380000000000003,0.1422246756405382,0.1456877083958541,0.1491051822228007,0.1519891202126902,0.1546751900195649,0.1589999999999994,0.1631713869477773,0.1677501552353577,0.1743742433647891,0.1869480029444576,0.2045791131793142,0.2220000000000001,0.2410304076270702,0.2604410756901563,0.2797547343760811,0.3000112740148986,0.3186252980406696,0.3370000000000001,0.3546385797522792,0.3717495396298467,0.3898854469882943,0.4062638350644997,0.4225062301063347,0.4430000000000005,0.4657798298665776,0.484002607974803,0.494318883300246,0.5000759549503462,0.504932018437466,0.5090000000000003,0.5123710612283785,0.5151695664744763,0.5170529565567195,0.5185092731908738,0.5190351598018453,0.519,0.5175590524706334,0.5143904480931516,0.5104670176893104,0.5043362016992434,0.497622873839192,0.4889999999999997,0.4789637071305313,0.4664949221614242,0.4409424707337651,0.4102195691996625,0.3836952057550365,0.3549999999999996,0.3271277351696885,0.3019570543888021,0.2777039198476234,0.2574360364877445,0.2392473316013232,0.219,0.1989480563062957,0.1773872607609229,0.1505006104429602,0.1255631938044748,0.1022505141002944,0.0799999999999998,0.0583662029011998,0.0288003229132259,0.0075093356106392,0.0010498444088862,-0.0053398056966678,-0.0100000000000001,-0.0140535575775729,-0.017999314232364,-0.0207246725952834,-0.0243682689685113,-0.0263342582507535,-0.0289999999999999,-0.0315827591941647,-0.0343668909566132,-0.0382865879013566,-0.0411302698091357,-0.0447220128738191,-0.047,-0.0485857904258495,-0.0504339482037527,-0.0521915793346415,-0.0552150625004874,-0.0574323346097213,-0.0609999999999996,-0.0652642196951195,-0.06987519814785,-0.0791372351606778,-0.0905122470097705,-0.1009875295580564,-0.1100000000000001,-0.1183314981762839,-0.1262921743980428,-0.1323857797302036,-0.1363958289839807,-0.1397412881520921,-0.1439999999999997,-0.1473969082410917,-0.1510750689892239,-0.1557516757207577,-0.1594628065898275,-0.1639513754743255,-0.168,-0.1719989092657063,-0.1771498742341809,-0.1814988415170593,-0.1857064631411317,-0.1898091358720794,-0.1939999999999994,-0.1974540309518702,-0.2004263377000693,-0.2045817058549511,-0.2085483635995816,-0.2129271853805899,-0.2170000000000001,-0.220275862224416,-0.2238774750635854,-0.2261551364138663,-0.2274976083183269,-0.2279621251043374,-0.227,-0.2254024935314513,-0.2230926016473207,-0.2201661536854888,-0.2163835825432668,-0.2121545863415345,-0.2080000000000001,-0.2045546260882983,-0.2016428311923311,-0.1967420424314567,-0.1905666883039453,-0.1848516962529205,-0.1790000000000001,-0.1752530699730095,-0.1753423261442159,-0.177285955916483,-0.1804610780812489,-0.1849307051959165,-0.189,-0.1915518008852182,-0.194362391988994,-0.1986720246610857,-0.2022897050548829,-0.2058102748614278,-0.21,-0.2125971686480555,-0.2149147001579946,-0.2173326642681046,-0.2181271779549603,-0.2179154084065274,-0.2169999999999999,-0.2146749357336317,-0.2107875873899539,-0.2061491069424566,-0.2007358011260157,-0.1947694075973509,-0.1879999999999998,-0.1812178529036672,-0.1742956971405223,-0.1612361603141891,-0.1442320756935836,-0.1275606030212885,-0.1100000000000002,-0.096944993881657,-0.0876803070364665,-0.0789730589909436,-0.0727064051542839,-0.0667825793295595,-0.061,-0.055187661843927,-0.049756116525982,-0.0455046807308307,-0.0414770332167278,-0.0384100291509016,-0.0350000000000002,-0.0323525467402362,-0.0302707974015977,-0.0269060191350778,-0.0237590679409548,-0.0203241408188286,-0.0179999999999999,-0.0163771364675378,-0.015004667404596,-0.0151822556195259,-0.0147662724849115,-0.0152512815390607
-0.0169999999999997,-0.0201204533567883,-0.0245095195362324,-0.0284297884850387,-0.0349842083891962,-0.0424080166872453,-0.0499999999999997,-0.0584173575558245,-0.0674744319029838,-0.0838925775365417,-0.1035773670979335,-0.1201859279450044,-0.1359999999999996,-0.1510637368020075,-0.1654438879759309,-0.1799515403679297,-0.1994693088014632,-0.2178588792643401,-0.2259999999999997,-0.2325323285724019,-0.23898247755378,-0.2443102696427169,-0.2501169845828098,-0.2536571412027666,-0.2580000000000001,-0.2615189136856569,-0.2644256673632503,-0.2679760132231942,-0.2694964528377208,-0.2714186783814127,-0.2730000000000002,-0.2754494331351861,-0.2770108441564765,-0.2777895594738706,-0.281381988143995,-0.2820282172774135,-0.287,-0.2968487817304798,-0.2982023632793551,-0.28944728863148,-0.2643527464109206,-0.214930328029679,-0.1370000000000003,-0.0333684033576279,0.0936440665494386,0.2461738543561981,0.4120736383125672,0.5785038900999572,0.7229999999999999,0.8237550719262573,0.8725842439158407,0.8667912238147001,0.8231040375907597,0.7240053678476496,0.5550000000000002,0.3555031169582464,0.1436287107013455,-0.0667323005848648,-0.2591846945439911,-0.410925273440608,-0.4899999999999999,-0.5237808284911113,-0.5337184531563557,-0.5154963390989664,-0.4869458310060915,-0.448007094505747,-0.3969999999999998,-0.3412910121332113,-0.2864620790087707,-0.2356343033366764,-0.1825382923753323,-0.1344139847129395,-0.1,-0.0767855024252473,-0.0584474722429418,-0.0403362659441249,-0.0281310333233691,-0.0219440230090241,-0.0170000000000002,-0.0127644663796807,-0.0092480815022839,-0.0060495207359613,-0.0027931638298325,-0.0005537565676054,0.0029999999999995,0.0073140894971816,0.0105699857854821,0.0141650741305663,0.0171505516657767,0.0208282865667588,0.0250000000000001,0.030574039649308,0.0375877475686213,0.0441593349965731,0.0574154894652727,0.0754350818302034,0.0899999999999999,0.1039685233872316,0.1199439818513491,0.1385024170433736,0.1597327025504466,0.1827365226553502,0.2070000000000002,0.2305338631701856,0.2519652490137266,0.2718610254310604,0.2924170624103659,0.3145310858744912,0.3380000000000001,0.3621924396709268,0.3862569814796735,0.4103222751220894,0.4298909960247555,0.4420093112361304,0.4509999999999999,0.4586823629912705,0.4647559475829617,0.4704185878728468,0.4764343231935933,0.4820294220037023,0.4869999999999997,0.4928283601774831,0.4981250514606337,0.5031715898188023,0.5097137060535191,0.5163126199076508,0.5230000000000002,0.5282427892452644,0.5313735274862242,0.5314832513334093,0.5267370654129401,0.5206672827623632,0.5109999999999999,0.4991496372369531,0.4867331619732091,0.4639765199262193,0.438355166796382,0.4148221429179708,0.382,0.3436075529248945,0.3056079430406762,0.265443674024114,0.220330933288686,0.1724900605652987,0.1250000000000001,0.074248468601396,0.0258578645411963,-0.0147687218606891,-0.0559704225452014,-0.0979906158394356,-0.132,-0.1582011868188476,-0.1809771642676881,-0.1998690165536455,-0.2165801334632948,-0.2319300556259062,-0.2469999999999996,-0.262559842125029,-0.270798526125573,-0.2736444090309822,-0.277633579040588,-0.2804520574113792,-0.283,-0.285556904876448,-0.2879394010301625,-0.2902992409463269,-0.291287601187197,-0.2922078522468588,-0.2930000000000002,-0.2937810894154714,-0.2947954915663203,-0.2950543266816764,-0.2949931656709617,-0.2949553519048642,-0.2939999999999997,-0.2923017241448823,-0.2907966233075358,-0.2885118633809578,-0.2860747047105782,-0.2833685730653089,-0.2800000000000001,-0.276788364366181,-0.2721151728338392,-0.266984935832024,-0.2618339113604103,-0.2557185851329553,-0.2489999999999996,-0.2423092411461691,-0.2352406660152652,-0.2274886327254966,-0.2214303195906016,-0.2069137139977363,-0.1830000000000002,-0.1642628747997222,-0.1481671068682011,-0.1388428199981531,-0.1375747005786356,-0.1343029539240945,-0.1330000000000001,-0.131553838041793,-0.1293896754224212,-0.1279443139676082,-0.1248193433160986,-0.1239694545395122,-0.1229999999999999,-0.1227729378710424,-0.1234118897467029,-0.1222171139956224,-0.1220714990150717,-0.1219844288599183,-0.123,-0.1247364184119139,-0.1262105800566987,-0.1281233466303864,-0.1295986041951385,-0.1312995280167821,-0.1319999999999998,-0.1328059431447921,-0.1331916865983977,-0.132877694524196,-0.1329014117911247,-0.1317595196155058,-0.1309999999999996,-0.1286814465441705,-0.1257551268255785,-0.1237246164485502,-0.1208679190712017,-0.1184869475861828,-0.115,-0.1123769786419069,-0.1096869490167108,-0.1056469943858543,-0.1029567092451316,-0.0991336921088456,-0.0949999999999996,-0.0900719854630843,-0.0854635087193917,-0.0809495681232067,-0.0719017851345896,-0.0606168929966397,-0.0469999999999997,-0.0333461754218459,-0.0226741607725915,-0.0141860260098795,-0.0071721791582295,0.0005405554339925,0.0080000000000004,0.0184507890479861,0.0311660167886107,0.0435637559487395,0.0579141984065544,0.0731458569151104,0.0890000000000003,0.1002836916858447,0.109570969616979,0.1202014953630319,0.1278694841834554,0.1354070798941848,0.1389999999999999,0.13912859427621,0.1365202198581944,0.1298794274090457,0.1227810624838954,0.1101236811915171,0.096,0.0715509946249324,0.0290484590540087,-0.0109174381431436,-0.0486641019830008,-0.0904611166013472,-0.1339999999999995,-0.1821579938588965,-0.2294381816645682,-0.2667885139463999,-0.2892844184546559,-0.3006950005583811,-0.3059999999999996,-0.3085859983115641,-0.3099477916093143,-0.3101954698493961,-0.3116034878397476,-0.3119986365351387,-0.3130000000000001,-0.3147304051241895,-0.3166804796370051,-0.3198493574318805,-0.3217196249018306,-0.3246030895527872,-0.3259999999999999,-0.3274612051628291,-0.3292201909470024,-0.3288618361206041,-0.3309117635471853,-0.3308043623659021,-0.3320000000000004,-0.3339850568144726,-0.335131499328857,-0.3398649001282065,-0.3417706981322566,-0.3521423923059921,-0.367,-0.3698046540760352,-0.3594430144591085,-0.3251105185911292,-0.2677431331647729,-0.1895256206834391,-0.0900000000000003,0.0300850860676237,0.1733523904944855,0.335764572884684,0.5177471096294299,0.7099378031447742,0.9099999999999998,1.1063690188569093,1.2793005247182745,1.4137523914032422,1.468564445701577,1.4583170275736033,1.3820000000000008,1.1904090563976533,0.9265572274138656,0.6372822826953383,0.3510443150434754,0.1108597357647804,-0.0580000000000004,-0.1422838494441557,-0.1783038853662204,-0.1752389980439133,-0.1356533797136977,-0.0944845181872085,-0.0429999999999997,0.0017715197086636,0.0321781357067575,0.0705319528042248,0.0970155086235194,0.1089864981499442,0.1169999999999999,0.123538277357615,0.1301963468371096,0.1345512497210566,0.1404768340405991,0.1446349619912493,0.1489999999999999,0.1535123992051444,0.1561043948052369,0.1614040424784097,0.1651872879348168,0.168917275844106,0.1729999999999995,0.1754386116826623,0.1782647467564082,0.1795522608079763,0.1803726998572918,0.181130370528252,0.1820000000000003,0.1821392227983187,0.181750705314585,0.1823389166286302,0.1815182974950892,0.1810026475634955,0.1810000000000002,0.1816468525633388,0.183487387196909,0.1847412561001915,0.1870790079690179,0.1894076022881313,0.1920000000000004,0.1954083431998351,0.1980606558958277,0.2001825890789884,0.2015178999892805,0.2034213799444302,0.205,0.2065724028517892,0.2084853465523093,0.210045527334747,0.2136594292498535,0.2178900131901271,0.2240000000000001,0.2308004806308384,0.2388538267032685,0.2579606459617851,0.282866730030974,0.3068978967866372,0.3320000000000001,0.3547269251151506,0.3759577340990249,0.3944951710108358,0.4080952348628759,0.420347026392357,0.4300000000000004,0.437478973650424,0.4450984325420599,0.4521521658048841,0.4581624912985082,0.4614511437382416,0.4630000000000003,0.4618025827970028,0.4565991995533122,0.4492807619751032,0.4381751270507001,0.4250665813949504,0.4010000000000004,0.3596005753129167,0.3198967439436053,0.2795394092875869,0.2270084233469213,0.1721893423061102,0.12,0.0778130631472954,0.0461879173861648,0.0160154168645536,-0.0090612677364456,-0.0272703550638861,-0.0420000000000001,-0.0561045122571288,-0.0704412975014415,-0.0844103744592673,-0.0985061430799036,-0.1100719007158324,-0.1199999999999997,-0.1299991164207334,-0.140455804244944,-0.1517503909396076,-0.1620722009264046,-0.1734067513454719,-0.1850000000000003,-0.1950158802998114,-0.205052418001176,-0.2146711170613337,-0.2232820189874519,-0.2302774583989624,-0.2359999999999997,-0.2395967670344232,-0.2412880550934296,-0.243093035458796,-0.2445808256420823,-0.2463463209446269,-0.2470000000000002,-0.2468710298886545,-0.247755775255682,-0.2482739316042742,-0.249869942393668,-0.2525182893178998,-0.2550000000000001,-0.2575111391099217,-0.2599964072921385,-0.2622529179303472,-0.2633233156217406,-0.2641509176446295,-0.2640000000000001,-0.2630827380552746,-0.2625983048134773,-0.260553776499162,-0.2580830330582773,-0.2553101032221282,-0.2509999999999998,-0.2467857582028572,-0.2427427564740854,-0.2383775199822282,-0.2346160770096449,-0.2312838545288013,-0.2270000000000004,-0.222061934661488,-0.2164059444969137,-0.2101731745492683,-0.1999771764513005,-0.182122324786202,-0.165,-0.1510016081059717,-0.135615661561462,-0.1229514887196803,-0.1132382641747547,-0.1042760866183561,-0.0959999999999999,-0.088376258210075,-0.0817100067550801,-0.0748890652203979,-0.0684899284168843,-0.0614887717992887,-0.0539999999999999,-0.0473531850098822,-0.0405141951836561,-0.0347739590148283,-0.0302525380181279,-0.026261833924656,-0.0230000000000002,-0.0204399751741504,-0.0181152492332175,-0.0153172344001338,-0.0133354048124394,-0.0116229879256006,-0.0099999999999998,-0.0091635530954307,-0.0083012478638525,-0.0075671884411284,-0.006581668052364,-0.0059057093242948,-0.0050000000000003,-0.0032806986596399,-0.0022660074682674,-0.0015546421333007,-0.0005055399808294,0.0014726593752508,0.0039999999999999,0.0071925527169576,0.0114278954739664,0.015063806340206,0.018316520504012,0.0216772160648776,0.0249999999999997,0.0275455856063829,0.0303920967252847,0.0343545906920811,0.0368170380542092,0.0397290993673016,0.0430000000000002,0.044589961565999,0.0475335967889886,0.0507752311558407,0.0527960027861913,0.0556753900503404,0.0590000000000002,0.0615204245580776,0.0640388822952172,0.0661245469512239,0.0676371357330204,0.0692611316705444,0.07,0.0716233192111885,0.0724314582242504,0.0715138482651144,0.0726029977739113,0.0729036776566334,0.073,0.0746777282315875,0.0762529598670971,0.0781321403717147,0.0795198681153794,0.0814701548321509,0.0840000000000001,0.0872921981355522,0.0901865766769658,0.0928481254365238,0.0983649593280384,0.1026957587431185,0.107,0.1121457005133711,0.1166506127984416,0.1227439497894909,0.1281419002265191,0.1357874012191221,0.1439999999999996,0.1512176689695892,0.1606309919506942,0.1683957024667237,0.1763094484501414,0.1830821664519697,0.1879999999999996,0.1932023795472654,0.1965556450354295,0.2007672097571302,0.2063925026519476,0.2135185762628448,0.2219999999999996,0.2395241076868934,0.2728127883991582,0.3214258628176117,0.3943312345619172,0.4913171421665842,0.6169999999999995,0.7712626301339575,0.938868753590732,1.1096026681269808,1.2528653650874713,1.3446976958638437,1.3729999999999998,1.3417969818940076,1.257128568194811,1.0813747632467916,0.8366903877521982,0.5822014301838295,0.3329999999999997,0.1127591659494805,-0.0590471584207943,-0.1599956880252846,-0.2000654369961048,-0.2207715627857742,-0.2160000000000001,-0.1892338096971378,-0.1536974015767867,-0.1021083232740666,-0.0412605150553591,0.0216442659178477,0.083,0.1344777146768341,0.1728872215442411,0.2082770917870197,0.2360351016183511,0.2477216399572459,0.2580000000000003,0.2668873924037112,0.2723325349987096,0.2789420476370958,0.2838158451184301,0.2891002296576324,0.2939999999999998,0.2997555308776347,0.3047951834588408,0.3080567995372624,0.3130025909622626,0.3166912973548998,0.3219999999999993,0.3287596868618231,0.3355025101682353,0.3451389094553063,0.356909232939417,0.3693933328246848,0.38,0.3907333034075208,0.4020631177922598,0.4161624658871896,0.4371443669156862,0.4637817555454434,0.4940000000000001,0.5174613156101846,0.5341788487533452,0.5512411521527648,0.5675923506302435,0.5857340860979126,0.6040000000000002,0.6271660887073572,0.6580213173592462,0.6862527870184973,0.7102484136003377,0.7308061153030859,0.749,0.7687222563014706,0.7909281797240056,0.8131699332719883,0.8347727964966637,0.8574847165954683,0.8780000000000004,0.8972511761955143,0.9139689055860052,0.9258019373507216,0.9378939113423982,0.947552817933105,0.9539999999999996,0.9592341647355478,0.9626133494681994,0.9661367185118196,0.9692665994806192,0.9742027932334908,0.98,0.984227053818832,0.9871252618000012,0.9849600749886134,0.9773044293408304,0.9639244329937114,0.9479999999999996,0.9290360141745104,0.9001745858531661,0.8718699370346888,0.8456957882657727,0.8072307561253685,0.7609999999999995,0.7199367242232011,0.6890393245703137,0.6602873781991867,0.6284035319944828,0.6006439795192916,0.5689999999999994,0.5308561911781674,0.5021546155797244,0.4834876831404201,0.4680875446819723,0.4543433123266772,0.4420000000000001,0.4311533354491144,0.4202537662279867,0.4101152378349148,0.4020522615500784,0.3957859477499625,0.3889999999999999,0.3821748704527399,0.3764295135370555,0.3705347117683492,0.3668488449196478,0.3645979750340449,0.3640000000000001,0.3655881077850429,0.3683440333323385,0.3723781937070468,0.3750716230039563,0.3802766295127833,0.3850000000000004,0.3899469947590355,0.4025580815222699,0.4098019059579403,0.4012880783094253,0.3660799046813043,0.2939999999999998,0.1867225772325651,0.044301225836955,-0.1315105680726908,-0.335766275489344,-0.5408182333996152,-0.7299999999999999,-0.8776813620656387,-0.9388680489205612,-0.9498258947343988,-0.9278801328357288,-0.860564656126356,-0.8109999999999998,-0.7959484410510476,-0.7868031474511562,-0.7804478074470514,-0.7750033974916516,-0.7711625334260649,-0.7649999999999997,-0.76121028366948,-0.7595024506388991,-0.7557742034456695,-0.7524215066313811,-0.7452587444734464,-0.7330000000000001,-0.7061040717098523,-0.6702776203276117,-0.6375008552533702,-0.6030519411903635,-0.5692574527102301,-0.5330000000000003,-0.4959228412996732,-0.4625520038698426,-0.4325034741656503,-0.4043763823516291,-0.3710918300743778,-0.3380000000000008,-0.3007688532538317,-0.2553963668545423,-0.2140840406390498,-0.1779210603646015,-0.1444911621231842,-0.1150000000000005,-0.0972583224947628,-0.0859850899541786,-0.0753897500916644,-0.0776140029491296,-0.0902036350489237,-0.1149999999999995,-0.150594289753615,-0.1910968063119337,-0.2492584069008467,-0.3141902806190039,-0.3727257860365712,-0.4370000000000001,-0.5085024466419237,-0.5803931194019439,-0.6459209096161603,-0.6931243606044889,-0.720401029373985,-0.7390000000000001,-0.7529237493254639,-0.7611290867459894,-0.7641588458982621,-0.760880700128263,-0.7519410881417011,-0.7420000000000002,-0.7337569337361554,-0.7240619078133156,-0.7147255953618312,-0.7096945522447198,-0.712108085274599,-0.7190000000000007,-0.7310331975408998,-0.7679238959735755,-0.8221214353952642,-0.8804399788762012,-0.9490994516138768,-1.017,-1.088539279268573,-1.1659699897533666,-1.2409956457585616,-1.3171667566581429,-1.386353071158189,-1.4570000000000003,-1.528044448609551,-1.5781953906451347,-1.611701096989257,-1.6329787328749348,-1.6451469853596588,-1.6550000000000002,-1.662043633216866,-1.665026150138223,-1.6642049799353724,-1.6618423696069653,-1.6567866932980522,-1.6509999999999996,-1.646038352560249,-1.640930184529547,-1.63582303203019,-1.6293628320308529,-1.6241182602288402,-1.62,-1.6171591467748605,-1.6178207148774757,-1.621619575967323,-1.627477756216316,-1.634582887560134,-1.6439999999999992,-1.6573686648623052,-1.678375234599512,-1.6968458688723398,-1.7065412489584917,-1.7172169132090926,-1.7260000000000006,-1.7315053965188858,-1.729660985535202,-1.7184660577308188,-1.6947507791071297,-1.6422309848932848,-1.567,-1.4675690329451252,-1.3404173636514518,-1.1924401634345696,-1.0221328525536175,-0.8486489309806886,-0.677,-0.5296436184733117,-0.4515488936944659,-0.431733022435608,-0.4681278219777178,-0.5835381333084939,-0.7709999999999997,-1.0027526381958731,-1.2540809839569993,-1.5042011744617525,-1.721747917375396,-1.896540080601106,-2.0200000000000005,-2.0803131599906357,-2.104790676561312,-2.108347619980215,-2.0914839040343045,-2.060267520531644,-2.009,-1.9522480077383664,-1.90326600682094,-1.8558793315918516,-1.819503109189232,-1.795526754257276,-1.7740000000000002,-1.757177792041395,-1.7392725940226124,-1.7193071464366787,-1.7020126291945468,-1.681838668796747,-1.6639999999999997,-1.6491242312571288,-1.6340817299772905,-1.6220434888777593,-1.610299807757549,-1.5983517826641866,-1.579,-1.5522715945593488,-1.5265276461288158,-1.499353720165758,-1.4701679721652243,-1.439893405053214,-1.408,-1.3719505406667984,-1.3412150355118522,-1.307859276575564,-1.255078224644066,-1.2164913532432855,-1.188999999999999,-1.1443839980027963,-1.100230698907507,-1.0553180507088873,-1.0085736886242307,-0.9596649138787712,-0.913,-0.8864713503792772,-0.8473258286233766,-0.7936703657015616,-0.7593238268466497,-0.7281628250624598,-0.6940000000000002,-0.6597025501181714,-0.6207607241484107,-0.5888537353316499,-0.5524767064711066,-0.5045658454248926,-0.4639999999999998,-0.42170482428646,-0.3747901472764715,-0.3429708156006937,-0.317126842288176,-0.2868739427828004,-0.2580000000000005,-0.2339809981041952,-0.2159176721885335,-0.1976813041333942,-0.175551100068743,-0.1466478026381265,-0.116,-0.0965511297576579,-0.0860324666113392,-0.0795153810750125,-0.075745392252047,-0.0753445779095015,-0.0800000000000001,-0.0873384421942624,-0.0960511496529675,-0.1078973226654354,-0.1301181226051791,-0.1523336298993854,-0.1599999999999998,-0.1647468337284974,-0.1703098077364014,-0.175053128884403,-0.181399196533536,-0.1843071305318866,-0.1859999999999996,-0.1870397555745861,-0.1868976099815144,-0.1866210835245003,-0.1835372551507478,-0.1804107878677915,-0.1760000000000001,-0.1707641337603828,-0.1670112476946447,-0.161656546939362,-0.1574640993974349,-0.1498163195910935,-0.1370000000000004,-0.1277375510582386,-0.1164948402236882,-0.0990949845173017,-0.0807574086040508,-0.061972721236572,-0.0369999999999999,-0.0072782989617126,0.0160018147726969,0.041507185461322,0.0739182791023514,0.1042377709630622,0.141,0.1758390432788983,0.1977907307381673,0.2194308174299966,0.241627715743406,0.2635632420323254,0.2860000000000002,0.3025624694227533,0.3127875427991464,0.3204712232090682,0.3249971711022139,0.320297280209539,0.309,0.2936951827228073,0.2751831961875983,0.2614755092676484,0.248118651056192,0.2317413633772227,0.2150000000000002,0.1948640823301119,0.1793791294766993,0.1724219441054393,0.1666860710576088,0.162322286361233,0.1589999999999997,0.1540913590118672,0.1488248888298265,0.1447476002659973,0.1418817953932597,0.1381117706945837,0.1329999999999996,0.1245396293749198,0.1098650568404408,0.0971964931949874,0.0880028549073271,0.0722285862480874,0.0519999999999995,0.0319934928198991,0.0120815253622262,-0.0089171146935693,-0.0325392707266383,-0.0539322946076084,-0.0729999999999998,-0.0937619627014837,-0.1146709911735453,-0.1360136909632141,-0.159825187623438,-0.1850356424046048,-0.2099999999999996,-0.2357380951552659,-0.261843849241523,-0.287020929035619,-0.3119253825247025,-0.3354679709239623,-0.3550000000000001,-0.3708512167010438,-0.3869860430821889,-0.3999021790729161,-0.4059082362141349,-0.4111509164406973,-0.4160000000000001,-0.4185501798092504,-0.4209725226479799,-0.4235157872139474,-0.4259684835087036,-0.4285801759246047,-0.4320000000000003,-0.4353491099289872,-0.4390780334679997,-0.4441265277196315,-0.4484169859128856,-0.448553195840787,-0.4430000000000005,-0.4333780090662458,-0.4201102582529323,-0.4035746425446417,-0.3784858731882233,-0.3437615077278824,-0.3070000000000002,-0.2630404381088225,-0.21040519252536,-0.1525352491791716,-0.0898136580580501,-0.0307029632873873,0.0230000000000004,0.0705669151140012,0.1094200084128377,0.1419947852249896,0.1751233150695267,0.2202598788812063,0.2810000000000004,0.3613209412129262,0.4616975710737985,0.5764135376705308,0.7020970482462665,0.8308033206516855,0.962,1.0961288687215116,1.2308544963208548,1.3655384716386034,1.4949079258401627,1.6164447989737378,1.723,1.8090392539382307,1.8777586696253503,1.9372544005656271,1.997570783244896,2.0642785837170683,2.146000000000001,2.241079386743259,2.3437753931632104,2.452961095844361,2.563037087037145,2.6725520090479287,2.773,2.862777145694876,2.9452212145715664,3.0166121728829465,3.077779806894408,3.119828058687512,3.1510000000000007,3.183161678835049,3.2113145977264352,3.2467731137783957,3.2885219605340263,3.3259529829241155,3.353000000000001,3.3633389339710287,3.3636524882130674,3.3523294313345957,3.3222410638639244,3.261657204790018
3.161000000000001,3.0289702448055187,2.865213289094102,2.6683155836996706,2.4472898482894405,2.212666409764801,1.9790000000000008,1.7586571928121073,1.5601129050894904,1.3886673004078989,1.24918480205074,1.140505831430189,1.062,1.0204302309580642,1.005283647645363,0.9980575019701836,0.9932960640521016,0.9891675782507964,0.9859999999999998,0.9858679082321312,0.9854277437373308,0.980173207116658,0.9679872417447124,0.9425489326830871,0.9009999999999996,0.8490837093479345,0.7927112892543586,0.736264325785867,0.681267155013791,0.6302613837395565,0.5840000000000003,0.5389253642980639,0.4947147747430231,0.4495125238756763,0.398562532257853,0.3348255335309484,0.2520000000000005,0.1505099998588238,0.0299319187735363,-0.1105948264993886,-0.2670282679751192,-0.4308562388920687,-0.5930000000000001,-0.750259928327873,-0.9002804742899829,-1.037652385210198,-1.1605356488659675,-1.269413411783653,-1.3560000000000003,-1.41074686557661,-1.4365224781957182,-1.4389036739436114,-1.4251286655849045,-1.3998039106398903,-1.3610000000000004,-1.3236737502594642,-1.300017987586802,-1.2793207274915908,-1.2570714541671064,-1.2344138598250207,-1.2120000000000002,-1.1898060294631474,-1.164819479469804,-1.1414836313046055,-1.1209439687118037,-1.1025952519311053,-1.085,-1.059960026928351,-1.028227463634513,-0.9901024650736348,-0.9436140461943496,-0.892574879664422,-0.8400000000000002,-0.7896630043710214,-0.742340011328703,-0.696891221979075,-0.6523273246305271,-0.6112421421916748,-0.5750000000000003,-0.5451506555110834,-0.5317675761212464,-0.5276917059011358,-0.5238647156038168,-0.5258778916366723,-0.5320000000000001,-0.5415942253016915,-0.5555005353048891,-0.5770606726814591,-0.6032720746086404,-0.6266946123920195,-0.6529999999999997,-0.6805798522806656,-0.7088267858115335,-0.7390699737923079,-0.7668315908192728,-0.7930662236343244,-0.8159999999999995,-0.8369480493468073,-0.8560628194491384,-0.8728834676122026,-0.8844542251986248,-0.8872948002352977,-0.8899999999999999,-0.8910706490612909,-0.8922823418291427,-0.896438560187002,-0.8992989273630431,-0.9053267362117576,-0.9100000000000008,-0.916211877747242,-0.9243825491702692,-0.9329531849059858,-0.9535205645964268,-0.9760021925970346,-0.994,-1.0074789447752177,-1.0124691352113109,-1.0169290285416002,-1.021982931963648,-1.0267810284223404,-1.025,-1.013009993392382,-0.9962875412951536,-0.9739042399178418,-0.9491192394072164,-0.9254946456459804,-0.9060000000000004,-0.8893553098266963,-0.8730804488301633,-0.8570228142059183,-0.8332511913965912,-0.8010720444414643,-0.7630000000000006,-0.7214972542511134,-0.677562078326674,-0.6313406918395426,-0.5879299443925161,-0.5457886935331551,-0.5089999999999997,-0.4722822478777008,-0.4314313630444936,-0.4023264294837203,-0.3800259696537233,-0.3593797739565762,-0.3450000000000001,-0.3330436963949247,-0.3245371638113159,-0.3184502357826527,-0.3126188849673191,-0.3054028595873064,-0.2970000000000002,-0.2852873649998387,-0.2663264426326766,-0.2459020687176865,-0.2259593736836785,-0.2060887109127292,-0.1860000000000001,-0.1642956031252176,-0.1433130165268758,-0.1222018233982037,-0.0999655087148958,-0.076032135518795,-0.0499999999999993,-0.0231616025548821,0.0010892240007729,0.0236991434844561,0.0470734391195607,0.0651844756454289,0.0820000000000004,0.1000856659736695,0.111251312965566,0.1175917333095588,0.1231633117951007,0.1278037894710506,0.1310000000000004,0.1350168522560669,0.1395560848429244,0.1433092048030402,0.1475310515127886,0.1492457042869797,0.1529999999999998,0.159762512524768,0.1660700086642281,0.1732046296366396,0.1771795598432144,0.1809744965257181,0.1859999999999995,0.1901493912424165,0.1936647170341727,0.1931168983616186,0.1889157862569835,0.1813083345941822,0.1730000000000001,0.1605832408258728,0.1408155344290706,0.1223950829516952,0.1045389497130152,0.0835537629900812,0.0599999999999999,0.0379408184668634,0.0183579658947532,-0.0028776687495033,-0.0224277980583475,-0.0390234270459833,-0.0499999999999998,-0.0552834148529835,-0.0573108077647975,-0.0564517062069822,-0.0577193099079552,-0.0578141425799391,-0.058,-0.0585079392673474,-0.0545978647618227,-0.0510965119216575,-0.0474308927821404,-0.0445490639697241,-0.041,-0.0357672206837237,-0.0324975771087834,-0.0285569020419046,-0.0266879888424909,-0.0272478515533951,-0.0310000000000003,-0.0383751938518607,-0.0475130172733991,-0.0586362139743828,-0.0671754076884069,-0.0773609636441835,-0.0889999999999997,-0.0984690405741975,-0.1025106452289851,-0.0966480066897717,-0.088535809177649,-0.0710026356428438,-0.0320000000000001,0.0364389866227186,0.1336845501596158,0.2508317513998372,0.3887920606149378,0.526752969436939,0.6579999999999996,0.7679300943125622,0.8180608853359164,0.8263748394257462,0.7829868159245983,0.6509030424722081,0.4490000000000005,0.1998638463327832,-0.0745806943718047,-0.3406621898415329,-0.5650426864128518,-0.726573853717401,-0.8110000000000003,-0.8273328575400751,-0.8092458703573912,-0.747621216281187,-0.648924532671529,-0.5460206919011688,-0.4339999999999995,-0.3250232704508082,-0.2280151919726663,-0.1404453503567459,-0.0791910749813441,-0.0451109083519801,-0.0359999999999999,-0.0478671013144344,-0.0751222774265308,-0.1185281024752552,-0.165428700280421,-0.2111940068147238,-0.2520000000000003,-0.2735461553487756,-0.2850944074519549,-0.2964098069697095,-0.3009945181407799,-0.3003419562713387,-0.2869999999999998,-0.255385393343737,-0.217422670070755,-0.173670917311477,-0.1211272469133748,-0.0630979730451844,-0.0030000000000004,0.0555918287957297,0.1110664963868046,0.1623831369902421,0.2109621500613284,0.2526815454604422,0.2900000000000002,0.3253573177769273,0.3478951167548149,0.3672500388993064,0.3894563798941481,0.4060450071316541,0.4220000000000008,0.435700000200336,0.4480026048992511,0.4635931715866724,0.4792791042695613,0.4967349475592397,0.5170000000000002,0.5401771525757916,0.5638066083877267,0.5872659708725673,0.6112954077671983,0.6304945342791689,0.6490000000000004,0.6691899578028907,0.6883403915594006,0.7115062850476934,0.7344148449015451,0.7493930274361248,0.7590000000000005,0.7667127902867901,0.7714901289630539,0.7714138350974692,0.768989563403764,0.7664506148547698,0.7630000000000002,0.7588539767367006,0.7539243237561597,0.7450898754612012,0.7331721478580736,0.7200109046448068,0.701,0.6802428656930316,0.6548167738888317,0.6193339199638633,0.5937215281656083,0.5728834652220325,0.5390000000000001,0.500419279963778,0.4530922195370222,0.3969370018788916,0.3401895915756658,0.2826017794707344,0.2280000000000001,0.1759135062432688,0.1299442294841094,0.091181308620663,0.051899259178799,0.0092521660300931,-0.0340000000000006,-0.0741773125632611,-0.1116080842770395,-0.138568960772919,-0.1601727385245064,-0.1859903447472956,-0.2059999999999996,-0.2256138200889937,-0.2462000001563445,-0.2631194973168195,-0.2838570803710613,-0.3064514618005883,-0.327,-0.3421939392281226,-0.3583106295629814,-0.3767757430925746,-0.3924619442922824,-0.4136325500154383,-0.4340000000000006,-0.4490898136716686,-0.4627198831138779,-0.4721372269600302,-0.4775061832561158,-0.4762987137703082,-0.4719999999999997,-0.4657497903621355,-0.4554983395794848,-0.4388380789035411,-0.4133067820714416,-0.3896309990101868,-0.364,-0.3241647590046816,-0.2784455578785074,-0.2351041793587116,-0.1895390203493105,-0.1505893399322429,-0.1259999999999997,-0.0981980516508428,-0.0695550859274321,-0.0456304635237216,-0.0195846945143539,0.0049971952455814,0.0330000000000003,0.0586202756148278,0.0814730862712562,0.1080193284934608,0.133073903111171,0.1622294045946812,0.1940000000000001,0.2301654962035183,0.2674026480800224,0.2973392703153862,0.3240334053474848,0.3418549319000514,0.3550000000000005,0.3647008926823581,0.3719742429904827,0.3814893352524777,0.3841824577207485,0.3822243780446215,0.3719999999999995,0.3573851731842291,0.3456266080208303,0.3309676845440961,0.3183361978590006,0.3066780244655234,0.2960000000000002,0.278985874733116,0.251494979875234,0.2224163463961346,0.1922163828488604,0.1689589347815961,0.1480000000000002,0.126716295974086,0.1074900055955213,0.0817882141708366,0.0538574534871977,0.0270587088463572,0.0100000000000001,0.0001838697275696,-0.0105230890839386,-0.0192106620335374,-0.031133429851254,-0.043597093947936,-0.0620000000000002,-0.0856932421793012,-0.1057723118877676,-0.1219443964178144,-0.1315099644195716,-0.1439226901015756,-0.1600000000000001,-0.185362427509963,-0.2188103398229411,-0.2497310790305274,-0.288168825595957,-0.3247099887439764,-0.3589999999999998,-0.3917791499934212,-0.4167773709494861,-0.4519850677756618,-0.4955981821400469,-0.5400076861013847,-0.586,-0.6324068679571516,-0.6689792363060053,-0.6915722386741511,-0.7092071441475374,-0.7169523656285304,-0.723,-0.7263032823214962,-0.7249221078683833,-0.7234165859103023,-0.7136322632161284,-0.7052278472521366,-0.6860000000000004,-0.6544001753257124,-0.620354754673503,-0.5833399419478801,-0.5552216246345271,-0.5217317969736677,-0.4920000000000001,-0.4726844663014431,-0.4577734675570595,-0.4512107317661826,-0.4411943103815369,-0.4421496407839647,-0.4449999999999999,-0.4510264364155831,-0.4653398741953024,-0.4764387257735639,-0.5023868013712522,-0.5205411341171478,-0.539,-0.5542989842794548,-0.5486871181372616,-0.5407747988413616,-0.4975827292963929,-0.4240680741146428,-0.3049999999999994,-0.1474543960488913,0.0191991036526898,0.229067071329259,0.4266344391525343,0.582270897183535,0.664,0.6730853219035252,0.6415839386033692,0.5133465651879625,0.3753792060550557,0.1883580681433545,0.0,0.0,0.0,0.0,0.0,0.0,0.0,0.0,0.0,0.0,0.0,0.0,0.0,0.0,0.0,0.0,0.0,0.0,0.0,0.0,0.0,0.0,0.0,0.0,0.0,0.0,0.0,0.0,0.0,0.0,0.0,0.0,0.0,0.0,0.0,0.0,0.0,0.0,0.0,0.0,0.0,0.0,0.0,0.0,0.0,0.0,0.0,0.0,0.0,0.0,0.0,0.0,0.0,0.0,0.0,0.0,0.0,0.0,0.0,0.0,0.0,0.0,0.0,0.0,0.0,0.0,0.0,0.0,0.0,0.0,0.0,0.0,0.0,0.0,0.0,0.0,0.0,0.0,0.0,0.0,0.0,0.0,0.0,0.0,0.0,0.0,0.0,0.0,0.0,0.0,0.0,0.0,0.0,0.0,0.0,0.0,0.0,0.0,0.0,0.0,0.0,0.0,0.0,0.0,0.0,0.0,0.0,0.0,0.0,0.0,0.0,0.0,0.0,0.0,0.0,0.0,0.0,0.0,0.0,0.0,0.0,0.0,0.0,0.0,0.0,0.0,0.0,0.0,0.0,0.0,0.0,0.0,0.0,0.0,0.0,0.0,0.0,0.0,0.0,0.0,0.0,0.0,0.0,0.0,0.0,0.0,0.0,0.0,0.0,0.0,0.0,0.0,0.0,0.0,0.0,0.0,0.0,0.0,0.0,0.0,0.0,0.0,0.0,0.0,0.0,0.0,0.0,0.0,0.0,0.0,0.0,0.0,0.0,0.0,0.0,0.0,0.0,0.0,0.0,0.0,0.0,0.0,0.0,0.0,0.0,0.0,0.0,0.0,0.0,0.0,0.0,0.0,0.0,0.0,0.0,0.0,0.0,0.0,0.0,0.0,0.0,0.0,0.0,0.0,0.0,0.0,0.0,0.0,0.0,0.0,0.0,0.0,0.0,0.0,0.0,0.0,0.0,0.0,0.0,0.0,0.0,0.0,0.0,0.0,0.0,0.0,0.0,0.0,0.0,0.0,0.0,0.0,0.0,0.0,0.0,0.0,0.0,0.0,0.0,0.0,0.0,0.0,0.0,0.0,0.0,0.0,0.0,0.0,0.0,0.0,0.0,0.0,0.0,0.0,0.0,0.0,0.0,0.0,0.0,0.0,0.0,0.0,0.0,0.0,0.0,0.0,0.0,0.0,0.0,0.0,0.0,0.0,0.0,0.0,0.0,0.0,0.0,0.0,0.0,0.0,0.0,0.0,0.0,0.0,0.0,0.0,0.0,0.0,0.0,0.0,0.0,0.0,0.0,0.0,0.0,0.0,0.0,0.0,0.0,0.0,0.0,0.0,0.0,0.0,0.0,0.0,0.0,0.0,0.0,0.0,0.0,0.0,0.0,0.0,0.0,0.0,0.0,0.0,0.0,0.0,0.0,0.0,0.0,0.0,0.0,0.0,0.0,0.0,0.0,0.0,0.0,0.0,0.0,0.0,0.0,0.0,0.0,0.0,0.0,0.0,0.0,0.0,0.0,0.0,0.0,0.0,0.0,0.0,0.0,0.0,0.0,0.0,0.0,0.0,0.0,0.0,0.0,0.0,0.0,0.0,0.0,0.0,0.0,0.0,0.0,0.0,0.0,0.0,0.0,0.0,0.0,0.0,0.0,0.0,0.0,0.0,0.0,0.0,0.0,0.0,0.0,0.0,0.0,0.0,0.0,0.0,0.0,0.0,0.0,0.0,0.0,0.0,0.0,0.0,0.0,0.0,0.0,0.0,0.0,0.0,0.0,0.0,0.0,0.0,0.0,0.0,0.0,0.0,0.0,0.0,0.0,0.0,0.0,0.0,0.0,0.0,0.0,0.0,0.0,0.0,0.0,0.0,0.0,0.0,0.0,0.0,0.0,0.0,0.0,0.0,0.0,0.0,0.0,0.0,0.0,0.0,0.0,0.0,0.0,0.0,0.0,0.0,0.0,0.0,0.0,0.0,0.0,0.0,0.0,0.0,0.0,0.0,0.0,0.0,0.0,0.0,0.0,0.0,0.0,0.0,0.0,0.0,0.0,0.0,0.0,0.0,0.0,0.0,0.0,0.0,0.0,0.0,0.0,0.0,0.0,0.0,0.0,0.0,0.0,0.0,0.0,0.0,0.0,0.0,0.0,0.0,0.0,0.0,0.0,0.0,0.0,0.0,0.0,0.0,0.0,0.0,0.0,0.0,0.0,0.0,0.0,0.0,0.0,0.0,0.0,0.0,0.0,0.0,0.0,0.0,0.0,0.0,0.0,0.0,0.0,0.0,0.0,0.0,0.0,0.0,0.0,0.0,0.0,0.0,0.0,0.0,0.0,0.0,0.0,0.0,0.0,0.0,0.0,0.0,0.0,0.0,0.0,0.0,0.0,0.0,0.0,0.0,0.0,0.0,0.0,0.0,0.0,0.0,0.0,0.0,0.0,0.0,0.0,0.0,0.0,0.0,0.0,0.0,0.0,0.0,0.0,0.0,0.0,0.0,0.0,0.0,0.0,0.0,0.0,0.0,0.0,0.0,0.0,0.0,0.0,0.0,0.0,0.0,0.0,0.0,0.0,0.0,0.0,0.0,0.0,0.0,0.0,0.0
