ECG
-0.001
0.0
0.0
0.001
0.002
0.002
0.006
0.021
0.034
0.045
0.062
0.087
0.111
0.128
0.146
0.16
0.172
0.179
0.181
0.182
0.184
0.187
0.169
0.149
0.135
0.121
0.107
0.09
0.07
0.053
0.038
0.025
0.013
0.002
-0.014
-0.038
-0.051
-0.058
-0.063
-0.065
-0.065
-0.06
-0.052
-0.041
-0.027
-0.008
-0.002
0.001
0.005
0.008
0.009
0.009
0.003
-0.005
-0.013
-0.018
-0.021
-0.026
-0.03
-0.035
-0.038
-0.04
-0.043
-0.045
-0.046
-0.047
-0.047
-0.047
-0.046
-0.045
-0.044
-0.043
-0.042
-0.041
-0.039
-0.037
-0.034
-0.031
-0.028
-0.024
-0.019
-0.012
-0.004
0.004
0.015
0.031
0.049
0.057
0.06
0.063
0.065
0.067
0.069
0.07
0.071
0.072
0.072
0.071
0.069
0.066
0.061
0.057
0.053
0.049
0.044
0.034
0.015
0.0
-0.006
-0.011
-0.016
-0.02
-0.023
-0.025
-0.024
-0.02
-0.014
-0.008
-0.002
0.003
0.009
0.015
0.021
0.027
0.032
0.037
0.041
0.046
0.051
0.055
0.059
0.064
0.07
0.075
0.08
0.084
0.087
0.089
0.092
0.094
0.096
0.099
0.102
0.105
0.107
0.106
0.102
0.095
0.084
0.067
0.035
0.012
-0.002
-0.016
-0.029
-0.037
-0.042
-0.047
-0.051
-0.054
-0.058
-0.062
-0.066
-0.069
-0.073
-0.078
-0.082
-0.088
-0.097
-0.106
-0.114
-0.122
-0.131
-0.142
-0.148
-0.145
-0.135
-0.106
-0.051
0.025
0.13
0.27
0.433
0.591
0.72
0.789
0.795
0.756
0.659
0.529
0.38
0.228
0.084
-0.042
-0.133
-0.167
-0.179
-0.166
-0.153
-0.143
-0.138
-0.144
-0.155
-0.163
-0.171
-0.178
-0.181
-0.179
-0.173
-0.164
-0.155
-0.147
-0.137
-0.126
-0.112
-0.098
-0.09
-0.084
-0.078
-0.073
-0.069
-0.065
-0.062
-0.059
-0.057
-0.054
-0.052
-0.05
-0.048
-0.047
-0.042
-0.03
-0.009
0.002
0.009
0.014
0.019
0.024
0.028
0.032
0.036
0.04
0.044
0.05
0.06
0.076
0.089
0.106
0.136
0.158
0.169
0.177
0.184
0.19
0.196
0.2
0.204
0.207
0.211
0.216
0.22
0.222
0.223
0.222
0.219
0.216
0.211
0.205
0.192
0.165
0.142
0.125
0.109
0.095
0.084
0.071
0.055
0.044
0.036
0.028
0.022
0.016
0.011
0.008
0.006
0.004
0.002
0.0
-0.001
-0.001
-0.001
-0.002
-0.002
-0.004
-0.007
-0.009
-0.011
-0.012
-0.013
-0.015
-0.017
-0.02
-0.022
-0.024
-0.026
-0.03
-0.035
-0.039
-0.041
-0.037
-0.029
-0.02
-0.012
-0.009
-0.005
0.0
0.004
0.008
0.01
0.011
0.013
0.015
0.017
0.019
0.02
0.019
0.017
0.016
0.017
0.017
0.016
0.015
0.012
0.009
0.006
0.003
0.0
-0.002
-0.005
-0.008
-0.01
-0.011
-0.013
-0.016
-0.02
-0.023
-0.026
-0.029
-0.033
-0.037
-0.041
-0.043
-0.043
-0.041
-0.039
-0.037
-0.034
-0.032
-0.031
-0.028
-0.026
-0.024
-0.022
-0.02
-0.018
-0.016
-0.014
-0.012
-0.009
-0.007
-0.006
-0.006
-0.009
-0.012
-0.017
-0.022
-0.028
-0.033
-0.037
-0.042
-0.047
-0.052
-0.056
-0.059
-0.06
-0.058
-0.052
-0.046
-0.039
-0.033
-0.028
-0.021
-0.014
-0.008
-0.003
-0.001
-0.001
-0.004
-0.008
-0.014
-0.021
-0.029
-0.043
-0.057
-0.07
-0.077
-0.082
-0.086
-0.09
-0.094
-0.097
-0.099
-0.102
-0.104
-0.105
-0.106
-0.107
-0.108
-0.109
-0.11
-0.111
-0.113
-0.118
-0.121
-0.116
-0.103
-0.068
-0.007
0.09
0.219
0.368
0.52
0.657
0.754
0.782
0.775
0.711
0.604
0.476
0.334
0.19
0.058
-0.047
-0.103
-0.124
-0.126
-0.121
-0.117
-0.113
-0.11
-0.11
-0.112
-0.113
-0.114
-0.115
-0.116
-0.116
-0.117
-0.119
-0.12
-0.121
-0.121
-0.121
-0.12
-0.118
-0.114
-0.111
-0.108
-0.105
-0.102
-0.098
-0.095
-0.092
-0.09
-0.087
-0.083
-0.078
-0.074
-0.07
-0.067
-0.064
-0.062
-0.059
-0.056
-0.054
-0.052
-0.05
-0.046
-0.04
-0.031
-0.021
-0.011
-0.003
0.003
0.009
0.016
0.023
0.03
0.036
0.042
0.049
0.056
0.062
0.067
0.072
0.076
0.08
0.085
0.09
0.093
0.094
0.092
0.087
0.08
0.072
0.06
0.04
0.02
0.001
-0.018
-0.036
-0.06
-0.089
-0.111
-0.128
-0.144
-0.16
-0.177
-0.201
-0.218
-0.232
-0.242
-0.246
-0.248
-0.249
-0.251
-0.252
-0.254
-0.255
-0.253
-0.245
-0.236
-0.229
-0.223
-0.217
-0.211
-0.205
-0.198
-0.192
-0.187
-0.183
-0.179
-0.174
-0.169
-0.164
-0.159
-0.154
-0.149
-0.144
-0.139
-0.134
-0.128
-0.123
-0.119
-0.116
-0.116
-0.118
-0.123
-0.128
-0.133
-0.136
-0.14
-0.144
-0.149
-0.153
-0.155
-0.156
-0.154
-0.15
-0.146
-0.141
-0.135
-0.128
-0.119
-0.11
-0.102
-0.096
-0.089
-0.078
-0.062
-0.047
-0.029
-0.005
0.019
0.047
0.08
0.114
0.134
0.144
0.151
0.156
0.159
0.159
0.157
0.152
0.146
0.139
0.132
0.123
0.113
0.103
0.095
0.086
0.075
0.062
0.056
0.053
0.052
0.051
0.05
0.05
0.05
0.049
0.048
0.048
0.05
0.053
0.058
0.063
0.069
0.076
0.083
0.095
0.105
0.113
0.119
0.123
0.127
0.131
0.134
0.137
0.139
0.141
0.142
0.143
0.142
0.141
0.139
0.136
0.133
0.129
0.125
0.121
0.116
0.11
0.099
0.087
0.077
0.068
0.06
0.054
0.048
0.042
0.034
0.025
0.016
0.009
0.003
-0.002
-0.008
-0.014
-0.017
-0.02
-0.023
-0.026
-0.03
-0.034
-0.04
-0.045
-0.044
-0.038
-0.024
0.01
0.063
0.135
0.236
0.372
0.545
0.747
0.952
1.095
1.112
1.046
0.808
0.48
0.153
-0.089
-0.191
-0.201
-0.148
-0.068
-0.032
-0.022
-0.039
-0.06
-0.078
-0.086
-0.09
-0.092
-0.095
-0.097
-0.096
-0.091
-0.082
-0.073
-0.067
-0.061
-0.055
-0.048
-0.042
-0.037
-0.034
-0.033
-0.032
-0.032
-0.032
-0.032
-0.033
-0.033
-0.033
-0.032
-0.031
-0.029
-0.028
-0.027
-0.025
-0.021
-0.017
-0.012
-0.006
0.0
0.009
0.02
0.03
0.04
0.048
0.056
0.063
0.069
0.076
0.082
0.088
0.093
0.098
0.103
0.107
0.111
0.114
0.117
0.12
0.123
0.125
0.127
0.13
0.133
0.137
0.139
0.141
0.139
0.133
0.124
0.113
0.091
0.058
0.04
0.029
0.016
0.001
-0.016
-0.037
-0.053
-0.065
-0.076
-0.087
-0.102
-0.114
-0.125
-0.134
-0.141
-0.145
-0.148
-0.151
-0.154
-0.157
-0.159
-0.16
-0.158
-0.153
-0.149
-0.145
-0.143
-0.141
-0.14
-0.138
-0.137
-0.136
-0.135
-0.133
-0.131
-0.129
-0.128
-0.127
-0.127
-0.126
-0.126
-0.124
-0.123
-0.119
-0.117
-0.115
-0.111
-0.106
-0.095
-0.084
-0.073
-0.068
-0.066
-0.063
-0.062
-0.06
-0.059
-0.058
-0.057
-0.056
-0.056
-0.055
-0.055
-0.055
-0.055
-0.056
-0.057
-0.057
-0.056
-0.054
-0.052
-0.051
-0.05
-0.049
-0.048
-0.046
-0.044
-0.043
-0.042
-0.041
-0.039
-0.037
-0.035
-0.032
-0.029
-0.022
-0.013
-0.003
0.005
0.013
0.024
0.044
0.077
0.1
0.114
0.13
0.147
0.16
0.172
0.181
0.182
0.176
0.168
0.159
0.149
0.135
0.114
0.103
0.095
0.087
0.08
0.074
0.069
0.067
0.066
0.066
0.067
0.067
0.067
0.067
0.068
0.069
0.07
0.07
0.069
0.068
0.068
0.067
0.067
0.066
0.064
0.06
0.056
0.052
0.048
0.043
0.036
0.027
0.018
0.009
0.0
-0.008
-0.017
-0.026
-0.036
-0.042
-0.047
-0.051
-0.053
-0.056
-0.059
-0.062
-0.065
-0.066
-0.067
-0.066
-0.065
-0.063
-0.06
-0.055
-0.049
-0.038
-0.011
0.047
0.139
0.271
0.442
0.642
0.845
1.012
1.093
1.052
0.886
0.62
0.309
0.018
-0.187
-0.247
-0.246
-0.183
-0.107
-0.072
-0.059
-0.06
-0.072
-0.081
-0.087
-0.092
-0.095
-0.096
-0.095
-0.093
-0.088
-0.083
-0.076
-0.064
-0.039
-0.017
0.0
0.013
0.02
0.023
0.026
0.028
0.03
0.031
0.033
0.035
0.038
0.04
0.042
0.043
0.044
0.044
0.044
0.045
0.045
0.046
0.047
0.049
0.051
0.055
0.057
0.06
0.062
0.064
0.066
0.069
0.073
0.077
0.08
0.084
0.089
0.099
0.111
0.123
0.135
0.143
0.15
0.156
0.162
0.166
0.168
0.167
0.162
0.157
0.15
0.143
0.135
0.123
0.111
0.102
0.094
0.083
0.068
0.05
0.024
-0.004
-0.025
-0.042
-0.061
-0.078
-0.093
-0.105
-0.116
-0.124
-0.131
-0.137
-0.144
-0.153
-0.16
-0.164
-0.167
-0.171
-0.175
-0.179
-0.182
-0.185
-0.187
-0.188
-0.19
-0.19
-0.19
-0.189
-0.187
-0.185
-0.182
-0.18
-0.177
-0.173
-0.168
-0.162
-0.148
-0.116
-0.092
-0.079
-0.068
-0.055
-0.045
-0.039
-0.036
-0.034
-0.032
-0.031
-0.03
-0.029
-0.029
-0.029
-0.028
-0.026
-0.024
-0.021
-0.019
-0.017
-0.014
-0.012
-0.01
-0.007
-0.005
-0.004
-0.002
0.0
0.003
0.008
0.013
0.018
0.023
0.027
0.03
0.033
0.035
0.037
0.038
0.038
0.039
0.039
0.039
0.039
0.04
0.041
0.043
0.046
0.048
0.051
0.056
0.061
0.068
0.074
0.08
0.086
0.093
0.101
0.108
0.115
0.119
0.122
0.124
0.125
0.127
0.128
0.129
0.13
0.131
0.133
0.134
0.136
0.137
0.137
0.136
0.135
0.134
0.132
0.129
0.125
0.12
0.115
0.11
0.105
0.101
0.094
0.087
0.081
0.075
0.071
0.067
0.063
0.058
0.05
0.039
0.027
0.014
-0.006
-0.035
-0.053
-0.062
-0.069
-0.075
-0.079
-0.082
-0.085
-0.088
-0.09
-0.092
-0.093
-0.095
-0.096
-0.096
-0.096
-0.095
-0.093
-0.09
-0.085
-0.079
-0.071
-0.038
0.02
0.122
0.269
0.451
0.648
0.836
0.976
1.027
0.964
0.782
0.509
0.213
-0.036
-0.193
-0.231
-0.228
-0.173
-0.142
-0.131
-0.125
-0.122
-0.122
-0.124
-0.126
-0.129
-0.131
-0.133
-0.134
-0.134
-0.133
-0.132
-0.131
-0.13
-0.128
-0.125
-0.12
-0.113
-0.103
-0.094
-0.082
-0.071
-0.06
-0.044
-0.017
0.001
0.011
0.019
0.028
0.037
0.045
0.051
0.057
0.062
0.066
0.07
0.075
0.078
0.082
0.087
0.092
0.099
0.111
0.121
0.128
0.138
0.15
0.168
0.179
0.186
0.191
0.197
0.202
0.208
0.212
0.218
0.224
0.233
0.248
0.255
0.258
0.26
0.262
0.264
0.265
0.262
0.253
0.24
0.226
0.208
0.197
0.189
0.179
0.167
0.152
0.132
0.106
0.084
0.066
0.048
0.024
-0.006
-0.023
-0.031
-0.038
-0.042
-0.045
-0.048
-0.05
-0.051
-0.052
-0.054
-0.056
-0.059
-0.064
-0.067
-0.069
-0.067
-0.064
-0.061
-0.059
-0.058
-0.056
-0.054
-0.053
-0.052
-0.051
-0.05
-0.05
-0.049
-0.048
-0.047
-0.047
-0.046
-0.045
-0.043
-0.041
-0.039
-0.038
-0.037
-0.035
-0.034
-0.032
-0.03
-0.028
-0.026
-0.025
-0.024
-0.022
-0.021
-0.021
-0.022
-0.024
-0.028
-0.031
-0.035
-0.038
-0.04
-0.043
-0.046
-0.049
-0.052
-0.054
-0.057
-0.059
-0.061
-0.061
-0.061
-0.06
-0.06
-0.059
-0.059
-0.059
-0.058
-0.057
-0.056
-0.055
-0.055
-0.055
-0.054
-0.053
-0.051
-0.05
-0.05
-0.052
-0.054
-0.057
-0.06
-0.063
-0.065
-0.069
-0.071
-0.073
-0.073
-0.072
-0.072
-0.071
-0.069
-0.067
-0.065
-0.062
-0.06
-0.057
-0.056
-0.054
-0.052
-0.049
-0.045
-0.042
-0.039
-0.036
-0.034
-0.03
-0.026
-0.022
-0.013
0.003
0.014
0.02
0.026
0.031
0.035
0.035
0.03
0.023
0.016
0.009
0.003
-0.004
-0.01
-0.016
-0.021
-0.024
-0.028
-0.033
-0.039
-0.048
-0.059
-0.071
-0.079
-0.085
-0.09
-0.095
-0.098
-0.102
-0.105
-0.107
-0.108
-0.11
-0.113
-0.115
-0.12
-0.128
-0.127
-0.111
-0.071
-0.023
0.041
0.127
0.239
0.383
0.558
0.75
0.929
1.048
1.059
0.991
0.774
0.467
0.144
-0.109
-0.225
-0.237
-0.181
-0.099
-0.066
-0.056
-0.074
-0.086
-0.093
-0.098
-0.102
-0.105
-0.105
-0.104
-0.102
-0.1
-0.098
-0.095
-0.093
-0.091
-0.088
-0.085
-0.082
-0.08
-0.078
-0.076
-0.073
-0.07
-0.067
-0.064
-0.061
-0.058
-0.054
-0.05
-0.045
-0.039
-0.031
-0.023
-0.015
-0.008
-0.001
0.006
0.016
0.024
0.033
0.04
0.046
0.051
0.054
0.057
0.062
0.066
0.07
0.074
0.079
0.086
0.098
0.111
0.125
0.139
0.15
0.158
0.165
0.168
0.165
0.158
0.154
0.151
0.148
0.146
0.144
0.141
0.137
0.134
0.13
0.125
0.118
0.104
0.073
0.049
0.035
0.02
0.006
-0.01
-0.03
-0.049
-0.069
-0.088
-0.107
-0.116
-0.121
-0.126
-0.129
-0.132
-0.133
-0.134
-0.134
-0.134
-0.134
-0.133
-0.132
-0.13
-0.128
-0.126
-0.124
-0.123
-0.121
-0.119
-0.117
-0.115
-0.114
-0.113
-0.112
-0.112
-0.111
-0.11
-0.109
-0.108
-0.108
-0.107
-0.106
-0.103
-0.1
-0.097
-0.094
-0.09
-0.086
-0.081
-0.073
-0.065
-0.061
-0.058
-0.056
-0.054
-0.053
-0.051
-0.05
-0.049
-0.048
-0.047
-0.047
-0.047
-0.047
-0.048
-0.05
-0.051
-0.052
-0.052
-0.052
-0.051
-0.051
-0.05
-0.05
-0.049
-0.049
-0.048
-0.048
-0.048
-0.048
-0.048
-0.047
-0.045
-0.043
-0.041
-0.042
-0.043
-0.046
-0.049
-0.051
-0.055
-0.059
-0.061
-0.06
-0.055
-0.049
-0.045
-0.042
-0.038
-0.034
-0.03
-0.026
-0.022
-0.017
-0.013
-0.008
-0.005
-0.002
0.0
0.004
0.008
0.012
0.017
0.02
0.023
0.026
0.029
0.032
0.034
0.036
0.038
0.038
0.038
0.039
0.04
0.042
0.044
0.045
0.045
0.046
0.046
0.044
0.041
0.037
0.032
0.026
0.022
0.019
0.016
0.014
0.011
0.008
0.006
0.003
0.0
-0.001
-0.003
-0.004
-0.005
-0.005
-0.006
-0.006
-0.006
-0.007
-0.009
-0.012
-0.019
-0.017
0.0
0.05
0.125
0.224
0.344
0.489
0.657
0.827
0.971
1.047
1.045
0.953
0.728
0.432
0.143
-0.067
-0.157
-0.165
-0.12
-0.051
-0.009
0.004
-0.007
-0.014
-0.018
-0.021
-0.025
-0.028
-0.029
-0.03
-0.03
-0.03
-0.031
-0.031
-0.031
-0.029
-0.026
-0.023
-0.02
-0.018
-0.015
-0.012
-0.007
-0.001
0.005
0.015
0.025
0.036
0.049
0.062
0.073
0.084
0.104
0.134
0.15
0.159
0.166
0.171
0.175
0.179
0.182
0.187
0.194
0.203
0.215
0.231
0.24
0.247
0.253
0.258
0.262
0.265
0.269
0.272
0.275
0.278
0.28
0.284
0.287
0.292
0.298
0.303
0.303
0.299
0.292
0.284
0.272
0.255
0.241
0.23
0.221
0.212
0.203
0.193
0.176
0.152
0.131
0.106
0.08
0.047
0.019
0.002
-0.008
-0.016
-0.024
-0.031
-0.037
-0.045
-0.053
-0.061
-0.07
-0.078
-0.085
-0.091
-0.093
-0.093
-0.094
-0.095
-0.096
-0.097
-0.097
-0.097
-0.098
-0.099
-0.101
-0.101
-0.101
-0.1
-0.1
-0.099
-0.099
-0.1
-0.101
-0.101
-0.101
-0.1
-0.101
-0.102
-0.104
-0.105
-0.106
-0.106
-0.107
-0.108
-0.108
-0.109
-0.109
-0.109
-0.109
-0.109
-0.108
-0.108
-0.108
-0.108
-0.107
-0.107
-0.107
-0.107
-0.106
-0.104
-0.102
-0.1
-0.099
-0.097
-0.096
-0.093
-0.092
-0.093
-0.098
-0.106
-0.115
-0.122
-0.129
-0.137
-0.143
-0.146
-0.147
-0.147
-0.147
-0.146
-0.146
-0.145
-0.145
-0.145
-0.144
-0.144
-0.142
-0.139
-0.135
-0.13
-0.125
-0.121
-0.117
-0.113
-0.11
-0.108
-0.104
-0.101
-0.098
-0.096
-0.094
-0.091
-0.088
-0.083
-0.072
-0.049
-0.035
-0.028
-0.023
-0.019
-0.016
-0.015
-0.017
-0.021
-0.026
-0.033
-0.039
-0.046
-0.056
-0.065
-0.072
-0.077
-0.081
-0.085
-0.09
-0.094
-0.097
-0.1
-0.102
-0.104
-0.106
-0.108
-0.109
-0.111
-0.113
-0.115
-0.117
-0.119
-0.12
-0.121
-0.12
-0.119
-0.117
-0.114
-0.11
-0.104
-0.093
-0.062
0.005
0.109
0.247
0.414
0.596
0.768
0.897
0.951
0.894
0.724
0.48
0.218
-0.015
-0.177
-0.22
-0.219
-0.171
-0.125
-0.108
-0.095
-0.09
-0.087
-0.085
-0.083
-0.082
-0.08
-0.078
-0.076
-0.073
-0.071
-0.069
-0.067
-0.064
-0.061
-0.058
-0.053
-0.046
-0.03
-0.019
-0.015
-0.012
-0.01
-0.008
-0.007
-0.006
-0.006
-0.005
-0.003
-0.002
0.0
0.001
0.002
0.004
0.005
0.008
0.01
0.013
0.017
0.021
0.031
0.042
0.051
0.059
0.07
0.084
0.092
0.098
0.103
0.11
0.118
0.13
0.151
0.178
0.195
0.205
0.212
0.216
0.218
0.22
0.222
0.224
0.226
0.227
0.225
0.22
0.213
0.205
0.192
0.173
0.158
0.14
0.116
0.096
0.082
0.069
0.058
0.049
0.037
0.022
0.004
-0.014
-0.026
-0.038
-0.05
-0.061
-0.067
-0.07
-0.074
-0.077
-0.079
-0.079
-0.078
-0.076
-0.072
-0.069
-0.067
-0.066
-0.063
-0.059
-0.056
-0.053
-0.052
-0.052
-0.053
-0.053
-0.053
-0.053
-0.053
-0.055
-0.057
-0.058
-0.057
-0.055
-0.051
-0.047
-0.043
-0.038
-0.035
-0.036
-0.038
-0.041
-0.046
-0.046
-0.036
-0.028
-0.023
-0.018
-0.015
-0.015
-0.019
-0.023
-0.027
-0.03
-0.035
-0.04
-0.045
-0.047
-0.046
-0.044
-0.042
-0.039
-0.037
-0.032
-0.029
-0.031
-0.035
-0.036
-0.037
-0.037
-0.038
-0.037
-0.037
-0.038
-0.039
-0.041
-0.042
-0.043
-0.044
-0.045
-0.045
-0.046
-0.047
-0.047
-0.046
-0.045
-0.045
-0.045
-0.047
-0.05
-0.053
-0.055
-0.055
-0.054
-0.053
-0.054
-0.054
-0.054
-0.053
-0.052
-0.05
-0.048
-0.046
-0.043
-0.04
-0.038
-0.035
-0.032
-0.029
-0.026
-0.021
-0.014
-0.009
-0.005
-0.001
0.002
0.006
0.01
0.015
0.02
0.027
0.035
0.042
0.047
0.052
0.056
0.06
0.064
0.067
0.068
0.069
0.07
0.07
0.069
0.067
0.063
0.059
0.053
0.048
0.042
0.036
0.026
0.014
0.004
-0.004
-0.011
-0.017
-0.023
-0.029
-0.034
-0.038
-0.039
-0.038
-0.035
-0.031
-0.025
-0.018
-0.003
0.026
0.055
0.085
0.14
0.222
0.336
0.479
0.657
0.856
1.044
1.149
1.146
1.026
0.754
0.417
0.107
-0.1
-0.147
-0.14
-0.06
-0.001
0.02
0.019
0.001
-0.01
-0.02
-0.028
-0.033
-0.033
-0.028
-0.023
-0.016
-0.011
-0.005
0.0
0.003
0.004
0.001
-0.002
-0.005
-0.008
-0.011
-0.015
-0.017
-0.019
-0.017
-0.013
-0.007
-0.002
0.002
0.005
0.009
0.013
0.017
0.021
0.024
0.027
0.03
0.032
0.034
0.037
0.041
0.046
0.055
0.066
0.079
0.091
0.101
0.112
0.121
0.13
0.14
0.152
0.162
0.171
0.18
0.191
0.196
0.2
0.202
0.204
0.205
0.207
0.208
0.208
0.209
0.209
0.208
0.206
0.204
0.2
0.194
0.188
0.175
0.148
0.119
0.088
0.067
0.055
0.045
0.036
0.028
0.023
0.019
0.017
0.015
0.012
0.01
0.006
0.003
0.0
-0.003
-0.007
-0.011
-0.015
-0.018
-0.021
-0.023
-0.025
-0.028
-0.031
-0.035
-0.038
-0.04
-0.042
-0.044
-0.047
-0.049
-0.051
-0.051
-0.05
-0.048
-0.045
-0.043
-0.04
-0.037
-0.034
-0.03
-0.027
-0.025
-0.023
-0.021
-0.019
-0.016
-0.013
-0.011
-0.009
-0.007
-0.006
-0.004
-0.002
0.0
0.001
0.002
0.002
0.002
0.003
0.004
0.004
0.004
0.003
0.002
0.001
0.0
0.0
-0.001
-0.003
-0.006
-0.007
-0.008
-0.008
-0.009
-0.009
-0.011
-0.013
-0.015
-0.016
-0.017
-0.019
-0.023
-0.027
-0.029
-0.03
-0.03
-0.03
-0.03
-0.032
-0.034
-0.035
-0.036
-0.036
-0.035
-0.035
-0.035
-0.036
-0.034
-0.031
-0.031
-0.041
-0.044
-0.046
-0.048
-0.049
-0.05
-0.05
-0.051
-0.052
-0.054
-0.055
-0.056
-0.056
-0.056
-0.056
-0.056
-0.055
-0.055
-0.053
-0.051
-0.049
-0.048
-0.047
-0.046
-0.044
-0.043
-0.041
-0.039
-0.037
-0.035
-0.032
-0.022
-0.009
0.009
0.02
0.028
0.036
0.041
0.046
0.049
0.051
0.052
0.051
0.049
0.045
0.04
0.034
0.027
0.021
0.013
0.002
-0.009
-0.019
-0.028
-0.035
-0.04
-0.045
-0.051
-0.056
-0.061
-0.064
-0.066
-0.067
-0.067
-0.068
-0.067
-0.066
-0.064
-0.061
-0.057
-0.052
-0.046
-0.039
-0.006
0.052
0.141
0.258
0.401
0.57
0.765
0.966
1.136
1.21
1.201
1.074
0.812
0.488
0.19
-0.02
-0.085
-0.085
-0.026
0.021
0.037
0.017
0.004
0.0
-0.005
-0.01
-0.013
-0.017
-0.018
-0.02
-0.021
-0.02
-0.02
-0.019
-0.016
-0.011
-0.006
-0.002
0.001
0.004
0.006
0.008
0.011
0.014
0.018
0.021
0.025
0.029
0.033
0.037
0.041
0.044
0.047
0.05
0.052
0.056
0.059
0.062
0.065
0.068
0.071
0.075
0.079
0.084
0.088
0.092
0.096
0.101
0.105
0.11
0.116
0.121
0.128
0.141
0.156
0.172
0.186
0.195
0.201
0.207
0.214
0.219
0.223
0.225
0.224
0.221
0.218
0.214
0.209
0.204
0.195
0.181
0.165
0.148
0.121
0.091
0.068
0.043
0.022
0.006
-0.016
-0.029
-0.036
-0.043
-0.048
-0.051
-0.054
-0.057
-0.06
-0.063
-0.066
-0.07
-0.074
-0.077
-0.079
-0.081
-0.083
-0.086
-0.088
-0.09
-0.092
-0.094
-0.095
-0.097
-0.099
-0.1
-0.101
-0.102
-0.102
-0.102
-0.101
-0.1
-0.098
-0.095
-0.091
-0.087
-0.084
-0.079
-0.069
-0.069
-0.082
-0.09
-0.096
-0.102
-0.106
-0.108
-0.108
-0.105
-0.102
-0.099
-0.097
-0.097
-0.096
-0.094
-0.092
-0.09
-0.089
-0.088
-0.086
-0.085
-0.082
-0.08
-0.079
-0.08
-0.08
-0.081
-0.082
-0.084
-0.086
-0.089
-0.092
-0.095
-0.097
-0.099
-0.101
-0.103
-0.105
-0.108
-0.113
-0.119
-0.125
-0.128
-0.127
-0.123
-0.119
-0.115
-0.112
-0.109
-0.107
-0.103
-0.099
-0.096
-0.092
-0.09
-0.088
-0.087
-0.085
-0.084
-0.082
-0.081
-0.079
-0.076
-0.067
-0.067
-0.072
-0.074
-0.076
-0.079
-0.081
-0.082
-0.082
-0.08
-0.076
-0.072
-0.068
-0.065
-0.061
-0.056
-0.05
-0.045
-0.04
-0.036
-0.031
-0.025
-0.019
-0.012
-0.006
0.0
0.004
0.009
0.014
0.019
0.023
0.027
0.029
0.03
0.029
0.027
0.024
0.02
0.015
0.008
-0.001
-0.018
-0.036
-0.053
-0.067
-0.074
-0.078
-0.08
-0.083
-0.085
-0.086
-0.087
-0.087
-0.087
-0.086
-0.083
-0.08
-0.075
-0.069
-0.059
-0.041
-0.028
0.003
0.046
0.112
0.214
0.357
0.539
0.746
0.948
1.078
1.091
1.02
0.789
0.469
0.138
-0.112
-0.213
-0.222
-0.163
-0.079
-0.041
-0.032
-0.027
-0.022
-0.02
-0.019
-0.02
-0.022
-0.023
-0.024
-0.026
-0.027
-0.029
-0.033
-0.036
-0.038
-0.038
-0.036
-0.031
-0.025
-0.019
-0.013
-0.008
0.0
0.007
0.013
0.016
0.018
0.02
0.023
0.025
0.027
0.028
0.03
0.031
0.034
0.038
0.043
0.048
0.053
0.059
0.066
0.079
0.09
0.097
0.101
0.105
0.109
0.112
0.116
0.122
0.129
0.137
0.145
0.156
0.171
0.187
0.201
0.208
0.214
0.219
0.224
0.227
0.23
0.231
0.229
0.225
0.219
0.213
0.206
0.198
0.186
0.174
0.164
0.153
0.134
0.105
0.079
0.06
0.05
0.037
0.015
-0.01
-0.026
-0.033
-0.036
-0.037
-0.038
-0.039
-0.04
-0.041
-0.042
-0.042
-0.042
-0.043
-0.043
-0.043
-0.043
-0.042
-0.042
-0.042
-0.043
-0.044
-0.045
-0.045
-0.045
-0.045
-0.044
-0.044
-0.043
-0.041
-0.038
-0.035
-0.033
-0.031
-0.03
-0.029
-0.028
-0.027
-0.025
-0.024
-0.023
-0.018
-0.012
-0.005
-0.002
-0.002
-0.001
-0.001
-0.001
-0.001
-0.001
-0.002
-0.004
-0.006
-0.008
-0.01
-0.012
-0.016
-0.021
-0.025
-0.03
-0.034
-0.04
-0.047
-0.053
-0.059
-0.065
-0.069
-0.073
-0.076
-0.08
-0.083
-0.086
-0.088
-0.09
-0.093
-0.095
-0.099
-0.102
-0.106
-0.11
-0.117
-0.129
-0.142
-0.156
-0.167
-0.175
-0.182
-0.187
-0.193
-0.197
-0.203
-0.212
-0.226
-0.24
-0.254
-0.269
-0.285
-0.3
-0.315
-0.334
-0.351
-0.366
-0.378
-0.388
-0.4
-0.414
-0.431
-0.444
-0.452
-0.459
-0.462
-0.463
-0.463
-0.463
-0.464
-0.465
-0.465
-0.466
-0.467
-0.467
-0.468
-0.47
-0.472
-0.474
-0.476
-0.479
-0.483
-0.49
-0.504
-0.518
-0.538
-0.565
-0.587
-0.602
-0.614
-0.623
-0.633
-0.642
-0.652
-0.662
-0.672
-0.681
-0.692
-0.704
-0.724
-0.755
-0.778
-0.791
-0.8
-0.804
-0.807
-0.809
-0.811
-0.814
-0.816
-0.816
-0.813
-0.805
-0.79
-0.745
-0.66
-0.538
-0.38
-0.193
0.0
0.167
0.236
0.225
0.096
-0.152
-0.453
-0.732
-0.929
-0.997
-0.998
-0.936
-0.875
-0.852
-0.853
-0.87
-0.895
-0.921
-0.935
-0.944
-0.949
-0.948
-0.943
-0.933
-0.916
-0.892
-0.873
-0.86
-0.849
-0.843
-0.84
-0.837
-0.835
-0.832
-0.828
-0.825
-0.821
-0.816
-0.809
-0.799
-0.781
-0.766
-0.747
-0.72
-0.693
-0.664
-0.634
-0.602
-0.567
-0.534
-0.504
-0.476
-0.45
-0.426
-0.403
-0.38
-0.355
-0.331
-0.308
-0.286
-0.264
-0.237
-0.204
-0.176
-0.139
-0.093
-0.039
0.011
0.054
0.102
0.159
0.219
0.278
0.341
0.409
0.472
0.524
0.572
0.626
0.68
0.709
0.734
0.759
0.783
0.807
0.848
0.898
0.958
1.028
1.108
1.202
1.303
1.394
1.475
1.558
1.64
1.727
1.826
1.939
2.066
2.185
2.289
2.38
2.45
2.468
2.471
2.473
2.474
2.476
2.48
2.486
2.496
2.531
2.582
2.64
2.678
2.713
2.738
2.752
2.761
2.767
2.774
2.782
2.79
2.8
2.819
2.847
2.864
2.875
2.88
2.873
2.861
2.847
2.829
2.807
2.776
2.74
2.683
2.63
2.596
2.558
2.52
2.455
2.376
2.296
2.23
2.179
2.148
2.117
2.079
2.041
2.016
2.001
1.989
1.976
1.955
1.931
1.912
1.907
1.905
1.905
1.904
1.904
1.904
1.904
1.904
1.904
1.903
1.902
1.901
1.901
1.9
1.9
1.899
1.898
1.897
1.895
1.891
1.887
1.875
1.848
1.823
1.797
1.754
1.71
1.66
1.611
1.567
1.526
1.479
1.43
1.386
1.339
1.297
1.276
1.248
1.206
1.15
1.094
1.042
0.992
0.939
0.879
0.808
0.733
0.658
0.592
0.537
0.481
0.419
0.355
0.298
0.246
0.189
0.13
0.069
0.005
-0.057
-0.114
-0.175
-0.242
-0.303
-0.352
-0.39
-0.411
-0.43
-0.451
-0.491
-0.538
-0.586
-0.63
-0.657
-0.706
-0.765
-0.822
-0.869
-0.91
-0.95
-0.971
-1.004
-1.043
-1.098
-1.163
-1.221
-1.266
-1.303
-1.341
-1.384
-1.433
-1.485
-1.5
-1.507
-1.501
-1.482
-1.473
-1.465
-1.456
-1.446
-1.431
-1.416
-1.425
-1.451
-1.483
-1.494
-1.481
-1.442
-1.365
-1.261
-1.126
-0.956
-0.774
-0.613
-0.538
-0.543
-0.646
-0.873
-1.173
-1.487
-1.737
-1.849
-1.855
-1.773
-1.65
-1.548
-1.492
-1.475
-1.465
-1.458
-1.453
-1.446
-1.438
-1.429
-1.422
-1.419
-1.417
-1.416
-1.415
-1.414
-1.412
-1.411
-1.409
-1.407
-1.404
-1.401
-1.398
-1.395
-1.392
-1.389
-1.385
-1.377
-1.368
-1.36
-1.352
-1.344
-1.335
-1.325
-1.315
-1.307
-1.299
-1.286
-1.262
-1.238
-1.22
-1.207
-1.194
-1.18
-1.165
-1.152
-1.141
-1.132
-1.124
-1.111
-1.093
-1.061
-1.016
-0.969
-0.932
-0.909
-0.888
-0.872
-0.85
-0.835
-0.825
-0.817
-0.81
-0.805
-0.799
-0.785
-0.767
-0.761
-0.757
-0.755
-0.753
-0.751
-0.751
-0.752
-0.754
-0.756
-0.757
-0.759
-0.761
-0.763
-0.765
-0.767
-0.769
-0.77
-0.77
-0.769
-0.766
-0.763
-0.759
-0.755
-0.75
-0.744
-0.736
-0.726
-0.717
-0.706
-0.686
-0.66
-0.638
-0.618
-0.599
-0.577
-0.557
-0.543
-0.534
-0.526
-0.516
-0.504
-0.487
-0.464
-0.436
-0.411
-0.372
-0.331
-0.289
-0.264
-0.246
-0.236
-0.222
-0.206
-0.186
-0.165
-0.156
-0.144
-0.128
-0.098
-0.058
-0.031
-0.006
0.011
0.025
0.042
0.07
0.094
0.106
0.117
0.126
0.133
0.14
0.146
0.152
0.158
0.163
0.17
0.185
0.205
0.22
0.23
0.223
0.215
0.209
0.206
0.212
0.224
0.243
0.268
0.294
0.321
0.339
0.351
0.357
0.358
0.352
0.343
0.333
0.321
0.32
0.327
0.347
0.389
0.431
0.47
0.494
0.535
0.576
0.62
0.643
0.654
0.66
0.664
0.667
0.669
0.673
0.677
0.68
0.684
0.688
0.695
0.705
0.71
0.706
0.695
0.68
0.653
0.62
0.594
0.557
0.517
0.468
0.43
0.417
0.405
0.394
0.376
0.353
0.332
0.311
0.288
0.268
0.239
0.203
0.156
0.13
0.11
0.094
0.081
0.048
0.007
-0.02
-0.051
-0.079
-0.126
-0.171
-0.219
-0.266
-0.306
-0.328
-0.348
-0.371
-0.414
-0.464
-0.507
-0.528
-0.536
-0.541
-0.544
-0.547
-0.548
-0.549
-0.548
-0.547
-0.543
-0.539
-0.534
-0.515
-0.438
-0.308
-0.132
0.074
0.296
0.505
0.64
0.65
0.565
0.312
-0.031
-0.387
-0.68
-0.826
-0.846
-0.802
-0.74
-0.723
-0.72
-0.718
-0.734
-0.747
-0.756
-0.763
-0.767
-0.769
-0.77
-0.772
-0.773
-0.776
-0.779
-0.781
-0.78
-0.774
-0.764
-0.754
-0.746
-0.736
-0.727
-0.719
-0.713
-0.707
-0.697
-0.687
-0.688
-0.689
-0.689
-0.688
-0.689
-0.691
-0.697
-0.705
-0.717
-0.744
-0.782
-0.785
-0.745
-0.673
-0.575
-0.458
-0.337
-0.22
