0,1,2,3,4,5,6,7,8,9,10,11,12,13,14,15,16,17,18,19,20,21,22,23,24,25,26,27,28,29,30,31,32,33,34,35,36,37,38,39,40,41,42,43,44,45,46,47,48,49,50,51,52,53,54,55,56,57,58,59,60,61,62,63,64,65,66,67,68,69,70,71,72,73,74,75,76,77,78,79,80,81,82,83,84,85,86,87,88,89,90,91,92,93,94,95,96,97,98,99,100,101,102,103,104,105,106,107,108,109,110,111,112,113,114,115,116,117,118,119,120,121,122,123,124,125,126,127,128,129,130,131,132,133,134,135,136,137,138,139,140,141,142,143,144,145,146,147,148,149,150,151,152,153,154,155,156,157,158,159,160,161,162,163,164,165,166,167,168,169,170,171,172,173,174,175,176,177,178,179,180,181,182,183,184,185,186,187,188,189,190,191,192,193,194,195,196,197,198,199,200,201,202,203,204,205,206,207,208,209,210,211,212,213,214,215,216,217,218,219,220,221,222,223,224,225,226,227,228,229,230,231,232,233,234,235,236,237,238,239,240,241,242,243,244,245,246,247,248,249,250,251,252,253,254,255,256,257,258,259,260,261,262,263,264,265,266,267,268,269,270,271,272,273,274,275,276,277,278,279,280,281,282,283,284,285,286,287,288,289,290,291,292,293,294,295,296,297,298,299,300,301,302,303,304,305,306,307,308,309,310,311,312,313,314,315,316,317,318,319,320,321,322,323,324,325,326,327,328,329,330,331,332,333,334,335,336,337,338,339,340,341,342,343,344,345,346,347,348,349,350,351,352,353,354,355,356,357,358,359,360,361,362,363,364,365,366,367,368,369,370,371,372,373,374,375,376,377,378,379,380,381,382,383,384,385,386,387,388,389,390,391,392,393,394,395,396,397,398,399,400,401,402,403,404,405,406,407,408,409,410,411,412,413,414,415,416,417,418,419,420,421,422,423,424,425,426,427,428,429,430,431,432,433,434,435,436,437,438,439,440,441,442,443,444,445,446,447,448,449,450,451,452,453,454,455,456,457,458,459,460,461,462,463,464,465,466,467,468,469,470,471,472,473,474,475,476,477,478,479,480,481,482,483,484,485,486,487,488,489,490,491,492,493,494,495,496,497,498,499,500,501,502,503,504,505,506,507,508,509,510,511,512,513,514,515,516,517,518,519,520,521,522,523,524,525,526,527,528,529,530,531,532,533,534,535,536,537,538,539,540,541,542,543,544,545,546,547,548,549,550,551,552,553,554,555,556,557,558,559,560,561,562,563,564,565,566,567,568,569,570,571,572,573,574,575,576,577,578,579,580,581,582,583,584,585,586,587,588,589,590,591,592,593,594,595,596,597,598,599,600,601,602,603,604,605,606,607,608,609,610,611,612,613,614,615,616,617,618,619,620,621,622,623,624,625,626,627,628,629,630,631,632,633,634,635,636,637,638,639,640,641,642,643,644,645,646,647,648,649,650,651,652,653,654,655,656,657,658,659,660,661,662,663,664,665,666,667,668,669,670,671,672,673,674,675,676,677,678,679,680,681,682,683,684,685,686,687,688,689,690,691,692,693,694,695,696,697,698,699,700,701,702,703,704,705,706,707,708,709,710,711,712,713,714,715,716,717,718,719,720,721,722,723,724,725,726,727,728,729,730,731,732,733,734,735,736,737,738,739,740,741,742,743,744,745,746,747,748,749,750,751,752,753,754,755,756,757,758,759,760,761,762,763,764,765,766,767,768,769,770,771,772,773,774,775,776,777,778,779,780,781,782,783,784,785,786,787,788,789,790,791,792,793,794,795,796,797,798,799,800,801,802,803,804,805,806,807,808,809,810,811,812,813,814,815,816,817,818,819,820,821,822,823,824,825,826,827,828,829,830,831,832,833,834,835,836,837,838,839,840,841,842,843,844,845,846,847,848,849,850,851,852,853,854,855,856,857,858,859,860,861,862,863,864,865,866,867,868,869,870,871,872,873,874,875,876,877,878,879,880,881,882,883,884,885,886,887,888,889,890,891,892,893,894,895,896,897,898,899,900,901,902,903,904,905,906,907,908,909,910,911,912,913,914,915,916,917,918,919,920,921,922,923,924,925,926,927,928,929,930,931,932,933,934,935,936,937,938,939,940,941,942,943,944,945,946,947,948,949,950,951,952,953,954,955,956,957,958,959,960,961,962,963,964,965,966,967,968,969,970,971,972,973,974,975,976,977,978,979,980,981,982,983,984,985,986,987,988,989,990,991,992,993,994,995,996,997,998,999,1000,1001,1002,1003,1004,1005,1006,1007,1008,1009,1010,1011,1012,1013,1014,1015,1016,1017,1018,1019,1020,1021,1022,1023,1024,1025,1026,1027,1028,1029,1030,1031,1032,1033,1034,1035,1036,1037,1038,1039,1040,1041,1042,1043,1044,1045,1046,1047,1048,1049,1050,1051,1052,1053,1054,1055,1056,1057,1058,1059,1060,1061,1062,1063,1064,1065,1066,1067,1068,1069,1070,1071,1072,1073,1074,1075,1076,1077,1078,1079
-0.0489999999999999,-0.0570081810790906,-0.0557089752598758,-0.0592639339828868,-0.0535277731683606,-0.0516858225794618,-0.0440000000000001,-0.0346211447317789,-0.0208022197783066,0.0083181681668545,0.0296505576151662,0.0410140697267306,0.0489999999999999,0.0554214427885631,0.0637599941743681,0.0718783017259578,0.0801506287458532,0.0860978804157533,0.0929999999999999,0.0992141862614678,0.1027213891483552,0.1048919252371074,0.1030313480931909,0.101790341058764,0.0979999999999999,0.0920118743720422,0.0852669867734753,0.0686847925738807,0.0456096583356747,0.0240652069430051,0.0079999999999999,-0.0046559066564094,-0.0149410404757189,-0.0223109908641086,-0.0300720832851791,-0.0360555201740894,-0.0420000000000001,-0.0473100175150909,-0.0505010260673412,-0.0542531660714436,-0.0570960964272059,-0.0607764596204731,-0.063,-0.063744736811835,-0.0644632733232696,-0.0628967959381072,-0.0612723711917292,-0.0568084212405913,-0.051,-0.0461112164493942,-0.0406597097315396,-0.0370460987989761,-0.0335056376428612,-0.0305176200798396,-0.0279999999999999,-0.0253753151327554,-0.023693665215522,-0.0221942289627134,-0.0219667931269736,-0.0205747556916423,-0.0189999999999999,-0.0182964260047043,-0.0165465116145584,-0.0154683631774677,-0.0147799757974511,-0.0151332111932219,-0.0149999999999996,-0.0147742520648342,-0.0160038058517977,-0.0153801745744714,-0.0151919965032893,-0.0161607912104484,-0.0169999999999999,-0.0186555309898827,-0.0203015819889136,-0.022092381459788,-0.0234357182124959,-0.0240779307233099,-0.0239999999999999,-0.0239399149038887,-0.0241114197972652,-0.0238549098936444,-0.0241564305981516,-0.0238451688365498,-0.023,-0.0222056735009287,-0.0212306443313947,-0.0208742043730161,-0.0212591319300083,-0.0221313515354179,-0.0219999999999999,-0.0219125319243698,-0.0221698909031344,-0.0215524109706307,-0.0204856474071772,-0.0186041554049317,-0.017,-0.0147128714860574,-0.0105923420612227,-0.0079475402830252,-0.0133623538855641,-0.0238069433797707,-0.0279999999999999,-0.0302569674491542,-0.0334573096951706,-0.0346768705037851,-0.0369868077284657,-0.0381256923300373,-0.0399999999999999,-0.0426683765255376,-0.0446101344813884,-0.0483489348697115,-0.0506641208872275,-0.0523940200350499,-0.054,-0.0562691781247087,-0.059906089925345,-0.0626324715772591,-0.066833073046521,-0.0707845303390305,-0.078,-0.0905982832798723,-0.1008501134976139,-0.1083824894918024,-0.1168344738943625,-0.131457315526362,-0.148,-0.1569522430508393,-0.1614656719386535,-0.1650779278735183,-0.1682083426391802,-0.1702608057385903,-0.1710000000000002,-0.1718653631545236,-0.1721428536524102,-0.1715834753971216,-0.1706153382725105,-0.1698221680232866,-0.1679999999999998,-0.1653941212405972,-0.1637476612358005,-0.161348306612945,-0.1571015560468074,-0.1520767426106589,-0.1499999999999998,-0.1543365901296723,-0.1644145735862043,-0.1753651138033989,-0.1847344071446395,-0.1951933904867711,-0.2060000000000002,-0.216824527367546,-0.2271798728737588,-0.2369059968144477,-0.2465894472287304,-0.2514924708402579,-0.2509999999999998,-0.2441129715721862,-0.2338420969820355,-0.2282608886797699,-0.224420382832807,-0.2216456412982476,-0.2199999999999999,-0.2174073671393645,-0.2157683305109889,-0.2134535713975637,-0.2113061756114695,-0.2095615127247141,-0.207,-0.20527886271311,-0.2037183488854259,-0.2019610590976711,-0.2003660848703282,-0.1986344798971194,-0.1969999999999999,-0.1961796180315177,-0.1947530247539624,-0.1932769860512435,-0.1926512352053676,-0.1905241839176524,-0.189,-0.1867397159820254,-0.1831478423147608,-0.1798472560331854,-0.1722205534593235,-0.1570894841664695,-0.1279999999999999,-0.0849852461018962,-0.0286460912425665,0.0454329598202924,0.1348373369099478,0.2443968858861475,0.364,0.4831915991178415,0.5932967117660188,0.6538938525246042,0.672510518598611,0.6799354080831713,0.6570000000000001,0.601648809648221,0.5251263996925859,0.4309449235320452,0.3277073248890525,0.2164217532126941,0.1060000000000001,-0.0012617203754853,-0.0930826451913129,-0.1369940951775915,-0.1484731176695824,-0.1576317577354671,-0.1599999999999997,-0.1553204915020385,-0.1475238723826703,-0.1396767088483229,-0.1355872952533994,-0.1309768344583062,-0.1269999999999998,-0.1239108678947144,-0.1184527002800656,-0.112239381264179,-0.1048069805958162,-0.0962996774373252,-0.0880000000000001,-0.0797242061530782,-0.0707159388398307,-0.0617683755489547,-0.053817125999814,-0.0452975683434278,-0.0379999999999999,-0.0314504604715146,-0.0243523264333083,-0.0189923280741838,-0.0138980696865306,-0.009146089457728,-0.0049999999999999,-0.0007429661582748,0.0026601482327666,0.006090934146655,0.0090772591620756,0.0114822014437094,0.014,0.0165691179837504,0.0179391229617532,0.0181970259533312,0.0196592244569004,0.0198274876667384,0.0190000000000001,0.0197941191204655,0.0206635593568299,0.021537734886183,0.0223808930534429,0.024582065204823,0.027,0.0277745653538004,0.0293902724302267,0.0304736870308862,0.031770327836635,0.0345018197615685,0.036,0.0375784542849665,0.0394978439889789,0.0405393211258654,0.0412998263959168,0.0422367572528008,0.0439999999999999,0.046447467809198,0.049529214432115,0.0534057026930639,0.0578568882428464,0.0631260063470949,0.0689999999999998,0.0748267317524989,0.0807351853917197,0.0860818509983462,0.091128282309873,0.0972314861618232,0.103,0.1129117358753639,0.1303812121227096,0.1440806669999786,0.149777713749907,0.1537174585036864,0.156,0.1575917452302439,0.1594858419045259,0.1607607742949807,0.1631641640811109,0.1667828503894943,0.171,0.1744886542807743,0.1769211649403097,0.1796348744174822,0.1818423769503367,0.1846485054783645,0.188,0.1940320862709898,0.2051374888384153,0.2122645134725725,0.2129652329170466,0.2130190229694215,0.2129999999999999,0.2137852351237638,0.2146496534150653,0.2159030886802912,0.2174425164237049,0.2166173135108293,0.2129999999999999,0.2064217703869908,0.2000435338717648,0.1950401102758964,0.1900038697317861,0.1849191317455794,0.179,0.1732091241449536,0.1666676899962012,0.1606361649209938,0.156336875718752,0.152249586406178,0.1489999999999998,0.1448620753070715,0.141214586981709,0.1376987485376171,0.1335379531379904,0.1317336970142383,0.1299999999999998,0.129807638414267,0.1302154369724159,0.1303258307887598,0.1333557390894429,0.1352567861732765,0.1379999999999998,0.1422983460594314,0.1459807419989077,0.1513312527756176,0.1553071862664251,0.1588169006514593,0.163,0.1670306980489412,0.1721619878686688,0.1761791616978472,0.1791602854970836,0.181262420275362,0.1809999999999999,0.1785719466712443,0.1759787984438549,0.1729610519983579,0.167828359777047,0.1631270331035727,0.158,0.1520884589252878,0.1465255104456596,0.1401860941678886,0.1351796667616367,0.1297230815646246,0.123,0.1171932420299038,0.1107498428627341,0.1039714419789639,0.0973164146399611,0.0907291486780414,0.0850000000000001,0.0806772651630958,0.0777973791703384,0.0762744746734113,0.075827407296202,0.0747313906631649,0.0739999999999999,0.0740715382231889,0.0733667914576169,0.0725032956439168,0.0717084353001182,0.0724378092586194,0.0780000000000001,0.0879642472705193,0.0970364572488172,0.1044159740331368,0.1118238688578089,0.1167586476061,0.1199999999999998,0.1226213543691553,0.1242989010472754,0.126275895119602,0.1295117008346666,0.1337581283268318,0.135,0.1313096852267238,0.1230379196929573,0.1134175144903284,0.1064252801752677,0.0995753496819081,0.093,0.0864830657113996,0.0786448032926829,0.0676788215209421,0.0483830957456223,0.0270287509751609,0.0079999999999998,-0.0143497082173121,-0.0355469427813585,-0.0496665592954257,-0.0600049519643569,-0.0699658368621796,-0.0789999999999999,-0.0865779697322445,-0.0934974513193785,-0.0990644492063654,-0.1016840614301986,-0.1018672894220168,-0.0989999999999998,-0.0923920965985546,-0.0861924830514601,-0.0802717985495607,-0.0731860820607109,-0.0667032052828166,-0.0599999999999999,-0.0555184825539106,-0.0531060015494038,-0.0503661821710073,-0.048024448087516,-0.0439975475748596,-0.0389999999999999,-0.038260796878398,-0.0441545593764928,-0.0501405183127427,-0.0531455008026102,-0.0566977965934621,-0.059,-0.060686240997702,-0.0617062389854607,-0.0631503207139071,-0.0660222133029262,-0.067246633881957,-0.0699999999999999,-0.0719515111214205,-0.0724114349687234,-0.0737580850366025,-0.0742787319746242,-0.0765214142764326,-0.078,-0.080224298314834,-0.0838906904883486,-0.0870462458796224,-0.0918942939008778,-0.0943460694972184,-0.098,-0.1031357145313158,-0.1082051211360032,-0.1149641788681645,-0.120488302175962,-0.1331972835495666,-0.1469999999999998,-0.1530454762002776,-0.1576990509546467,-0.1603602529150279,-0.1632862856382671,-0.1652351114149396,-0.167,-0.1661091406518526,-0.1598608801253817,-0.1542298134720677,-0.1320885819350893,-0.0929429256198291,-0.053,-0.0035483813575249,0.0580317007347699,0.1282823743590328,0.2109399513057155,0.3099466452635365,0.4189999999999999,0.5349628174458625,0.6503711961582639,0.7294125151363131,0.765998368350473,0.7755933794022848,0.7539999999999999,0.7061797516780837,0.6364348739005701,0.5488764267713073,0.4502526430282754,0.3417934947480197,0.2299999999999999,0.1187804219895717,0.0155788633033877,-0.0587951885033269,-0.089562700582334,-0.0974687080824041,-0.108,-0.115980498117156,-0.1214467966544431,-0.1271299791301215,-0.1301027164277309,-0.1336927649769677,-0.1350000000000002,-0.134894032932245,-0.1351869007803471,-0.1348284146295972,-0.1348942482315188,-0.1322494547011608,-0.1289999999999998,-0.1266375577980519,-0.123172851140258,-0.1206358784560173,-0.1173685699875683,-0.1118384238480637,-0.1060000000000001,-0.0954019917547426,-0.0742518680155193,-0.048861679717293,-0.0264928285455865,-0.0074179367951542,0.01,0.0297428916764941,0.0512695554991321,0.0731035276441693,0.0912570243602326,0.100263136915748,0.106,0.1104651922174488,0.1128845879030618,0.1154641542514192,0.1159706366378721,0.1159940242366724,0.114,0.109053560277892,0.1031322604307237,0.094730408499081,0.0841011807479184,0.0625454229303876,0.0339999999999999,0.0162792544528142,0.0062927919596114,-0.001287438657413,-0.0102366079951382,-0.0237528221215182,-0.0360000000000001,-0.0484558980451913,-0.0600294623885741,-0.0702946093497274,-0.080899980255252,-0.0869489682920949,-0.093,-0.1004308090273865,-0.1114262987339173,-0.1326531860208043,-0.1507844301376698,-0.1579903946521224,-0.163,-0.1681025676703525,-0.1719955041048778,-0.1737785014936518,-0.1740818385822094,-0.1737980278783913,-0.1709999999999999,-0.166820887176524,-0.1623001319741309,-0.1562889398623005,-0.1511320578184357,-0.145693052961932,-0.1379999999999999,-0.1305359863333229,-0.1223160313353545,-0.114716948373135,-0.108282438326915,-0.0986597729246289,-0.0819999999999999,-0.056318396303773,-0.0337141525959013,-0.0214800982895608,-0.01017020053194,0.0025359050037905,0.0149999999999998,0.0260124073436064,0.0359653050338169,0.0455246076793436,0.0526536842548385,0.0592730075143952,0.0640000000000001,0.0686384793652924,0.0764509071297375,0.0861804406280736,0.0996704793266439,0.1106033639977325,0.1159999999999996,0.1210857067588635,0.1248154703218058,0.1279632193433357,0.1311770733821674,0.1333877835329857,0.1349999999999999,0.1358912038252667,0.1361470023356943,0.1355675803534168,0.1345072953569662,0.1325251930377662,0.1299999999999999,0.1268045401663113,0.1226046046495066,0.1186435562891703,0.1140316470014364,0.1090172143942612,0.1039999999999999,0.0982763823211972,0.0912384405432554,0.0829873218791893,0.0746543689668387,0.0664488795554619,0.0599999999999999,0.0541988783418623,0.0487388944111993,0.0443123311178161,0.038592902677006,0.0328427974835143,0.026,0.0198195642562757,0.0163167007277059,0.0134752202287608,0.012844789848425,0.0102223374258905,0.007,0.0038756280708058,0.0024169175763849,0.0161264160283823,0.0320469247610977,0.0379222679219669,0.0439999999999999,0.048426222671664,0.0519969285537341,0.0568217886513153,0.0603270971529239,0.0635566162276084,0.065,0.0658295825958333,0.0661765264973978,0.0658414238962627,0.0661246242589042,0.065893964181159,0.0649999999999999,0.0633479207878753,0.0617283561608984,0.0595625478995188,0.0571624243944434,0.0557196199542766,0.054,0.0517250029982188,0.0466439023027329,0.0406813395163958,0.0387971025328884,0.0405584328569846,0.0440000000000001,0.0465873162114246,0.0489220459775165,0.0512929946446889,0.0523314756977009,0.0530853475326656,0.052,0.0488156790269686,0.0437367372549843,0.0367334594630311,0.0308088849241313,0.0245469065840053,0.0160000000000001,0.0075275297408197,0.0001203469247397,-0.0082641819511809,-0.0177638911504623,-0.0269239223268647,-0.0389999999999998,-0.0533587407564552,-0.0655229903378522,-0.0764976324541291,-0.0847007046197229,-0.0885703503317248,-0.0909999999999999,-0.0927173730541315,-0.094263617501545,-0.0960897077967148,-0.0974662503497311,-0.0980474213437271,-0.0979999999999998,-0.0979930893267514,-0.0979965071080498,-0.098025567291721,-0.0979437328375302,-0.0980988513658161,-0.099,-0.0998478944744565,-0.1006624836425087,-0.1014762590393848,-0.1023976412786927,-0.1030508728321142,-0.1030000000000001,-0.1037616147735539,-0.1047548027503448,-0.1054226271769747,-0.1063780512253396,-0.1071844142387844,-0.1089999999999999,-0.1122880375808742,-0.1156733916397006,-0.1197808025743595,-0.1304358537292645,-0.1488822955882705,-0.1650000000000001,-0.1737993942549069,-0.1790914321487514,-0.183963698922611,-0.1888865256973722,-0.1926760893864812,-0.1960000000000002,-0.1986476107485021,-0.2002452916533385,-0.2022158435578242,-0.2031220619662861,-0.2030486279228286,-0.204,-0.2041756419629402,-0.203220210367543,-0.20271046367904,-0.2012690204963173,-0.1998223682182077,-0.1989999999999999,-0.1965741144708674,-0.1939816266027015,-0.1911760147459645,-0.1875789339223742,-0.1843586490762954,-0.1809999999999998,-0.1771074380263659,-0.1697845062296335,-0.1606119123118454,-0.1529906050687227,-0.1440769404227111,-0.1349999999999998,-0.1274725788093416,-0.1199914200472243,-0.1127419011773365,-0.1068512038847978,-0.1020300464693894,-0.097,-0.0921519510185114,-0.0842053888240336,-0.0687153354862818,-0.046844916093015,-0.0247105888714879,-6.315935428978667e-17,0.0386605013410558,0.089163009603921,0.1557532338122491,0.2471322763442008,0.356152368405389,0.4839999999999997,0.6243782688754882,0.7706257920884637,0.917837058106463,1.025792945717693,1.0715849386463956,1.059,0.966262061863699,0.7796655074566519,0.5378106488292774,0.2974601740900662,0.0893360133295972,-0.0519999999999998,-0.109868087911088,-0.12910615101942,-0.1423288345647329,-0.1490341822854516,-0.1525091075757592,-0.153,-0.15148868237373,-0.1479298586573098,-0.1435783654048052,-0.1409747931115078,-0.1371607385446864,-0.1339999999999999,-0.1309506666160879,-0.1253927396636342,-0.1195150199079529,-0.1136387399624485,-0.1078114785727211,-0.1009999999999999,-0.0928430207421168,-0.0818505938751742,-0.0663519734387437,-0.0512271528583908,-0.0371876123560486,-0.0249999999999998,-0.018774394708869,-0.015194878376973,-0.0127806103357739,-0.0114047534009149,-0.0097244287621,-0.0090000000000001,-0.0074190628885276,-0.00600029938812,-0.0061233703374166,-0.0059708058162969,-0.0075248800831062,-0.011,-0.0151390132747496,-0.0189815887467477,-0.0210614991774279,-0.0226778232139065,-0.0243057891016255,-0.0259999999999999,-0.0284218674129043,-0.0316154836181874,-0.0348015245013305,-0.0365758175484641,-0.038481253368523,-0.041,-0.0426744304097425,-0.0447900524911735,-0.0480199590489762,-0.0511600184720726,-0.0534119088370915,-0.056,-0.0594022654425756,-0.0619849296837348,-0.0648979957333668,-0.068213737984391,-0.0704102215604084,-0.0729999999999999,-0.0756071968350981,-0.0773408187504727,-0.0790066116825475,-0.0806764536768252,-0.0822732266172197,-0.0830000000000002,-0.0830810227737908,-0.081937135765081,-0.0794779149930364,-0.0768742826216854,-0.0732424412324799,-0.0699999999999999,-0.0659803612147908,-0.0615879640759082,-0.0555505005266266,-0.0368598837642223,-0.0124826227427009,0.0079999999999997,0.0325311143243543,0.059665953558893,0.084902774168047,0.1078827680149127,0.1292617425750741,0.15,0.1697392977498547,0.192316990544051,0.2110428173233431,0.2195638809299859,0.2251103324491987,0.2299999999999999,0.233462081118112,0.235526441379138,0.2365939738505644,0.2369812072714448,0.2355961984702141,0.2330000000000001,0.2290430489223611,0.2229263763314207,0.2154029743401263,0.2049744697064723,0.1838747182671619,0.158,0.1386411609621647,0.1191541445670904,0.0995016334436025,0.0793935586829135,0.0551055684722665,0.0329999999999997,0.0168970287587702,0.0125615977898915,0.0127794267519753,0.0099883938814719,0.0101419915239992,0.009,0.0092345911159725,0.014409282415856,0.021556451864145,0.0307439401870825,0.0399249302058544,0.0510000000000001,0.0604976076486263,0.0683803892822443,0.0768582278076325,0.0814818680988879,0.0860679958875958,0.091,0.0957641881303358,0.1027886324964571,0.1112507012853652,0.120841657405768,0.1297459660999638,0.139,0.1481836946567697,0.1578745884792698,0.1675162491723238,0.1749618744103498,0.1838425680135347,0.191,0.1958872568746048,0.2017255689651498,0.2074044515833814,0.2133062672716183,0.2177511959052358,0.2209999999999999,0.222093845120859,0.221414613969922,0.2195718193281119,0.2151343598019091,0.2111846013144455,0.2050000000000001,0.1975545792988173,0.1862272259767413,0.1624518810064917,0.1386121627811164,0.1248127262266102,0.1150000000000001,0.1050146159920253,0.0950752180901302,0.0840984584796394,0.0703226471037398,0.0577663333393289,0.0480000000000001,0.039531935897679,0.03238481862438,0.0275300943763814,0.0277428359795585,0.0320183453432112,0.0369999999999996,0.0397341256152883,0.041121407230214,0.0435764754133164,0.0457537786929287,0.0473024324799162,0.0490000000000002,0.0507548978614616,0.0516256631821892,0.052946568399624,0.0544596950783201,0.0552113192692245,0.057,0.0579684181575715,0.0580367761408776,0.0578666129201959,0.0583450787482449,0.0591248869860325,0.0620000000000001,0.0672921314410617,0.05730736777373,0.0372994013207171,0.0243834308732415,0.0113019784293788,0.0010000000000001,-0.0076436585632272,-0.0217070843762319,-0.0424115816709841,-0.0679403838206804,-0.0858605349233859,-0.0989999999999998,-0.1094928199006999,-0.1175869181721325,-0.1288101779775208,-0.137157875456636,-0.1520624692991,-0.175,-0.1914760999464647,-0.2034883628241031,-0.2140925521296273,-0.2215151064641649,-0.2256903422050666,-0.2289999999999999,-0.2308708939862361,-0.2315740924469599,-0.2322971121635031,-0.2319170056382704,-0.2333887873860536,-0.2339999999999999,-0.2345537065855097,-0.2367173544729334,-0.2369482895520747,-0.2369888179546327,-0.2355993085541969,-0.2339999999999999,-0.2316963230645852,-0.2286547418327973,-0.2269312337768061,-0.2234933929936332,-0.2203595447409748,-0.2149999999999998,-0.209500298488879,-0.2085437679093831,-0.2112505058680498,-0.219942825298286,-0.2285417034777444,-0.2379999999999998,-0.2499997252390781,-0.2579284136797335,-0.2623439589588492,-0.2650963380411216,-0.2687484822085235,-0.2710000000000001,-0.2732583348613848,-0.2764805045678077,-0.2776087728714323,-0.2800941638533517,-0.2809917329465097,-0.2819999999999998,-0.2838558965556288,-0.2849041605576376,-0.2878611766676989,-0.2894951098408108,-0.2914100801864711,-0.2919999999999991,-0.2933201283689813,-0.2960135736255065,-0.2957924865433977,-0.2983775948080112,-0.3000847650081836,-0.3009999999999995,-0.3020862879251083,-0.3017642340468341,-0.3017834831590644,-0.2985400008562985,-0.2967071200454941,-0.292,-0.285808443257964,-0.2803422689617118,-0.2676189717509031,-0.2498463190629459,-0.2170348505432058,-0.1719999999999998,-0.1148434174058558,-0.0402967109216735,0.0445385004252675,0.1492026511915955,0.266154478399437,0.3999999999999999,0.5472476567641963,0.6894262231791464,0.8176902037290584,0.8758443078198533,0.8746244070270804,0.831,0.6921099845725961,0.4962262844142885,0.2876787082732211,0.0863134234730075,-0.0686843048358193,-0.1689999999999998,-0.2098945790788852,-0.2220140652918509,-0.2337723695188997,-0.2403406143211937,-0.2507199455107698,-0.267,-0.2826405352150246,-0.2919037199263267,-0.2996848157877008,-0.2980281972262954,-0.2832518854901985,-0.2779999999999999,-0.2758944932225616,-0.2728688144761398,-0.2728152646757463,-0.2696895106471282,-0.2690138431975568,-0.2669999999999998,-0.2649980578525044,-0.2643198440089618,-0.2606297767845391,-0.2582005370728983,-0.2553485451546445,-0.253,-0.2507144653037361,-0.2470973923132384,-0.2446291782734483,-0.2416899396979587,-0.2383709058507643
-0.235,-0.2268658700788842,-0.2089656761343599,-0.1913290645669982,-0.1818327401496386,-0.1746324262595339,-0.169,-0.1639593083732662,-0.1600652507086289,-0.1571848430018061,-0.1537157281092144,-0.1516094577889022,-0.1489999999999999,-0.1471996696060444,-0.1458160193575945,-0.1441524870612811,-0.1439239492318218,-0.1426884576370357,-0.142,-0.1420540041574875,-0.1418972332381478,-0.1421169544040622,-0.1419019852138344,-0.1420581167001088,-0.1419999999999999,-0.1412418391333672,-0.1397104982096491,-0.1380345995123102,-0.136097526440301,-0.1335397843305005,-0.1320000000000001,-0.1303864988967422,-0.1286043504784544,-0.1270378467743699,-0.1253425400053603,-0.1235942560824506,-0.1210000000000001,-0.1177962818337123,-0.1127940334701268,-0.1049472702300207,-0.0947968375604182,-0.0853099710654683,-0.078,-0.0707160212013177,-0.0593513515139427,-0.0378336751926194,-0.0118437209885116,0.0099541352750731,0.0269999999999998,0.0411896300764409,0.0545973516622832,0.065273700865633,0.0820170637203201,0.102284630028934,0.1099999999999999,0.1139439481909812,0.1182083500319879,0.1202404536092085,0.1228738964657802,0.1229674353052238,0.1249999999999997,0.127023981880095,0.1271469485045291,0.1297722367510332,0.1314971230448883,0.1335470581610959,0.1359999999999999,0.1376125785168084,0.1395066485738035,0.140480051583028,0.1413921953509123,0.1421244701567006,0.1429999999999998,0.1438534397065542,0.1450740220805189,0.1475556881327674,0.1500319161215268,0.1539850700260765,0.1609999999999997,0.1757495448990066,0.1994188683671989,0.2213102177518781,0.2365645060927398,0.2495233964639678,0.261,0.2709655485504571,0.2812500489533946,0.2895519652594058,0.295045155315893,0.2999222299111301,0.3039999999999999,0.3081704672986822,0.3118208126941624,0.3148861519331937,0.3182955963493665,0.3202501033044088,0.3209999999999997,0.3210691637778273,0.3204792307553634,0.318984754315186,0.3175938342679141,0.316717862545289,0.3139999999999998,0.3107530863038746,0.3057259025272957,0.2991662988675782,0.2936534129362026,0.2833258769542713,0.2669999999999999,0.2493414533590305,0.2344683585327519,0.2243669367414807,0.2153143630986385,0.2062141426255265,0.1970000000000001,0.1876564141218434,0.1803650392407007,0.1748107023629308,0.1702918264294574,0.1661721644447658,0.1619999999999999,0.1578049788172053,0.1541704098196566,0.1514001528827573,0.1493513070044601,0.1490335738760248,0.1489999999999999,0.14960642408275,0.1520390344170443,0.1543260407927064,0.1574737300837386,0.1619435774646238,0.167,0.1720775652735452,0.1767723617880958,0.1828585256874404,0.1898297949113666,0.1976751186240213,0.2059999999999998,0.2134580441502624,0.2216182024116735,0.2299353616797002,0.2386978319572432,0.2492235144275776,0.261,0.27285836644153,0.282575391775853,0.2908786677675981,0.2970543579459596,0.3007108829891552,0.305,0.3092163974233551,0.3133297789310756,0.3169697494098443,0.3182698129048024,0.3176885395097896,0.3140000000000001,0.3081800109598108,0.3023236159551225,0.2967345369100446,0.2924896625517607,0.2894628373230849,0.287,0.2837880809297223,0.2796950080671104,0.2752073624624969,0.2698072796010673,0.2651855869746341,0.261,0.2559651973822379,0.2515986125832766,0.2472868679372326,0.2416096205888089,0.2359474261097972,0.2309999999999999,0.2259367270943603,0.2220361194853482,0.2196096465093113,0.2167484417615342,0.2132698312020255,0.2089999999999998,0.2032586499921319,0.1971535349350997,0.1920239946550417,0.1868863471436349,0.1822097530559076,0.1789999999999998,0.1749346311434124,0.1705316895871506,0.1666373242082131,0.1622102582534923,0.1582816888312211,0.1549999999999999,0.1524584788743375,0.1496777972100231,0.144802718676933,0.1382135104993594,0.1302906499330466,0.1209999999999999,0.1124191911595534,0.1057947839137874,0.0982345908981809,0.0891549381548867,0.075737671253758,0.0570000000000001,0.0401409800846578,0.023794369965458,0.0075316263769767,-0.0066489264150818,-0.0205627175999495,-0.0299999999999998,-0.0374118164852497,-0.0447535056524442,-0.0498260049886185,-0.0527057018692132,-0.0515963262383023,-0.0499999999999998,-0.0475973921158945,-0.0458025134177746,-0.0460981587883381,-0.0439762752278995,-0.0429661788317317,-0.0420000000000001,-0.0402244324244834,-0.0388568257046533,-0.0370433045875304,-0.0370633102096801,-0.0355817406419116,-0.0350000000000002,-0.0352539525213783,-0.0339874535480472,-0.034273793541009,-0.0336761534850735,-0.0342328307800108,-0.0340000000000001,-0.0328988784241888,-0.0334206569541632,-0.0318441387054047,-0.0304953642085272,-0.0270189381836122,-0.022,-0.0178172670781875,-0.0133906170115978,0.0010444016252962,0.0409882224372827,0.101827196000257,0.189,0.3015993387904997,0.4317124116174081,0.5805287833889053,0.7262581666099198,0.8656286626048564,0.9609999999999996,0.9798777276401556,0.9646211325159876,0.8736729587508791,0.6814546186423719,0.4572799911897183,0.2240000000000001,0.0276293946191695,-0.0781254553744867,-0.1170795775547031,-0.1322212825818588,-0.1457192965542789,-0.1579999999999999,-0.1704800640094013,-0.1811440797661416,-0.1881422467964486,-0.1961747332680267,-0.2020208137418888,-0.2080000000000001,-0.2132360273227473,-0.2176248583883213,-0.2232279343011257,-0.2256115237503899,-0.2273838244737228,-0.228,-0.2278267075816533,-0.2287996971328865,-0.2293415178571098,-0.2302508261354528,-0.2283504154474262,-0.2249999999999998,-0.2217742550445381,-0.218098131619686,-0.2153568025596188,-0.211125985719034,-0.2074469918538222,-0.2049999999999998,-0.2024101951605162,-0.2003013813643791,-0.1962675793636838,-0.1907177477173403,-0.1848323282112706,-0.1799999999999998,-0.1773161383339446,-0.176983150526568,-0.1806799572131037,-0.1862696520310357,-0.1922399201603773,-0.1979999999999999,-0.2022017274236718,-0.2063813544525511,-0.2100757864345463,-0.2134760104716126,-0.2179070281072872,-0.2219999999999999,-0.2261068932884965,-0.2304662184998739,-0.2340721593079856,-0.237184851077024,-0.2393008360801701,-0.2399999999999999,-0.2400118001707245,-0.239993484733032,-0.2399905995199044,-0.2400408387926993,-0.2399049395350912,-0.239,-0.2388874632381805,-0.2391886894521744,-0.2387401242292746,-0.2394037028762988,-0.2400768449473361,-0.2409999999999999,-0.2427971896558013,-0.2427907937976736,-0.2395356605621943,-0.2308840910596707,-0.2181980673722397,-0.1999999999999999,-0.1743490205829393,-0.1483673697112281,-0.1212356332624816,-0.0904658461812425,-0.0585197635478696,-0.027,-0.003449708180334,0.011550999146082,0.0258724043693156,0.0432586300921985,0.0599110464327029,0.0710000000000001,0.0809028199112809,0.0907511753366076,0.0982989665641688,0.1038958675524618,0.1063048640042454,0.1079999999999998,0.1097300070520114,0.1112413098736678,0.1130362979122915,0.1149525309076845,0.1188110514675627,0.121,0.1216900787458005,0.1227239207734274,0.1193931746123536,0.1136525307178717,0.1062651737756539,0.0969999999999999,0.0888242904005382,0.078023671465673,0.0660340214074061,0.0559994507094318,0.0446349187784732,0.0339999999999996,0.0249305000328315,0.0148931140982503,0.0059187215343957,0.0001001899125251,-0.0022437322491193,-0.003,-0.0038935905617765,-0.0040513791304624,-0.0040027604233039,-0.0039412560556948,-0.0041173371913268,-0.0050000000000003,-0.0050534825102551,-0.0050078954413777,-0.0044242888286847,-0.0018581694044523,0.0003801431387211,0.0029999999999999,0.0071888243667902,0.0107670711353359,0.0139216820266966,0.0174957023596335,0.0220000767876686,0.0269999999999999,0.0304616145493036,0.0330797580188192,0.0348677387414615,0.0348173306032992,0.0336276042184997,0.0299999999999998,0.024898119001592,0.0207615792640292,0.0157829296072731,0.0093545090475074,0.0026221287046625,-0.0050000000000001,-0.014115281158142,-0.0229932443172306,-0.0300639977659448,-0.0366580063308915,-0.0433658021239972,-0.0510000000000001,-0.0594248456322386,-0.0672794460026901,-0.0779502778037204,-0.0912564794805252,-0.101769811939046,-0.109,-0.1149106546676004,-0.1200823208671998,-0.1248940812304814,-0.1301496638399128,-0.1347803888367438,-0.1379999999999999,-0.1413913209157263,-0.1435828598653638,-0.1447711995190121,-0.1468679513979885,-0.1481586978895727,-0.149,-0.1499200385328513,-0.1500257224151159,-0.1500033854414682,-0.1499879554841044,-0.15000404274128,-0.15,-0.1507071645168624,-0.1523571440633857,-0.153939513751915,-0.1557417902009596,-0.1572702719376666,-0.1589999999999998,-0.1615142693741479,-0.1639006773013669,-0.1669396627759047,-0.1703301549011578,-0.1736948955866338,-0.177,-0.1795231416532361,-0.1820022008621407,-0.1844434510501004,-0.1872064607501709,-0.1907569247782731,-0.195,-0.1999915917633178,-0.2049781198676789,-0.2100646618534969,-0.214892718496537,-0.2201422893977766,-0.2259999999999999,-0.2317224449844109,-0.2384721414004149,-0.2441300186326662,-0.2491809773769265,-0.2551224289098006,-0.2599999999999997,-0.2664373088028339,-0.2741659696495404,-0.2811010244068694,-0.2871989594544102,-0.2903924669763593,-0.291,-0.2887631919869827,-0.2847045917398864,-0.2799404018450763,-0.2731741319314793,-0.2667073010289384,-0.257,-0.2404562409109988,-0.2249783657929534,-0.2129421034596125,-0.2016941828967663,-0.1920090856247273,-0.1789999999999999,-0.1642643074114914,-0.1555514698351492,-0.148959040782401,-0.1427807979639626,-0.1380204962401214,-0.1329999999999999,-0.1295918714171076,-0.1263012046453004,-0.1236798986054996,-0.1226108766896263,-0.122001532358831,-0.123,-0.1238372489338736,-0.1251979724148454,-0.1270505691501541,-0.1288138052522514,-0.1316047870201422,-0.1349999999999997,-0.1392028981189554,-0.1431206541398915,-0.1483608203347191,-0.1549174514742166,-0.1686166821550123,-0.1859999999999999,-0.1878314072224639,-0.1864111560099149,-0.1899616241060601,-0.1900003542276884,-0.1924220878875724,-0.1880000000000001,-0.1777193608249505,-0.1687432144173573,-0.156338338550927,-0.1465354804879825,-0.1368763550627173,-0.1279999999999999,-0.1237292455356702,-0.1201596486086224,-0.1172865524191175,-0.11332655409708,-0.1106707569670613,-0.1089999999999999,-0.1072179672519919,-0.1059002415284319,-0.1037022369913151,-0.102610062839329,-0.1004989109887769,-0.0990000000000002,-0.0974854412756773,-0.0958572609908145,-0.0960776472629972,-0.0940103122330185,-0.0928217109063564,-0.0889999999999997,-0.0802225247306316,-0.0656758909881311,-0.0415393148347348,-0.0073874651029484,0.0493231286503234,0.1259999999999999,0.2219892391687563,0.3371014564857635,0.4595332450012127,0.5930220984045156,0.7189293760581158,0.8359999999999999,0.9277969164893306,0.9532213614515592,0.9481764146209952,0.8928727995827733,0.7482130855985855,0.5659999999999997,0.362091120352126,0.1632874107937327,0.0076041478705919,-0.1122724575119425,-0.1810157490004902,-0.2019999999999999,-0.2065452531568472,-0.208862909093481,-0.2116469472789709,-0.213929791305623,-0.2164068707536821,-0.217,-0.2177508449412296,-0.2182355910965651,-0.21814622151067,-0.2192845496811257,-0.2174869189958939,-0.216,-0.2138153977698024,-0.2095990380474947,-0.2050002626396011,-0.1984349019546199,-0.194268235145356,-0.1879999999999998,-0.180925186127828,-0.1749911426294786,-0.1595487202931521,-0.1434297943268724,-0.1330332794281188,-0.1240000000000001,-0.1202595456642134,-0.118808000970028,-0.1169057283390085,-0.1153383314136782,-0.1137597728197348,-0.1129999999999999,-0.111366746297799,-0.1101433761862309,-0.1096471267096854,-0.1085948764902336,-0.1077979829867131,-0.106,-0.1049624529077562,-0.1051628371186247,-0.1047360375547775,-0.1054362365307184,-0.105999144818255,-0.1059999999999999,-0.1068737833227276,-0.1070579913646106,-0.1070298768152677,-0.1067854841902373,-0.1058019525891206,-0.1049999999999999,-0.1041562216949939,-0.1034146448822715,-0.1020757418301187,-0.100348153517356,-0.0985683942103554,-0.0960000000000002,-0.0942911514586145,-0.0922123053477217,-0.0893382665348368,-0.086956313230254,-0.0832271472461007,-0.08,-0.0699665186802965,-0.0454405717151546,-0.0225841531986779,-0.009057300061821,0.0050892347643523,0.0209999999999998,0.0361155030659446,0.0506071514094028,0.0679542373833104,0.0879641000910595,0.1066888059353313,0.1249999999999998,0.1395320147508311,0.153794555938625,0.1766250744507684,0.1989244367391674,0.2120183288396802,0.22,0.2259926723016824,0.2305195344467122,0.2338158009395468,0.2353680481300642,0.2346557555055401,0.2310000000000001,0.2244181468135624,0.2176409881563587,0.2106571184793415,0.2030828954517038,0.196731581700745,0.189,0.1805238676943505,0.1730649755773985,0.1655978286874733,0.1600059734392431,0.1549191651917504,0.15,0.1466734411610395,0.1427900953041886,0.1383883593880531,0.1345466725778627,0.1314319836656197,0.1289999999999997,0.1285958963501985,0.132426010619045,0.1394078794649064,0.1470243180526584,0.1545044977244086,0.1619999999999998,0.1687375177235391,0.1751999711476912,0.1824205807680171,0.1900891117147294,0.1973381373336434,0.2030000000000001,0.208018338756778,0.2125238409678544,0.2160246706782229,0.2193120331823263,0.2227011517816172,0.2259999999999998,0.228433556952899,0.2321595752429178,0.2363103385590542,0.2391609444185651,0.2426545928014989,0.2439999999999999,0.243259873379554,0.2408462269897014,0.2358920742151563,0.2310279797016543,0.2245471297351388,0.2179999999999998,0.2130831120066508,0.2068909841410446,0.199484232364247,0.1921872259025697,0.1857082723357782,0.1789999999999999,0.1738046001494441,0.1693496457035974,0.1632825078972666,0.1580225496948192,0.1530124989779047,0.1489999999999998,0.1449879600826961,0.140336467839922,0.1372299682547612,0.1332717552589954,0.1292004255637692,0.1239999999999998,0.1179851290387433,0.1132073804631041,0.1075923140816292,0.1037687184842305,0.1000767472705913,0.095,0.0901271348045486,0.084170606674016,0.0793242527871381,0.0756035278393793,0.0739431133420753,0.075,0.0773288405918477,0.0808576384643913,0.0833583774403505,0.0864074919184442,0.0894671175799478,0.092,0.0976582872960142,0.1038773343031391,0.1090975508616321,0.1135206180597891,0.1150866661418093,0.1149999999999999,0.1150487300575254,0.1143830360076509,0.113768940478879,0.1141711489533854,0.1138683388024337,0.1129999999999998,0.1106682890511849,0.1076833193463842,0.1061882527373798,0.1040703881560785,0.1029688227097845,0.1030000000000002,0.1021298346298624,0.1019245541068922,0.1020378525872687,0.1019699054207193,0.1020665999090564,0.1030000000000001,0.1039367248342347,0.1040353572905489,0.1037268558932669,0.102335681789463,0.1006816273685927,0.099,0.097354086553799,0.0951381605624055,0.0924023816796318,0.0899299851670253,0.0861616071923746,0.082,0.0770922108588848,0.0718855042490331,0.0670498843190431,0.0621982237210143,0.0580360199243865,0.051,0.044063340969258,0.0388917919284954,0.0356678581005226,0.0388611873687701,0.0441786457229201,0.053,0.0631970552824648,0.0745294256179294,0.0953976588765183,0.1120266275296602,0.1178245731598101,0.1219999999999999,0.1253713913380913,0.1287022473130137,0.1316402121429933,0.1337901060674882,0.1352629521156223,0.1369999999999999,0.1380973355181131,0.1372013705896965,0.1368470966875556,0.1348385128147436,0.1313424298661846,0.1279999999999999,0.1230941159482649,0.1178900790235651,0.1127852359205639,0.1035573513338605,0.0904870899757052,0.0809999999999996,0.0729315449539816,0.0619070167955013,0.0441182134787868,0.0187106178716068,-0.0013070898004549,-0.017,-0.0331651019061528,-0.0461364343071086,-0.0580235478466794,-0.0674074154309441,-0.0756661451119342,-0.083,-0.0888695898346501,-0.0937090575164848,-0.0970624894716889,-0.1020896385212727,-0.1055122467459753,-0.1089999999999999,-0.1119545325059257,-0.111312025121684,-0.1101786734293756,-0.1059532036198481,-0.1010578392414457,-0.0949999999999998,-0.0888618024486364,-0.0844202095294327,-0.0781495615397983,-0.073041755881792,-0.0665936470782153,-0.061,-0.0553823880856539,-0.0498584496996791,-0.0475228160889308,-0.0409204147755696,-0.0332746476606924,-0.0179999999999999,0.0049148819370021,0.0375880396697954,0.0964632570444634,0.1766329800470768,0.2819008459231142,0.4009999999999999,0.5307679227656504,0.6731297737049741,0.8088479836415836,0.9398675631537716,1.0137234881597073,1.0189999999999997,0.9842453084732318,0.8500211206847957,0.6295554774262727,0.3786421975727989,0.1330130599874544,-0.0619999999999998,-0.1983891383922389,-0.2602566281223543,-0.2713338197778185,-0.255943548526758,-0.2208551382528537,-0.21,-0.2068439502107673,-0.2013175129471444,-0.2114412255262046,-0.2239072171718556,-0.2377311429400855,-0.2469999999999999,-0.2522613774374054,-0.2519377351399233,-0.244214741451126,-0.2392590014951065,-0.2340092880616691,-0.2319999999999999,-0.229772642854529,-0.2275304883021729,-0.2283625817662815,-0.2258202171494054,-0.22492353853204,-0.222,-0.2183487773551581,-0.2159466746095872,-0.2109473217472914,-0.2080245632469082,-0.2040379745225542,-0.1999999999999998,-0.1960066003776679,-0.1913915530598836,-0.1875546273040581,-0.1813993776852459,-0.1759959164567338,-0.1699999999999999,-0.1647171793393343,-0.1609609152208383,-0.1561105222637749,-0.1528235098210636,-0.149232462040159,-0.1459999999999998,-0.1419921114935326,-0.1378256011822436,-0.1360961521527258,-0.1344531868243987,-0.1354423587189782,-0.1380000000000001,-0.1419041342284332,-0.1476849999112509,-0.1537306409587381,-0.1609557582945263,-0.1687016915945664,-0.1789999999999999,-0.1877827725379622,-0.1935143132482743,-0.1995000936815456,-0.2033747173276649,-0.2081122949544725,-0.213,-0.2163393258075619,-0.2189266815138747,-0.2179579927288708,-0.2142056174979545,-0.2074066238722116,-0.1989999999999999,-0.1886779075916134,-0.1735865232591961,-0.1570413785778005,-0.1372695496706013,-0.1101436498056115,-0.082,-0.0619453498033386,-0.0488734133183118,-0.0364403504880004,-0.0243480483256523,-0.0123036532126716,0.0059999999999998,0.0295097939319153,0.0506373886427873,0.0727122497255784,0.0956872659031461,0.1115311347701534,0.1219999999999999,0.1326585927517811,0.1442038836009747,0.152089386496247,0.1569316592590964,0.1618831537180066,0.165,0.1682913792190019,0.1711910715343572,0.1734176409883453,0.1757266409580382,0.1759660886927539,0.176,0.1745033113956,0.1724511914193009,0.170979364745207,0.1673446046664797,0.1631305670990357,0.1579999999999999,0.1529443533748675,0.1472771036973387,0.1381889470452407,0.1278890200656616,0.1181706437189959,0.1099999999999998,0.1011166644334637,0.0894238756084446,0.0751202295288246,0.0604635357787045,0.0504044101088403,0.0439999999999999,0.0388959968649392,0.0346062936135974,0.0308360220704907,0.0278840755385367,0.0256762935529992,0.0250000000000001,0.02421190221393,0.0237136386410815,0.0245923452451734,0.0252244077408955,0.0262728949590897,0.0279999999999999,0.0311824469753615,0.0346865232084421,0.033524672536028,0.0271033887939554,0.0210690636449155,0.0179999999999999,0.0154529970303735,0.0136294947204467,0.0116934979302463,0.0088802134293259,0.0065978438364029,0.005,0.003480069077756,0.0007581801241799,-0.0001987295230153,-0.0001841413531364,-0.0010517395630057,1.2631870857957337e-17,0.0001133997279056,0.0003288621413693,0.0020639766783519,0.0037946244490652,0.0065638060487598,0.0089999999999999,0.0122928921926686,0.0151511289978106,0.0177330749920015,0.0213269481852302,0.0233736340949247,0.026,0.0277611239654669,0.0301276562607182,0.0348525694860554,0.03833305756532,0.0430824260081701,0.048,0.0535723643143998,0.0606553968095575,0.0662524706285445,0.0726899658550253,0.0777426111768613,0.0809999999999999,0.0852182630254927,0.0886585018366805,0.0923916078847144,0.0965783449807868,0.0994890715608377,0.102,0.105299212394313,0.1086864489714607,0.1120352812059421,0.1151246286098675,0.1174694705100387,0.12,0.1217655606720249,0.1227820346141289,0.1229855370973782,0.1233993766321893,0.1253584669195491,0.126,0.1274593739519744,0.1297029308346866,0.1304375003969131,0.1337936888111767,0.1389916450743994,0.143,0.1436274825531864,0.1377690358376547,0.1279547151651,0.117878625971972,0.1051396343891777,0.091,0.0814716279701575,0.0744144237228171,0.0694991831546811,0.0669245281516979,0.0632875724046496,0.0609999999999999,0.0585896952058057,0.0563644787810601,0.055263827191412,0.053284643093993,0.0530206807515802,0.0520000000000001,0.0516671501867321,0.0535347184937991,0.0546804838743845,0.0571095013673743,0.0594513095233966,0.0630000000000001,0.0673010832890126,0.0710639949065824,0.0758270541788072,0.0795445470485875,0.086891520765953,0.0969999999999999,0.1089120598926804,0.125281822268447,0.1372993552645979,0.1450391037179579,0.1523220998973285
0.1579999999999999,0.1631632854909242,0.1663069027680157,0.1677132435790084,0.1679216996393206,0.1665232308732226,0.162,0.1561124129065021,0.1496023868971286,0.140296358922441,0.1306337604781385,0.1078467582539868,0.0749999999999998,0.0592005844653682,0.0536751577756375,0.047634474532699,0.0453070464280243,0.0422862279458945,0.04,0.0392222767999026,0.0382008458462949,0.0376902683350758,0.0363533283777438,0.0346677678315925,0.033,0.0313924980801132,0.0290127872732667,0.0268753185248299,0.0252025426229871,0.022484555792409,0.021,0.0194423432968537,0.017505819308361,0.016140139928956,0.0143696662418422,0.0139897925429867,0.0129999999999999,0.0112849889436799,0.0093371069894145,0.0058200219078049,0.0027907900220362,-0.00228941417662,-0.0089999999999998,-0.0141289601968993,-0.0175881929138371,-0.0174463731417388,-0.0147044430087687,-0.0098120626001977,-0.0030000000000001,0.0056547264667642,0.0209071809592311,0.0479100866598142,0.0918435715982957,0.1553945127139771,0.2419999999999998,0.3532220986470423,0.4845007616354114,0.6326029435889341,0.7881115510703975,0.9346372993344796,1.0489999999999997,1.1037304232308702,1.0838324596822664,0.9812285852214584,0.8013799716849388,0.5763607939094727,0.346,0.1431817075684298,-0.0114982849466843,-0.1114125233601124,-0.1625499635012442,-0.1824486967311589,-0.1889999999999998,-0.1915878388374452,-0.1938674033902299,-0.1967500920449687,-0.1981635062597761,-0.1948897783529901,-0.1869999999999999,-0.1785794089226574,-0.170752908620619,-0.1657577820155681,-0.1694677254432031,-0.1760630848295671,-0.1799999999999999,-0.1850321150487149,-0.1884731269276291,-0.1894218593122674,-0.1876405019907802,-0.1802742916602442,-0.173,-0.1680620309583748,-0.1623001056027122,-0.1570833790601038,-0.1541361099853374,-0.1543659519781734,-0.1589999999999999,-0.1679116705794444,-0.1782866992689694,-0.1867987613256893,-0.1937970693495965,-0.2016737814481205,-0.21,-0.2175476832854225,-0.2245482033973619,-0.2301615092908249,-0.2349381402051004,-0.2399776521708706,-0.244,-0.2472403548581525,-0.2517863906470439,-0.2572375605855046,-0.2616308642832712,-0.2659026187755215,-0.2699999999999998,-0.2725516779762172,-0.2749765603044624,-0.2774554228346553,-0.2802200077280652,-0.2836946702756787,-0.2869999999999998,-0.2904054540595915,-0.2922618517916584,-0.2905035088697902,-0.2859435677239668,-0.2795542050244023,-0.2710000000000002,-0.2624228342700193,-0.2558441707006292,-0.2478373456912363,-0.2381529170938079,-0.2292855751133101,-0.221,-0.2134863819574977,-0.2059113045827787,-0.1992181160305286,-0.1938378939863354,-0.1877477698684752,-0.182,-0.1762875353309897,-0.1696094365252717,-0.1633761324256619,-0.1577653256440774,-0.1517165046032792,-0.1449999999999999,-0.1384041543402952,-0.1302409241329249,-0.1187720092474459,-0.1056957903890332,-0.0923624237879253,-0.0800000000000001,-0.0684241004006556,-0.0559321873655597,-0.044173585652349,-0.0341209022029353,-0.0254007024407252,-0.0180000000000002,-0.0096920990020617,-0.0025412856942247,-0.0003638104243398,-0.0046100937107951,-0.0153760037947584,-0.0250000000000001,-0.0308182548208869,-0.0369036882952546,-0.0415086307842017,-0.045966821768664,-0.0508488158768856,-0.054,-0.0565868605284233,-0.0579281459859604,-0.0577432395411655,-0.0562011137984911,-0.0533308774789401,-0.0490000000000001,-0.0438914077173346,-0.0397620243694941,-0.0349838194633797,-0.0302630111245353,-0.0261036391305354,-0.0210000000000001,-0.0152841290356915,-0.0085669015709714,-0.0025305248217825,0.0036325841173016,0.0102150038927321,0.0159999999999998,0.0234128387859562,0.0313433880992413,0.04191305329677,0.0551954103402179,0.0660327955184265,0.0769999999999999,0.0873265886003291,0.0950286627330825,0.102304227101228,0.1082064115991453,0.1143524486711649,0.1209999999999998,0.1260587623992962,0.1309858013372696,0.1357235263653114,0.139363224810552,0.1426581542304517,0.1460000000000001,0.1493854300542782,0.1520637485365264,0.1547240117752603,0.1585936447589656,0.1613914017022786,0.1630000000000001,0.1647554426366378,0.1656184722601113,0.1669376638485101,0.1685248022433475,0.1690164517960083,0.1679999999999999,0.1647157196401281,0.1614389339445186,0.1569446574640256,0.1504042172822954,0.1449201510048456,0.1380000000000001,0.1303216217859666,0.1231822675042444,0.1106113326866931,0.0949534235391029,0.0828734112302591,0.0729999999999999,0.0644373559690993,0.0580748461049855,0.0533099233841001,0.0494750496720981,0.0450692685369254,0.041,0.0377782171500055,0.0331448865768708,0.0279077616872757,0.0230539282099749,0.0179715766233336,0.013,0.0087332797116787,0.0053155210919344,0.0019838239771797,-0.0012928606281593,-0.0047131942032512,-0.0080000000000001,-0.010465727050967,-0.0136070632780079,-0.0167394174134783,-0.0188095614105738,-0.0216703738408848,-0.025,-0.0275565664094205,-0.0295196195176592,-0.0302310160072633,-0.0297262059837533,-0.0287501860213841,-0.0269999999999999,-0.0252832021942347,-0.0237574894031299,-0.0218741099996803,-0.0204935877192506,-0.0184523815864827,-0.015,-0.0116017166739975,-0.0088781560200677,-0.0069038117832834,-0.0054245096132475,-0.003543767833649,-0.0009999999999999,0.0007060120605535,0.0027972753503626,0.0052857579840197,0.0039457724742581,0.0002046987358449,-0.005,-0.0125692265675295,-0.0184318738455088,-0.0220592655813712,-0.0251631800843366,-0.02737116809683,-0.0289999999999999,-0.0306512293186449,-0.0323595672855573,-0.0339817349554889,-0.0355707785441343,-0.0359653015101924,-0.036,-0.0375909362288653,-0.0394201303801488,-0.0409106282535926,-0.042763913553855,-0.0442133854418942,-0.0449999999999999,-0.0458745113686686,-0.0460911551632439,-0.0459582950270064,-0.04596199379346,-0.0461617458625345,-0.0480000000000001,-0.0489733728603958,-0.049854874911148,-0.0531187451906084,-0.0561397209323741,-0.0599356089921473,-0.0670000000000001,-0.0813326128106734,-0.0997957393061716,-0.1195888678550071,-0.1510230574692137,-0.1833571272743984,-0.1999999999999999,-0.2085552307967055,-0.2149159851292124,-0.2200720596374468,-0.2246194272040527,-0.227544940963841,-0.2309999999999998,-0.2351937785793507,-0.2392270124730889,-0.243957495179084,-0.2488475090760042,-0.2527594669138363,-0.2570000000000002,-0.2611966686363479,-0.2657490288993153,-0.2712988315743655,-0.2756768698888124,-0.2813298077540435,-0.288,-0.2937886318997291,-0.2998731948106749,-0.304647756003663,-0.3085116556540175,-0.3114484792478056,-0.3130000000000001,-0.3145904664105145,-0.3169722503923193,-0.3192162145197507,-0.3205073141550585,-0.322459678120026,-0.3250000000000001,-0.3276858668722032,-0.3272083562338582,-0.3174522963555241,-0.2834942821645531,-0.2228580410162593,-0.154,-0.0636066378614658,0.0495471873735605,0.1733941451134088,0.3191147337247815,0.4658331563892453,0.6139999999999998,0.7392650480157487,0.7864941903621668,0.7897292801148819,0.733842044057419,0.578876214326175,0.3699999999999999,0.1383508938598964,-0.0808393042213404,-0.2569168649460528,-0.3742573241373998,-0.4226445495954984,-0.4409999999999998,-0.4540716405139626,-0.4624679682054975,-0.466968539423367,-0.4670907207849271,-0.4694899216289082,-0.469,-0.4686451787909684,-0.469579266410806,-0.4683449956845451,-0.4695874518234835,-0.4685883699110079,-0.4680000000000001,-0.4682640876675851,-0.4669886164638919,-0.4670940588895511,-0.4644166184512722,-0.4587049089939209,-0.4510000000000001,-0.4426550670610186,-0.4338511244064492,-0.4244111970633109,-0.4149584270243987,-0.4023022053366182,-0.39,-0.3791620142109168,-0.3691866245925683,-0.3616165761266933,-0.3538261613209399,-0.3466676549496097,-0.3400000000000002,-0.3333027302882852,-0.3266899302379236,-0.3200747096938792,-0.3128887498987145,-0.3044082902308552,-0.299,-0.2957088231373433,-0.2922513480616612,-0.2890466755362001,-0.2858181153565973,-0.2835138711237727,-0.2799999999999998,-0.2765377383778366,-0.2739258470274114,-0.2721975442843384,-0.2718046468877175,-0.2708979078051774,-0.2720000000000001,-0.2729653700814719,-0.2739158389313213,-0.2766974581559182,-0.278975991099306,-0.2828444049957113,-0.286,-0.2898910684453239,-0.2948997546505069,-0.2971810945180274,-0.30063771704642,-0.3048788413749893,-0.311,-0.317360270879493,-0.3181295654919213,-0.3136617052300766,-0.3032653546615861,-0.2901785294127516,-0.27,-0.2384540160630092,-0.2098297268521519,-0.1890287834116791,-0.1686981641971747,-0.1478740552787371,-0.127,-0.1052407164780055,-0.0846339767779064,-0.0606360566453882,-0.0288614879601157,0.0002190430876919,0.025,0.0523427765709498,0.0805885860966144,0.1094019220675554,0.1389981435669086,0.1720125277819884,0.2069999999999999,0.2331987808555735,0.2490518034148164,0.2608180852369379,0.270673296132904,0.2784889285223526,0.2869999999999998,0.2984121744285977,0.3125092129492006,0.329033032942842,0.3428005141314039,0.3515492101796655,0.3590000000000001,0.3650277003662882,0.3694752281015247,0.3728348442159285,0.3744744603667032,0.3750618417334065,0.3749999999999999,0.3749300410678303,0.3755918493750504,0.3765791611137868,0.3772342887611591,0.3782994769506823,0.3799999999999998,0.3808645150481556,0.3820912684077219,0.3844989369884895,0.3872165177216974,0.3922405519546791,0.399,0.4055936759138819,0.4130143444196024,0.4201121945912249,0.426815685589121,0.4362369481881292,0.4499999999999999,0.4639048199959426,0.4714433579150857,0.4750403688676997,0.4779929219539353,0.4791934421188765,0.4810000000000001,0.4828024605337915,0.4840323106912795,0.4867330911541713,0.488429443903169,0.4891646340549959,0.4889999999999999,0.4850934411604804,0.4794496671548939,0.4727368028781054,0.4650949645737025,0.4602979843840524,0.4569999999999999,0.4528419029214696,0.4486961459827365,0.4444303725274374,0.4404285936853248,0.4360767760512301,0.432,0.429480820119382,0.4269024402577599,0.4252174654079158,0.4249605473910557,0.4250822245915371,0.426,0.4268492984563626,0.4280503697915666,0.4308958699305449,0.4343405576976941,0.4377729814490806,0.4430000000000001,0.4489375574876588,0.454405800974766,0.46111780306495,0.4679056080684699,0.4818036679496786,0.5050000000000002,0.5245608054336374,0.5433102533333272,0.5643977915812629,0.5787505224809477,0.5875396033969673,0.5940000000000001,0.5998237757596111,0.6048860201905025,0.6064493351388508,0.6024553326857959,0.5899827124685658,0.5749999999999998,0.5617999063628555,0.5469825643543725,0.5328611290465728,0.5221438444411026,0.5146910971264517,0.5079999999999997,0.5004273404422054,0.4937353303193952,0.4860877397005019,0.4754691184766053,0.4635677104232386,0.4489999999999999,0.4243758385587645,0.3900948696757427,0.3556791283349471,0.3229509420115515,0.290576533723888,0.259,0.2308626068970199,0.2077518560886445,0.1814112239611253,0.1535471456301307,0.1351484394004504,0.1240000000000001,0.1147720445805281,0.1057445667003574,0.096602428859162,0.0895328716155914,0.085365862219296,0.0830000000000001,0.0805557249039323,0.0778754185519658,0.0759472924544053,0.0742377610392945,0.0713070173311501,0.0680000000000001,0.0655534573833644,0.0623281019379698,0.0594103087227915,0.0568323679473799,0.0533414311956903,0.051,0.0485836121491439,0.0458802009201618,0.043612978172769,0.0409332879430096,0.0384807869515555,0.0349999999999997,0.0308428856991172,0.0262026232814786,0.0205393333087943,0.0144793850011053,0.0076497079464958,0.0020000000000001,-0.0029026028741686,-0.008646668504539,-0.0148160928494428,-0.0250490723804549,-0.0462807296306726,-0.0769999999999999,-0.1071629036902529,-0.1370193347341628,-0.1649226792641897,-0.1832655896393804,-0.196524309707462,-0.2080000000000001,-0.2180959562403988,-0.22649945910223,-0.2324184065185665,-0.2383187373029946,-0.2427649631255302,-0.2469999999999999,-0.2519504761611575,-0.25802880189148,-0.2652975143134042,-0.2714473573935358,-0.2783912346529735,-0.284,-0.2903781552257719,-0.2978986120317022,-0.3027731639995078,-0.3080555620535103,-0.3100417834850921,-0.3099999999999999,-0.3080448377707682,-0.3020859639299949,-0.2970321839520228,-0.2897741375689714,-0.2827645062716249,-0.2749999999999998,-0.2640979031113677,-0.2535919289042486,-0.2423010697080859,-0.2338645439173642,-0.2219034226710155,-0.202,-0.173696179739903,-0.141060808470139,-0.1133299015234144,-0.0686237924810012,-0.0001031564959481,0.0849999999999998,0.1965741153799877,0.3322756236324105,0.4848327204864763,0.6360264227331153,0.7675667664673465,0.8469999999999999,0.8561720298896521,0.8139224864692608,0.6828541139180119,0.4609578008882101,0.2159570784691253,-0.0229999999999999,-0.2228668897999295,-0.3699282288426537,-0.4732838695317297,-0.5247701804282273,-0.5421466309998413,-0.549,-0.5548325677210857,-0.5592634156254009,-0.5609038525683399,-0.562433523775765,-0.5618233689589622,-0.5619999999999998,-0.5613133083582128,-0.5606517003990159,-0.561199072473378,-0.5614754079858904,-0.5660825495998937,-0.5690000000000001,-0.5704063904354137,-0.5733073014951214,-0.5750720640422665,-0.5784596288366042,-0.5800533897735871,-0.58,-0.5787187948758289,-0.5740911251579607,-0.5689652184667412,-0.5641712217763348,-0.5601905484611116,-0.5549999999999999,-0.5498070852299769,-0.5458231633672632,-0.5412588996283595,-0.5376958705881862,-0.5343367312965178,-0.5319999999999999,-0.5304088867403364,-0.5284768042437765,-0.527523243669759,-0.5266181213750537,-0.5258574900343288,-0.5249999999999998,-0.5248937304795209,-0.5251914331393476,-0.5245322088918694,-0.5235004519358251,-0.5215968852374788,-0.5199999999999999,-0.5183197008537681,-0.5176238466518837,-0.5186548407447172,-0.5193035358685371,-0.5216039211385638,-0.5239999999999999,-0.5255119526569696,-0.5286120260339107,-0.531945962868955,-0.5355795018613244,-0.5398085163511062,-0.543,-0.5448314988314581,-0.5443530713626857,-0.5398403967393645,-0.5332750072188475,-0.5252013893270444,-0.516,-0.5071963588723963,-0.4935935589945113,-0.4777664252948048,-0.465223708324698,-0.4521008016592798,-0.4329999999999998,-0.4034400646965567,-0.3744210998116111,-0.3561663801185176,-0.3431216129990902,-0.3332780482201115,-0.3249999999999999,-0.3126999242010505,-0.2893097746439872,-0.2630576605924753,-0.2486231774372967,-0.2404876061398715,-0.2340000000000001,-0.2275272317575,-0.2202579559324759,-0.2148287268307866,-0.2081907500536592,-0.2016848778942208,-0.192,-0.1784474992790995,-0.1673120476825035,-0.1563000715321457,-0.145977789365503,-0.132756603914062,-0.1129999999999999,-0.0920839507597324,-0.0729149478330249,-0.0610865788917389,-0.0566303467757955,-0.0533253219393384,-0.0499999999999998,-0.0465925914586414,-0.0444008551551173,-0.0435364722904433,-0.0426237239866822,-0.041869361742955,-0.041,-0.038705651328443,-0.0346963711746789,-0.0305556766108951,-0.0260951516818635,-0.021018586529639,-0.017,-0.0137525148227753,-0.0092551116463706,-0.0034542250489639,0.0022510404245403,0.0082835151719596,0.0149999999999998,0.0209700960264534,0.0259191756557692,0.0314480447707825,0.0371789088979842,0.0419344611146506,0.0469999999999999,0.0513410756446865,0.0545472914070765,0.0582195272785893,0.0609322982941164,0.0636486597377783,0.0669999999999999,0.0694708892251065,0.072633015791128,0.075465025097402,0.0760334470103854,0.0759823667474143,0.075,0.0717909573429312,0.0677617496225255,0.0628340141805137,0.0562910715787245,0.0496614546418496,0.0419999999999999,0.0335932856258045,0.0248676273856405,0.0105808997159313,-0.0065433218056988,-0.0192103012488685,-0.0299999999999999,-0.0395752491790769,-0.045229272513843,-0.049893086710082,-0.0549222525366533,-0.0586513659830436,-0.062,-0.0654566930828804,-0.067475141233013,-0.0689223510105601,-0.0705814657276872,-0.0709924401055171,-0.0709999999999999,-0.0703697866957286,-0.0680019836176885,-0.0656294390416862,-0.062555507927923,-0.0580577496729066,-0.0529999999999999,-0.046415512393125,-0.0396770499006914,-0.0316398571743749,-0.0150950312624373,0.0089623071421255,0.0320000000000001,0.0514909295710841,0.0678664087861169,0.0838453257160426,0.1028674042378514,0.1215156506946041,0.1379999999999999,0.1531977264011907,0.1666746076694304,0.1801441227008664,0.1926936117019576,0.2013192526133241,0.2050000000000001,0.2065706795990333,0.2090700740243901,0.2110527798035892,0.2127078669898074,0.214228189220912,0.2149999999999998,0.2158453392922279,0.2166027530223431,0.2176518948518254,0.2179873361464984,0.2181185974225469,0.219,0.2190080438627366,0.2195144914397838,0.2206170928964214,0.221258467625389,0.2222002244837702,0.2229999999999999,0.2238114287899493,0.2246982724718182,0.2254687534012469,0.2263575636234916,0.2271531701496971,0.2279999999999999,0.2288516936512219,0.2296187044714198,0.2306053992290226,0.2310551168555318,0.2310553601497187,0.2319999999999998,0.2328858744808589,0.2335973268347372,0.2345376928607601,0.2354607179855165,0.2374291512437646,0.239,0.2405749785682757,0.242504057574461,0.2437649612619372,0.2460251631433887,0.2484734637520671,0.2509999999999999,0.2527140094657555,0.2552356186158469,0.2591782254895385,0.2607673836083114,0.2714197022999484,0.294,0.317754245172843,0.3482010659164636,0.385936834759627,0.4220582144451862,0.4572217389000589,0.4959999999999998,0.5377343934547809,0.57747153679584,0.6125838713409874,0.6472674972143938,0.6841775618210679,0.7139999999999996,0.7358130626654117,0.7564459949224588,0.7743339538960453,0.790121959902835,0.8034695536481004,0.8159999999999997,0.8280533809833169,0.8363314479115435,0.8424425889970554,0.8464739775309248,0.850976964937813,0.8549999999999998,0.8596931876894002,0.8656672015171738,0.868523055245364,0.8730365541977059,0.8766389254256768,0.8859999999999999,0.9138684489503514,0.96530618113625,1.044285946834426,1.1427543632688686,1.26544489521585,1.402,1.54232174573766,1.6748073681895592,1.744723344858864,1.760343534302805,1.7279450933187763,1.6009999999999995,1.3960065962164168,1.1487218566189945,0.8964249401875978,0.6720406923281118,0.5083277462503701,0.4309999999999999,0.3980966613876852,0.3879949886661353,0.3934359589457233,0.3939992059500264,0.3980193463571072,0.3989999999999999,0.3972245696902304,0.393909717753588,0.3873508768459118,0.3853805856524437,0.3809831285893154,0.3799999999999999,0.3853806071474605,0.3963176920231599,0.4090057785028509,0.4151059171326318,0.4226239857743285,0.4279999999999999,0.4333662582974292,0.4413272491830318,0.4489033006814193,0.4610898859556279,0.4705817490170587,0.4799999999999999,0.4903265800512549,0.498520577222991,0.5064734787799682,0.5099233547750045,0.5108690485756121,0.5050000000000002,0.4949204130443518,0.4842589379777106,0.4714885824904083,0.4631300922738831,0.4553851219500694,0.4489999999999999,0.4426866311361011,0.4344841825589483,0.4287010370220324,0.4225600741387174,0.418283001651672,0.4140000000000001,0.4118809233619108,0.4123083890288608,0.4121334053513803,0.4156562150059228,0.4185359620627499,0.4240000000000001,0.430907785778578,0.4373115120415679,0.446567969694756,0.4540888013311244,0.4672616338738125,0.4839999999999998,0.4998559106124405,0.5134091956171198,0.5221629342872499,0.5340906774310276,0.54510046854375,0.5590000000000002,0.5737819153105754,0.5857954034763778,0.6061952663519296,0.6299855384133825,0.665446470548683,0.7109999999999999,0.7644735963723922,0.8576537153376783,1.005933603553095,1.2246374929477777,1.5364736562846055,1.9539999999999988,2.483045755097401,3.1018105665468547,3.7573901484145193,4.386229010446527,4.882700399559947,5.129999999999998,5.156852912161797,5.002102621870156,4.624491301335573,4.139694964672757,3.690765180757204,3.301,2.989891784248661,2.7474858398611444,2.5450265724576666,2.3535518517938687,2.1542151170647337,1.9659999999999995,1.8029093103853089,1.6725401091183276,1.574897377607572,1.4994330460028864,1.428681782653895,1.3609999999999998,1.3000751032058768,1.233493862853951,1.1869326250744971,1.1461222634969743,1.0706139521152371,1.0049999999999994,0.9635110076358258,0.918194890940768,0.87509513662023,0.8393772152292173,0.8062183181487043,0.7700000000000001,0.7339933396158349,0.6981139089258108,0.6603593571108124,0.6226494482358423,0.581679273652146,0.5409999999999999,0.4960919314347395,0.4442723823501002,0.3952256976091301,0.3505074444929713,0.3088942642567685,0.27,0.2347723040082463,0.2006715034288627,0.1672145060829724,0.1347588676684446,0.1002938233133744,0.073,0.052376166659405,0.0293074579934855,0.0067636850056923,-0.0146213674368835,-0.0379592205723904,-0.0649999999999998,-0.0926367166844374,-0.1197391223651683,-0.147899082817261,-0.174138170342246,-0.1973592812818787,-0.2169999999999998,-0.2367410798380046,-0.2579499475094218,-0.2780547260942006,-0.3000125711091717,-0.3208115142683496
-0.3379999999999997,-0.3539690240267665,-0.3685218960816147,-0.3818078900415686,-0.3935797350046618,-0.4054734732257229,-0.4179999999999998,-0.429134353956328,-0.4368578611380609,-0.4419371412720931,-0.446958770787855,-0.4506140647496088,-0.4539999999999999,-0.4574783048484763,-0.4598836418995189,-0.4629458684224802,-0.4664750775478896,-0.470949894427018,-0.4750000000000001,-0.47826711128129,-0.4818595487908176,-0.4844382670446918,-0.4872098718701264,-0.4908251066678114,-0.496,-0.5009906068948506,-0.5088546642189307,-0.5271231804881107,-0.5476734924792258,-0.5625256153068565,-0.5720000000000002,-0.5778417167964456,-0.5838515450638011,-0.5885964265079916,-0.5927371333063106,-0.5966733675316082,-0.6,-0.6042511403974146,-0.6075552836521652,-0.6116249075284245,-0.6150825655051697,-0.6176817153370782,-0.6219999999999997,-0.6252674660238214,-0.6303461040526737,-0.636444955028743,-0.6406007561252451,-0.6447262080138121,-0.6459999999999998,-0.6437684415231413,-0.638729847691313,-0.6315916199895216,-0.6237774527295058,-0.615282687068262,-0.6059999999999998,-0.5936716672124703,-0.5811977535872427,-0.5710409770097014,-0.5610585835782943,-0.5523724216977162,-0.5440000000000002,-0.5355405031103806,-0.5281022337462095,-0.519823126570634,-0.5098201161800997,-0.4987600878461929,-0.4880000000000001,-0.4786960454535107,-0.4703735757339976,-0.4618751488218886,-0.4540558834987873,-0.4479172943591575,-0.4439999999999999,-0.4422943046751233,-0.4406238486642914,-0.4394006446046979,-0.4386727428808581,-0.4378792655609811,-0.4369999999999998,-0.4345199629351851,-0.4325323431102154,-0.4310272333701043,-0.4295425447944984,-0.4287898293415976,-0.4269999999999996,-0.4260550469239905,-0.4254667168398118,-0.4244062924407731,-0.423670351452274,-0.4229676331283415,-0.4239999999999997,-0.4249200791320968,-0.4255659374987746,-0.4265356710324292,-0.4275151640525006,-0.4293157012227668,-0.4299999999999997,-0.4308437751784026,-0.4306470826713989,-0.4292368765767163,-0.4288225798269803,-0.4278327092859875,-0.4280000000000001,-0.4273146771752451,-0.4265661716441959,-0.4277151209769462,-0.4282883144559632,-0.4305341604102697,-0.4320000000000001,-0.4334302587785938,-0.4362301152753675,-0.4382082386940934,-0.4411682416317641,-0.4419334533584715,-0.4419999999999999,-0.441542605759569,-0.4378287633917349,-0.4326613712097694,-0.4242857361317453,-0.4135417408290004,-0.3949999999999999,-0.3661411933513314,-0.3366769383944395,-0.3104345772606253,-0.2787754354961563,-0.2329572416873648,-0.179,-0.1109859639081654,-0.0260992810855772,0.073422664184766,0.2038643706571265,0.3538031263741678,0.5159999999999998,0.6635497897424895,0.7378198459208426,0.7516769376019627,0.6951963761911452,0.5337609986836402,0.312,0.0778567838131031,-0.1279644782196668,-0.2787079900373779,-0.37192480887142,-0.4094338139855098,-0.4249999999999999,-0.4343463612676053,-0.4358660510203816,-0.4344090183355908,-0.4240844806951042,-0.4126958720596749,-0.392,-0.3571305968640748,-0.3349101723929552,-0.3271721068974348,-0.3221484623699746,-0.3182224562834548,-0.314,-0.3098062157010132,-0.3061145433440511,-0.303576591283926,-0.3008387829614063,-0.2987024183444665,-0.2969999999999999,-0.2936333605788955,-0.2913937639325238,-0.290480916784303,-0.289843995204282,-0.2900694032892627,-0.29,-0.2892141971232043,-0.2878508508525674,-0.2852549567798652,-0.2813368589222209,-0.277191596657303,-0.2729999999999998,-0.2661526869472718,-0.2518451796670397,-0.2315512681594095,-0.2132724689694556,-0.1995567444475696,-0.189,-0.1791498982148163,-0.1677771272789898,-0.1558861359238492,-0.1446754843363019,-0.135265771195547,-0.1269999999999999,-0.1193486591652194,-0.1131911058092545,-0.1078776496194075,-0.103218596481617,-0.0993130223271208,-0.0969999999999997,-0.0954123092600981,-0.0934165293575954,-0.0929367909705401,-0.0928237053433645,-0.0917809270253665,-0.0909999999999997,-0.0902351754026331,-0.0887326227247442,-0.0869761068039003,-0.0852012608996989,-0.0823941922098006,-0.0799999999999998,-0.0783591374388092,-0.0766209295790384,-0.074817188188759,-0.0715826119216036,-0.0683781714175697,-0.0639999999999997,-0.0581509973308962,-0.0505831907021847,-0.0332619359302127,-0.011983807230765,0.003928410433634,0.019,0.0333032303810479,0.0475383218794344,0.0639024371960148,0.0784733469175302,0.0916947594340277,0.1049999999999999,0.1153287012824776,0.123525458201218,0.1320883524403442,0.1376975605987751,0.1406005282643009,0.1439999999999998,0.1458175874221398,0.1471211046551971,0.149253449029704,0.1502944884369279,0.1512211934098035,0.152,0.1520056302520352,0.1520230832881543,0.1519375821695258,0.1521135802849609,0.1518066144665123,0.15,0.1483141784793725,0.1462136917642259,0.143262975207057,0.1412430413331002,0.1382740712681802,0.1349999999999998,0.1326167710740653,0.1291639733085936,0.1269185183605519,0.1250930344965849,0.1226229971338822,0.1219999999999998,0.1212247374288943,0.1207026759652566,0.1216025010828757,0.1222055228311591,0.1233073619886672,0.1249999999999998,0.1259428031886714,0.1260016657067092,0.126061904106344,0.1257712018674614,0.1248105593708461,0.1239999999999998,0.1224286867809635,0.1204710727142598,0.1195590417601177,0.1184040918742793,0.1167192108782159,0.116,0.1145297811867991,0.1118195856032035,0.1098794698961061,0.1060365790120035,0.0996718625763984,0.093,0.086235860326646,0.0804616239651818,0.0732457494190752,0.0623489785890503,0.0525489420520555,0.0520000000000002,0.0602417418511693,0.0672882458938562,0.0711170628714988,0.074082933870097,0.076472441747232,0.078,0.0764688915240207,0.0749241649689518,0.0756800181734473,0.0782631123662482,0.0815378169360249,0.0829999999999998,0.0839279127330033,0.0834400449326179,0.0830312236429284,0.084768994972193,0.0863389179113265,0.0889999999999999,0.0922547491419154,0.0968712864667347,0.1012644301448095,0.1021364747408418,0.1033086089523483,0.104,0.1039938472647561,0.1030964544345255,0.100467982817477,0.1000312404334248,0.0984084431912075,0.095,0.091094297947775,0.0851525219107341,0.0801691395334469,0.0745483387551071,0.0690923205539653,0.0649999999999998,0.0606360104546363,0.0585100319684141,0.0573715384295167,0.0597496297532323,0.067826974378718,0.077,0.0869783526104317,0.0961408064063681,0.1026859358199312,0.1080643280482245,0.1129942572360577,0.1179999999999999,0.1215912977510782,0.122507756923071,0.120121259658923,0.1144574332206753,0.1076365917638696,0.1010000000000001,0.0943638973896594,0.0875701334379455,0.0814118164392512,0.0757195030760247,0.0697639481234615,0.063,0.0561527512847296,0.051345598521574,0.0487319481105017,0.0502115649822113,0.0549468788193965,0.059,0.0639041360118923,0.0690637625476763,0.0742992151969078,0.0802796539756624,0.0849336631081726,0.091,0.0963263612882153,0.1005016101548307,0.1120499139855843,0.1285937887786674,0.1424110271738754,0.1520000000000001,0.1581212511047481,0.161397402622895,0.1625246250295741,0.1633368832310858,0.1642387694044352,0.1669999999999999,0.1713140672126445,0.1740558425283898,0.1763745374259722,0.1767900669337803,0.1759617169531062,0.1760000000000001,0.1721987287036168,0.166292080813196,0.1597328519053072,0.1498009434119146,0.1401392091295841,0.1290000000000004,0.1147525816903519,0.101861774074098,0.0897302124133498,0.0790625829901384,0.0702628151033173,0.0620000000000003,0.0560255847913768,0.0508629463935272,0.0470475226355129,0.0454052506027145,0.0437234601701302,0.0439999999999999,0.046362927373938,0.0505684773843975,0.0570014857057744,0.0637573637891473,0.0716551243324641,0.0789999999999997,0.0853976844439851,0.0948969490100387,0.1034113897479486,0.1020058183906254,0.0915968504378005,0.0799999999999998,0.0712516983616542,0.0664332412789075,0.0625552318622437,0.0586756251594534,0.0565838848409585,0.054,0.0544325796925491,0.0571228441259275,0.0605216186468854,0.0712610600957272,0.089399016568186,0.1219999999999999,0.1698996626274674,0.2205457358853132,0.2781217077035245,0.3541037145135506,0.4538178004145851,0.5749999999999997,0.7137586843610835,0.8605707580424554,1.0003301621469467,1.1143191142345517,1.169709363703762,1.1669999999999998,1.1085873067020788,0.9647572335861444,0.7596755977275931,0.5353546665600735,0.3178803921464728,0.1419999999999998,0.0244021376988829,-0.0264157945917604,-0.0385564270826837,-0.0470145995102518,-0.0490384929119304,-0.0509999999999998,-0.0500266671005077,-0.0459932261476233,-0.0460326187238177,-0.0422009450491444,-0.0409589034255313,-0.0349999999999999,-0.0258579597168714,-0.0334133074283433,-0.0417119642621843,-0.0418281601751507,-0.0435970661500115,-0.0480000000000001,-0.0546480578091074,-0.0608541862358684,-0.065677414777562,-0.0669889025783903,-0.0657508553606297,-0.0639999999999998,-0.0599420061275739,-0.0548109749744273,-0.046640296403602,-0.0378068089144856,-0.0319861296741594,-0.0279999999999998,-0.0270554079087811,-0.0259785179909282,-0.0232700992311072,-0.0189248324374117,-0.0128764714247148,-0.009,-0.0063519707854119,-0.0061676451416555,-0.0080108502490644,-0.00772823984493,-0.0082818457291315,-0.01,-0.0130224515442189,-0.0186424452023202,-0.0244282546817615,-0.0304578510545727,-0.0360177417804266,-0.0410000000000001,-0.0460769662932885,-0.0504001690771741,-0.05402295370588,-0.0549502965415128,-0.0537665084238748,-0.0529999999999999,-0.0515029688573656,-0.0484492218176916,-0.044882664656355,-0.0418130546683261,-0.0381021685028973,-0.0320000000000001,-0.0237020068319031,-0.0161246873306715,-0.0116950045352871,-0.0091030422220925,-0.0078470657580883,-0.0069999999999999,-0.0060224645042239,-0.0065753942273692,-0.0075123823775561,-0.0083952107338044,-0.0090146009610746,-0.008,-0.0055973929145824,-0.0027268419905769,-0.001688136514646,-0.0023056165831401,-0.0032115650981878,-0.0039999999999998,-0.0025933601659784,0.0010786177487417,0.0063474136630383,0.0123962408677095,0.0181846579237412,0.0249999999999998,0.0338770848329743,0.0457488667704958,0.0582792495845296,0.0669680254048123,0.0732196477982681,0.0789999999999998,0.083292007619718,0.086686625974364,0.0899642866627805,0.0934078208140559,0.0965154673321336,0.0979999999999999,0.098126664015922,0.0968633240857163,0.0945805692919924,0.0916674438911375,0.0869377833370965,0.082,0.0785639459005535,0.0759516705669362,0.0735455297549097,0.0709653596275092,0.0685128684603258,0.0660000000000001,0.0642055500803227,0.0633477220260311,0.0624869591866516,0.0615455468770206,0.059540622466448,0.058,0.057957599592255,0.0584341507452139,0.0603454771272743,0.0631069135170013,0.0653446476784254,0.0659999999999998,0.0659628326771408,0.0660606201593602,0.0661573594935512,0.0678090657042136,0.0691438965348717,0.0699999999999999,0.0724199741169745,0.0751574395108502,0.076762142961704,0.0771473623252115,0.0782483628448258,0.078,0.0754741463551885,0.073526381067607,0.0726638267576208,0.0733054170183799,0.0727426502478165,0.0719999999999999,0.0714506207764792,0.0683885459103793,0.0645920164029902,0.0580830997675783,0.0520252664140571,0.047,0.0435915401805681,0.0483834156452263,0.0492087213587957,0.0442369269092212,0.0428332628258843,0.0409999999999998,0.0407605717880924,0.041708966790077,0.0431128226490504,0.0461859192321564,0.0485391983326442,0.0529999999999999,0.0586927101721811,0.0668869420664865,0.076114227558873,0.0771828379608455,0.0702924409740478,0.062,0.056816565492091,0.0521935836640797,0.0470881985465484,0.0437859495041404,0.040288403318132,0.0380000000000001,0.0378741811159187,0.0391006002525459,0.0415135974848038,0.0439987950166011,0.0464385530503292,0.0480000000000001,0.0496173966370861,0.0513687525815551,0.0532571928526643,0.0561961449524129,0.0583360544244386,0.0599999999999999,0.0616887981406846,0.063323927124536,0.0647476439710401,0.0649941397597763,0.0650219346119874,0.065,0.0643019567004036,0.0621406960682239,0.0594078591096084,0.0570282670580177,0.054557246367674,0.0529999999999999,0.0513480056556151,0.0501418762145064,0.0496734515059792,0.0485531043924293,0.0478370516726433,0.0459999999999999,0.0441886121707985,0.0429512077050941,0.0405640262882357,0.0400891156861331,0.039800187703177,0.0390000000000001,0.0398460654649489,0.0404335529346102,0.042754794919919,0.0462479062109022,0.0484579727260789,0.0519999999999999,0.0562564276385174,0.0597488367440455,0.0622694341347193,0.0607032253285715,0.0546105804067743,0.0479999999999999,0.0415126189357887,0.033276683243372,0.026277468853302,0.0258055498221995,0.0328280350513976,0.043,0.0537401869199795,0.0649400230667375,0.0745267855642664,0.083817190159809,0.0925190293498211,0.0989999999999999,0.1064826943660823,0.1126861487795276,0.114814106555868,0.1122306116321952,0.1041537405495121,0.0949999999999999,0.0837741651825309,0.0690272152922595,0.0540605808298237,0.0389086295882864,0.0241200719345211,0.0109999999999998,0.0029035393241589,-0.0006598790953804,-0.0041402557215366,-0.0070232214327563,-0.0095203870976468,-0.012,-0.0138145327990546,-0.0136890831565366,-0.0118754776634174,-0.010426951481561,-0.0086711496299415,-0.0080000000000001,-0.0072955105732287,-0.0061016155453413,-0.0058054852534778,-0.0042431203519707,-0.0027382320190303,-0.0009999999999999,3.656663354609514e-05,-0.0001543391766024,0.0001955988253851,-0.0001533468343336,2.6654799584851688e-05,-0.0009999999999999,-0.0019159460395008,-0.0034892175382099,-0.0070222555026902,-0.0086872854122276,-0.0130473675775767,-0.0160000000000001,-0.0180922294032154,-0.0226504575597212,-0.0268479923051488,-0.0355189495564763,-0.0360555391978092,-0.0300000000000001,-0.0188419579758462,0.0142557918297031,0.0570480510209586,0.1112187004404839,0.1881173163560064,0.2869999999999998,0.4056918671151027,0.5377696288802267,0.6834171174433584,0.8256069907666593,0.9600095596840802,1.062,1.0964663600916484,1.0922284319080768,1.0218505907044904,0.8535024558400879,0.6351302470559594,0.3979999999999998,0.1829430201097338,0.019315827189035,-0.0878399633098512,-0.1378513253667547,-0.1618419732243255,-0.174,-0.1827319451943586,-0.1928710547268348,-0.1976287974721984,-0.208399105469824,-0.2208115245416622,-0.2199999999999999,-0.1922219077132213,-0.1419731365693166,-0.1047719636027671,-0.086861250209392,-0.0721718027323202,-0.0609999999999999,-0.0553444086970266,-0.0578023699692976,-0.0708560807182398,-0.0880756030933384,-0.1083577195605625,-0.127,-0.1319766027300535,-0.1337919505310173,-0.1391983902844608,-0.1417573773101534,-0.1430070178947161,-0.1389999999999999,-0.1328690657751881,-0.1288155292103146,-0.1245043936782981,-0.1222861261149617,-0.1192283356078619,-0.1159999999999996,-0.1136759095895473,-0.1096844115603289,-0.1055864870115213,-0.1010862922150863,-0.095962679619344,-0.0909999999999999,-0.0868368728675533,-0.0821335637892577,-0.0769473938032687,-0.071824679046805,-0.0658771831545254,-0.0619999999999998,-0.0601447811411833,-0.060829820521481,-0.0640184137384923,-0.0674776487550387,-0.0718593592910846,-0.075,-0.0781632453561959,-0.082421720860627,-0.0864021740452128,-0.0906468044579482,-0.0933344567957087,-0.0929999999999999,-0.0883336259801302,-0.081173391540327,-0.0728846752275734,-0.0653452556260144,-0.0597948097744416,-0.0519999999999999,-0.0451199834922587,-0.0389184247408472,-0.0322663873823143,-0.0288727953916229,-0.025183444635019,-0.022,-0.018838816522036,-0.0149875236856604,-0.0127075592126183,-0.009775344507704,-0.0076483734579972,-0.0049999999999999,-0.0022662914639665,-0.0010136354941772,0.0023011597315393,0.0068825433542888,0.0120679914204548,0.017,0.0225924980268499,0.0300600141453208,0.037162661342634,0.0430841283332507,0.0449688271929277,0.0429999999999999,0.0397394952723016,0.0361656546038622,0.033516566171153,0.0308193107423811,0.027239334972933,0.0239999999999999,0.0230012820772151,0.0233338651248393,0.026284908562264,0.032772709552009,0.0392410878012492,0.0449999999999999,0.0478024664871822,0.0490337805702168,0.0516313467640215,0.0538664966203866,0.0565753021375535,0.0589999999999999,0.0614697132080398,0.0635614762383505,0.064779183430464,0.0668227698529095,0.0683048320938766,0.0709999999999999,0.0736868516003394,0.0752265943730308,0.0768942965918387,0.0768461631931113,0.0771220486077196,0.0769999999999997,0.076106631860172,0.0754547947143521,0.0743783466384999,0.0736257022474796,0.0715144395896408,0.0699999999999999,0.0684960925348426,0.0663529359512921,0.0654379751444425,0.0627345296172311,0.0607718473004631,0.0589999999999997,0.0563173148265198,0.0549319269077187,0.0522485465968348,0.0503714855259526,0.0453874085666653,0.0349999999999999,0.0286032972230959,0.0261029210852611,0.0230719138246544,0.0196088912391608,0.0164117792469219,0.014,0.0142461356813932,0.0208435528414275,0.0314714586106833,0.0398620139466223,0.04485055719754,0.0489999999999999,0.0531886654416645,0.0572810842228693,0.0615953456369757,0.0654391746561977,0.0685816211927133,0.0709999999999999,0.0727013676777958,0.0738957785981478,0.07364642895388,0.0726257729629126,0.0717815237564069,0.07,0.0683190101189976,0.0657946710547786,0.0611439356615657,0.0578891640629466,0.05407458353372,0.05,0.0449533255785873,0.0326451714088093,0.0243998729255879,0.0238978546794082,0.0214080119565254,0.02,0.0184963446511694,0.0168123905028809,0.0178422447224748,0.0200930035278898,0.0236911343928794,0.0259999999999998,0.0284757418948806,0.0300121604428307,0.0304666316795064,0.0330917976977772,0.0340418439053931,0.0350000000000001,0.0359901932004946,0.0363964338287878,0.0376320254007935,0.036000694009692,0.0335702468355063,0.0309999999999998,0.0283851763084306,0.0262294863591514,0.0231742991425559,0.0214730064185835,0.019503120969418,0.0170000000000001,0.013820286972748,0.0100069869941381,0.0077396842958224,0.0045490781456171,0.0015466056674766,-1.0105496686365867e-16,-0.0008646403466918,-0.0020549197992881,-0.0045731815411747,-0.0070524634363933,-0.0108193092582709,-0.014,-0.0190975103472032,-0.0302458306359482,-0.0359238956152681,-0.0292580619913605,-0.0191775269834873,-0.0119999999999999,-0.0060789320058149,-0.0014529345644584,0.0023407683338166,0.0066457825818821,0.0094630358000809,0.0119999999999999,0.0138227513054621,0.0150184739081697,0.0177105390943108,0.0195940825593995,0.0214767303031333,0.0239999999999999,0.025746553037376,0.0267341801607608,0.0274691670638012,0.0282041438765754,0.0278973206323433,0.028,0.0288367299742989,0.0296909380236005,0.030169793696068,0.0298982325566703,0.0300349395483606,0.0299999999999998,0.0307545884834932,0.0317165790914531,0.0328153754227365,0.0345102555959423,0.0336515509991063,0.0319999999999999,0.0296673688682986,0.026286311286426,0.0227710177843477,0.018140443682813,0.0142259384433292,0.009,0.0030409880196157,-0.0023814341545,-0.0091716256588725,-0.0153259771374227,-0.0211985960633534,-0.0269999999999999,-0.0328300106226105,-0.0381818925562154,-0.0428503430195877,-0.047976495507904,-0.0516333890118263,-0.0550000000000001,-0.0576282478754299,-0.0598035238287342,-0.0627025121911181,-0.0648591319991902,-0.0675146981280331,-0.0689999999999998,-0.0705460643275583,-0.0724818995918756,-0.0741642815709015,-0.0771088490833165,-0.0780920163377788,-0.0800000000000001,-0.082706338653484,-0.0840994813206583,-0.0866065757695901,-0.0888532923906162,-0.0916571976949634,-0.0959999999999999,-0.1034464770896725,-0.1088436242824471,-0.1079012158443234,-0.1039552373303402,-0.0929428126376845,-0.0679999999999999,-0.0189131829153617,0.0535830528288993,0.14682648613339,0.2649243659464622,0.403435204577952,0.5649999999999998,0.7378835887092011,0.9039949647078126,1.043780562866817,1.1257163127887109,1.136801334157203,1.059,0.8942699767158733,0.6638032848968999,0.3964202419449326,0.1503129770261359,-0.0565592839562746,-0.1909999999999999,-0.2307511841808763,-0.2362909040591425,-0.2134860882806956,-0.1720623630566159,-0.1551951873485168,-0.1459999999999999,-0.1450119482877726,-0.1574739367722548,-0.1675291739868107,-0.17670097226425,-0.1843495794048436,-0.191,-0.1949246781180448,-0.1938721910790581,-0.1913703224941018,-0.1871518373685622,-0.1834230305386477,-0.1809999999999999,-0.178398288097824,-0.1771843866846091,-0.1763543100220443,-0.1739069128786944,-0.1715813732354551,-0.1689999999999999,-0.165671581546807,-0.1618974923665226,-0.1571797605965235,-0.1538072210882174,-0.1501901593477499,-0.1469999999999998,-0.1447171914424129,-0.1405596715859439,-0.1368426530629737,-0.1315933579402589,-0.1260847485406837,-0.1219999999999999,-0.1183367361179105,-0.1179066729383506,-0.1178961147851734,-0.118241303450955,-0.1177175009575215,-0.1169999999999998,-0.11798913189032,-0.1184606780160875,-0.1235374588441202,-0.1233015039393828,-0.1143141097149682
-0.11,-0.1067912996980189,-0.1036685611862702,-0.1019916273875706,-0.1006950371315084,-0.1011320764315473,-0.1020000000000001,-0.1044466073620862,-0.1069759749405631,-0.1096284508949761,-0.1120481104662787,-0.1189500330048673,-0.1259999999999999,-0.1169249671875312,-0.1048167025086471,-0.0977222397363646,-0.0879675739954669,-0.0793375047756217,-0.0700000000000002,-0.0629148798306918,-0.0582041252809913,-0.0533172953965534,-0.0512679362888731,-0.0468145371464231,-0.041,-0.0353415729265361,-0.0285225663450735,-0.0222219323361855,-0.0150911894169278,-0.0088864371213601,-0.003,0.003723620509153,0.0097593803424544,0.0151576475802549,0.0197557337988363,0.0237342289518436,0.027,0.0303349143254039,0.03355349124874,0.0377804145251947,0.0429609515956871,0.0466720187706901,0.05,0.0518044766662828,0.0531830608546575,0.0548529837196848,0.0550633775222206,0.0563251207669999,0.0569999999999998,0.0569131236430288,0.0571892221546178,0.0567169605572486,0.0574432442635588,0.0580076858250116,0.0579999999999999,0.0581058826567671,0.0572756444248208,0.0569044658661153,0.0570375011016266,0.0569864067988156,0.0569999999999998,0.0570255738904038,0.0568968166848439,0.0574704214032089,0.0581373331614798,0.0580154986873302,0.059,0.0599230122274748,0.0605241519033514,0.0616582538329297,0.0621969450538235,0.0632475208767984,0.0640000000000001,0.0647372025152607,0.065868352602039,0.0661681460851097,0.067981691149012,0.0703829475086948,0.072,0.0744752898688011,0.0765750898757732,0.0774317185674638,0.0785697238734845,0.0803590794022483,0.0819999999999999,0.0836937201317039,0.0848159981918144,0.0851368663423566,0.0845844449670631,0.0825651895077656,0.0809999999999998,0.0794268484785269,0.0774615193258378,0.0765571738913911,0.0754578093510441,0.0735541117726163,0.0710000000000001,0.0692244410212401,0.067848208086165,0.0657568064061441,0.0647048401794993,0.063787653291027,0.063,0.0615370670924205,0.0587713815997331,0.0571601727545068,0.0549392706906743,0.0526577777152387,0.0510000000000001,0.0484463957211909,0.0466708279587241,0.044630440104806,0.0419443086100439,0.0395520330178715,0.0379999999999999,0.0372583681429001,0.0355947562797257,0.0344929801923457,0.0334201068743498,0.0317258512917366,0.0310000000000001,0.0301817278741426,0.0293602246325768,0.0283795925192935,0.0279971938164431,0.02788033950706,0.027,0.0270576623097842,0.0258280096669843,0.0242443583708445,0.0236567378434209,0.0215232068223769,0.0199999999999999,0.01845964878488,0.0164080624757746,0.0156228593734132,0.0143801691208529,0.0126582634639217,0.011,0.0100768490363181,0.0095177396158356,0.0079729079351309,0.0065208585754349,0.0059194478034599,0.0049999999999998,0.0025303974112543,0.0001228700440396,-0.0035848522665752,-0.0091281115534915,-0.0125163782326461,-0.0150000000000006,-0.0153599047389624,-0.0134056384126213,-0.0126662539551318,-0.0114277005268214,-0.0110692650781156,-0.0109999999999998,-0.0100434026386508,-0.0101316086386088,-0.009461130569103,-0.0088079359603251,-0.0076542540587777,-0.0059999999999998,-0.0045067538083585,-0.0017233479251114,-0.0005929767572196,0.0009047988623518,0.0033324443670342,0.0039999999999998,0.0056247948668555,0.0068443583634959,0.0073911073035816,0.0083534589222132,0.009240624681432,0.011,0.0126398546425889,0.0149099033483268,0.0174961579946783,0.0202223441495609,0.0236275424458183,0.0259999999999999,0.0284885936638166,0.0305103710676855,0.0318450513348237,0.0337844623579838,0.0352387963357833,0.036,0.0352595594953124,0.0342458577849061,0.0333189639689796,0.030929839114596,0.028597854561128,0.027,0.0261614325454727,0.0248602787027075,0.0225877287639139,0.0196367024806014,0.0149943911293605,0.0099999999999999,0.003558812651834,-0.0042164902399423,-0.0109265334867388,-0.0177853715521637,-0.0242344200984037,-0.0309999999999999,-0.0386024576949635,-0.045244899834697,-0.0525105685665663,-0.0597265678595412,-0.0664617671106315,-0.0749999999999998,-0.082170801842673,-0.0839329352987965,-0.0798845392154737,-0.0712151978193008,-0.0624142755202339,-0.0549999999999999,-0.0466672296253441,-0.0392040774622083,-0.0347299318059913,-0.034449183516236,-0.0378410480860479,-0.0430000000000001,-0.0497041746633179,-0.0556087947558337,-0.0625237015824204,-0.0716321639814767,-0.079474806411957,-0.0869999999999997,-0.0951190342087666,-0.1053667381625576,-0.1115272468509996,-0.1075732910564519,-0.0986924574936221,-0.078,-0.0428777958054331,-0.0011610309098986,0.0509237100356843,0.1202479606743005,0.2138805611013791,0.3329999999999999,0.4736139797464723,0.6308473552020545,0.7930336551920706,0.9405354831959968,1.0469151408607509,1.092,1.0567682789725208,0.9348353954366236,0.741263301774602,0.5010075517480733,0.2610913639762732,0.0539999999999999,-0.0925461828308122,-0.1509165885356624,-0.1648836171455912,-0.1759483509886398,-0.1806865213803314,-0.186,-0.1897581447720786,-0.1914910429083568,-0.1957467682653369,-0.2018267790292613,-0.2090194512845077,-0.2069999999999998,-0.1980140700473167,-0.1858218794555212,-0.1674954774196659,-0.1485622175720119,-0.1306367834851481,-0.1189999999999999,-0.1154572521304228,-0.1129271817939586,-0.1109882060578194,-0.1091668500646556,-0.1081158479739958,-0.1129999999999999,-0.1229956312408545,-0.1319372870153183,-0.1398114856379131,-0.1482809529465476,-0.1536400407179706,-0.153,-0.1466184586861587,-0.1387567980285163,-0.1322811895907859,-0.1270243103767674,-0.1218667589519622,-0.1160000000000001,-0.1124653283165851,-0.1099763683843744,-0.1083766436647298,-0.1097221116052013,-0.1113401030358097,-0.1139999999999999,-0.1166081415339736,-0.1192055361465127,-0.1241502286424623,-0.1285557817146769,-0.1314196305957508,-0.1309999999999999,-0.1255411935271395,-0.1172627041785546,-0.1097486018158886,-0.1033156018714111,-0.0954073879429126,-0.0899999999999999,-0.08969315923726,-0.091852409075761,-0.0946601385862431,-0.0967419057624363,-0.0982404767403607,-0.0989999999999998,-0.1005436184428573,-0.102553008541988,-0.1034945636571766,-0.10420805310958,-0.1039003145459884,-0.1039999999999999,-0.1034178583967428,-0.1009670008607771,-0.0983493421184191,-0.0941997341987589,-0.0902381449479562,-0.0839999999999999,-0.0724619027786574,-0.0607244882807359,-0.0476114543491391,-0.0288826158202326,-0.0079967433615046,0.0089999999999998,0.022453514414315,0.0343068043749981,0.0421117088270966,0.0465484720287734,0.0494985081617848,0.0520000000000001,0.0553146580239913,0.0586242244444134,0.0623661631600627,0.0667428170135264,0.0707963450242623,0.0749999999999998,0.0792168444494743,0.0831836810334355,0.0880415873749979,0.0926334585861518,0.0954691572815397,0.097,0.0956104924936547,0.092341220323043,0.0886966983437696,0.0843123001099095,0.081581712778061,0.079,0.0763090888908772,0.0749315033079473,0.0719990421519954,0.0689394186108524,0.0664530703835547,0.064,0.0638346425302869,0.0646577357495896,0.0657934394151565,0.0679406691954798,0.0705765241774453,0.0740000000000001,0.0774434440138322,0.0799269695226484,0.0831710064634191,0.0880348965936266,0.0929782088714616,0.098,0.1022850292440731,0.1060833824966353,0.1112694389984822,0.1181845330464229,0.1312106955348798,0.1479999999999998,0.1586759394870852,0.1645388049381355,0.1714652674041967,0.181105490004796,0.1907389432145576,0.1990000000000001,0.2091041540443417,0.2156602119494287,0.214957855274713,0.2110291915049887,0.2015219666076226,0.187,0.1753644259748781,0.1718657339735585,0.1720100703703655,0.1700836117467432,0.1688872213336801,0.168,0.1670576036445626,0.1665386129168913,0.1652659060591614,0.1647444303351403,0.162433114749818,0.161,0.1588898995867194,0.155320602930791,0.1525330350195886,0.129989807281225,0.1007122259366702,0.0939999999999999,0.0919698454707203,0.0883068365921242,0.0873983186674193,0.0854168632656503,0.0878609943578267,0.0930000000000001,0.0996860730339796,0.1047061285286457,0.1088288861255294,0.1155769055776225,0.118123909863691,0.1179999999999999,0.1150363273598175,0.1102591851566709,0.1070118707695632,0.1017385273556509,0.0971115181681818,0.0899999999999999,0.0804586846979408,0.0747978997292437,0.0700570397480502,0.0649938713702538,0.0600655285845003,0.0569999999999999,0.0568358297193194,0.0581512734175744,0.0604358991034092,0.0632089950546347,0.0666898926132089,0.07,0.0749040808933345,0.0792414008360783,0.0806473953478129,0.0806861216845861,0.0770793068518528,0.0729999999999999,0.0662236028375565,0.0537566523105965,0.043062588882134,0.0349096995457297,0.0291305071410071,0.027,0.0297837538186077,0.036551223212671,0.0420493189205285,0.0470783486891499,0.0518822795116966,0.056,0.0580805926077905,0.0567197502133104,0.0548590562892067,0.0512427327420639,0.0457697121365345,0.037,0.025088980362706,0.0165402557207431,0.0105065429384987,0.0074106146160218,0.0098347433857403,0.0159999999999998,0.0258078374739561,0.0359476262555796,0.0424318333545322,0.0464749525933943,0.0495128317692016,0.051,0.0503656681521346,0.048063943099353,0.0454769268166945,0.0429800785444285,0.0405967431183861,0.0399999999999999,0.0429567956657693,0.0490990499773252,0.0571033339189707,0.0697334699484299,0.0847994902630646,0.0959999999999999,0.1039839815757617,0.1059960177182079,0.1026769198162327,0.0947495186488582,0.0751951400105768,0.0489999999999999,0.0250295919069714,0.008801721055844,0.0010406492643511,-0.0036611832376581,-0.0064787580060026,-0.0089999999999998,-0.0100040878391342,-0.0108330007580692,-0.0138806288357755,-0.0154752760452001,-0.0174925968253849,-0.0189999999999999,-0.019672309368101,-0.0214842784762825,-0.022717981871164,-0.0251196687740331,-0.0273874462520434,-0.031,-0.0385369288751081,-0.0439603366689267,-0.0467750767896616,-0.0526189124010042,-0.0543739832099277,-0.0439999999999999,-0.0290942546004151,-0.013109621353475,0.0003976485581355,0.0097033633006966,0.0199735884828633,0.028,0.0398109745208302,0.0552450419025248,0.0657772719165979,0.0740704464239369,0.0784972848077313,0.0779999999999999,0.0688571023921502,0.0538904307564295,0.0389751765599142,0.0250364697604794,0.0180071256760799,0.0139999999999999,0.0185351852588722,0.0341060587042302,0.062554993641032,0.1165626449082355,0.1936154737852976,0.305,0.447142342605136,0.611872104818196,0.7972309842274006,0.9754327404797528,1.1318910906862023,1.221,1.2308850703549747,1.1852194004561576,1.0359927346494064,0.7974936909678413,0.5266066444503379,0.259,0.0411766910214088,-0.1110140755522168,-0.1766689788810183,-0.18678314435224,-0.178530255918926,-0.1309999999999999,-0.0850222399472876,-0.0686433084663443,-0.0608008918492489,-0.0591268942005371,-0.0650770235582769,-0.0819999999999999,-0.0984762572717072,-0.1105143112900852,-0.1200655467459781,-0.1247639934543698,-0.129801712303976,-0.129,-0.1254832106583306,-0.1221890014966789,-0.1169025933600426,-0.1139882997130735,-0.1101246604633082,-0.1069999999999999,-0.1052535940402963,-0.1055869175143906,-0.1096605858179658,-0.1133498967095763,-0.1166394272903756,-0.1200000000000001,-0.1257499987278841,-0.1300470355056524,-0.1284978865854232,-0.1238694562460275,-0.1178822622746874,-0.1140000000000001,-0.1107114154876758,-0.1077725699331281,-0.1056521186072931,-0.1031759208659583,-0.1031612020784539,-0.1040000000000001,-0.1056091922070507,-0.1069028081304529,-0.1073298929638911,-0.1082685825591638,-0.1079418269983888,-0.1090000000000001,-0.1099887885211947,-0.1104177301799051,-0.1117720340678996,-0.1121070424678961,-0.1132935863354189,-0.1139999999999999,-0.1147097065970048,-0.115882347148989,-0.1162427688421601,-0.117577523037877,-0.1179717169149821,-0.1179999999999998,-0.1173336219762485,-0.1159901439839497,-0.1162545309572355,-0.1155432803421729,-0.1150174441950163,-0.1149999999999999,-0.1141330235993906,-0.1134930676548645,-0.1119389523270848,-0.1106205830194535,-0.1097610971968934,-0.1079999999999998,-0.1062910372757344,-0.1048248595426503,-0.1016771920274354,-0.0923621415886931,-0.0781290209743034,-0.0649999999999999,-0.0510063611646974,-0.0371855613107154,-0.0274250982134506,-0.0160609303743167,-0.0052721451373763,0.0009999999999999,0.0069652697442569,0.0108928450468624,0.0139758615313649,0.0169304173570615,0.0183327558942821,0.0210000000000002,0.0227880319309311,0.0242300281650188,0.0257667122278873,0.026178581671467,0.0272167939385107,0.028,0.0296255229521832,0.0308521920230331,0.0314315482710823,0.0320184193733513,0.0307550702122694,0.0309999999999999,0.0304706411501634,0.0282958713271323,0.0278001519615752,0.0261649458599479,0.0248849464879305,0.024,0.0215241480404647,0.0190135802894078,0.0166252994313824,0.0162152703704545,0.0186646012605178,0.0229999999999998,0.0280692780614067,0.0323510947893663,0.0367861125340811,0.0422073571191016,0.0467243047098735,0.049,0.04929584006173,0.0462022750057977,0.0403669746013929,0.0350670969665351,0.0313956818699852,0.0289999999999999,0.0265350826602853,0.0239628888220928,0.021497782332312,0.01916371745438,0.0177421080338698,0.0159999999999997,0.0142269334544813,0.0133554204968477,0.0121988577817884,0.0100172237284358,0.0075624259408669,0.006,0.0050988590546832,0.0049401948349896,0.0049997013450628,0.0051734049014818,0.0062295443143171,0.0069999999999998,0.0077888100398043,0.008737159729805,0.0094228040241866,0.0103995831474906,0.0111259600226677,0.012,0.012916905436804,0.0130154960452632,0.0132567198767649,0.0146923936200136,0.0162384450723171,0.0169999999999999,0.0178135935390298,0.0187094785162817,0.0192064133112311,0.0187565314924531,0.019332007837686,0.0219999999999999,0.0245105315271823,0.0267551634547032,0.0258313569579731,0.0205923666006659,0.0134100988101719,0.0050000000000001,-0.0017242805307775,-0.0092761953155013,-0.0181616794747322,-0.0240380224388402,-0.0289785682373392,-0.0330000000000002,-0.036982265734472,-0.0421988282026795,-0.0462291138649801,-0.0487180205700997,-0.0473135703307194,-0.042,-0.036067597901915,-0.0314472904469162,-0.0277267049070653,-0.0231119920622721,-0.0193625632816716,-0.0159999999999999,-0.0131796767709849,-0.0134755018691292,-0.0148103526405018,-0.0171762285997417,-0.0206865157503172,-0.0239999999999998,-0.0280972404623377,-0.0328140805555077,-0.0388106345026521,-0.0457573215934184,-0.0523016080458175,-0.059,-0.0656463114596044,-0.0728445089716892,-0.0807000613630733,-0.0875664011059421,-0.0929633895111406,-0.0970000000000003,-0.1003690696740791,-0.1031743428148917,-0.1050240541810329,-0.1066699401030447,-0.1083303665948853,-0.1099999999999999,-0.1109881320744621,-0.1104974048707187,-0.1088720887874558,-0.1052674215265179,-0.0998517818846015,-0.0939999999999999,-0.0881778348745045,-0.0815649253793898,-0.071389662018811,-0.0592460425330997,-0.0491771007240674,-0.0410000000000002,-0.0349284298713252,-0.0306727424084101,-0.0264240637585194,-0.0225594945686914,-0.0193818922279574,-0.016,-0.0118455875714906,-0.0080931084123332,-0.0055732361146818,-0.0027812068553636,0.0008147526354106,0.0069999999999998,0.0176597640716359,0.0284761623433566,0.0367136442568603,0.0434768217707323,0.047615564564821,0.05,0.0497885545103063,0.0430601626515859,0.0327567581297458,0.0233764431836385,0.0140947219526501,0.0050000000000001,-0.0018744714502172,-0.0071314346913211,-0.0113471039876471,-0.0137935770883104,-0.0152388378868928,-0.0159999999999999,-0.0167687187900753,-0.0178313990201739,-0.0179720979304997,-0.0182167098973009,-0.0192036316755847,-0.02,-0.0208041310468145,-0.021734939810745,-0.0223623368900843,-0.0236563860638597,-0.0252302465652453,-0.0259999999999999,-0.0276787570907253,-0.0282814675003683,-0.0280080429453973,-0.0298691215813952,-0.0311936626783677,-0.033,-0.0355208766465449,-0.0391463683064496,-0.0475230856695928,-0.0559545069626082,-0.0607258816444133,-0.0639999999999999,-0.0695760225964029,-0.0755514495798778,-0.0732500698548479,-0.0585834833011655,-0.0318605655224125,0.0039999999999999,0.0543098809887048,0.1272395877653663,0.2240109893131212,0.3451405699948144,0.4852907356602417,0.64,0.8024846290401562,0.960089373900291,1.078264964946375,1.1216878952618212,1.1053405725099172,1.0159999999999998,0.8295092034332223,0.5896663975475753,0.3403403290699702,0.1271480475981036,-0.0222288905762803,-0.1149999999999999,-0.151814853239257,-0.1653965705138167,-0.173003006091718,-0.1664591727008983,-0.1600073637368244,-0.1540000000000002,-0.1486445659280023,-0.1454088495151952,-0.1429692371237105,-0.145324485051036,-0.1487504149708033,-0.154,-0.1590298809972509,-0.1652152625429431,-0.1695257458647711,-0.1616424744770299,-0.1513114521413362,-0.145,-0.1406596459868555,-0.1373945152577524,-0.1342076966825998,-0.1322175629391167,-0.1293950541819072,-0.1269999999999999,-0.1238021027557516,-0.1205944170999855,-0.1189571428995779,-0.1155539203920275,-0.1138936026628162,-0.113,-0.1112232957014171,-0.1103676201522954,-0.1094479188611336,-0.1085717682383694,-0.1065473650030643,-0.1049999999999998,-0.1034465096982888,-0.1014716287334225,-0.1002235667997812,-0.0981441678838542,-0.0967670852247358,-0.0949999999999999,-0.0939824557735824,-0.0936496838503486,-0.0921102603537791,-0.092057285747319,-0.0905006970786512,-0.0879999999999998,-0.0814731798654443,-0.0671648092586405,-0.056926973833295,-0.0521710983933397,-0.0470579024149958,-0.0449999999999999,-0.0479251762838257,-0.0542340607837732,-0.0607839175640065,-0.0659651481601446,-0.0710647801701988,-0.0759999999999999,-0.0780486197509995,-0.0765249682257807,-0.0715520317538637,-0.0638873902729473,-0.0581344613447534,-0.0549999999999999,-0.0524719491691339,-0.0500545789617747,-0.0474299947805188,-0.0450660442848406,-0.042458560650945,-0.04,-0.0375545744742879,-0.0348639830456204,-0.0329532040869277,-0.0313474199469059,-0.0296577839508813,-0.0279999999999998,-0.0263994567677585,-0.0240100617072508,-0.0218624733155465,-0.0202392772119005,-0.0174115049901183,-0.015,-0.0111205199854654,-0.0056388611413835,-0.0018816173986007,0.0036803309793317,0.0115453926071968,0.018,0.0223452079102705,0.0251119303439763,0.0273644783636234,0.0302912191030298,0.0336058406678961,0.036,0.0384760288922865,0.0405905411509361,0.0414340942901473,0.0424263936064999,0.0430617462790601,0.0430000000000001,0.0422113425094234,0.0413033649835017,0.0402589699529562,0.0380050679768554,0.0354587576992922,0.032,0.0285224987615634,0.0260906010862964,0.0232824111292481,0.0215380555396231,0.0208011977721587,0.0189999999999999,0.0172079014620612,0.0164055866734035,0.0150795046269118,0.0133256074966223,0.0116390385927279,0.0099999999999999,0.0091930183214404,0.0077445709512807,0.0060306801855085,0.0040619746981506,0.0016290423530652,0.0009999999999998,0.000210244236639,-0.0002165707301531,0.0001643390980047,2.5800434965996523e-05,0.0013590633150668,0.0029999999999999,0.0053869916038199,0.0081671922515388,0.0103296575413849,0.013126647971171,0.015446141443897,0.0179999999999999,0.0197692312315533,0.0212351503750081,0.022762335288593,0.0233058200966082,0.0255048959674561,0.0269999999999997,0.0292079008496121,0.0330317263369478,0.0352018521713238,0.0384841857479666,0.0415183648873497,0.045,0.0493445799405576,0.0524303227252133,0.0566999576693759,0.060220336202964,0.0638628935925057,0.0679999999999998,0.0712295891166107,0.0753955242660439,0.0796781179071752,0.0880826062015713,0.0988949826811327,0.1049999999999996,0.1083857146127795,0.1115180906495426,0.1155607976112792,0.1192603554708623,0.1213242925118816,0.1209999999999996,0.1140189113509842,0.1045475336369786,0.0996455418257049,0.0968048044359546,0.0932847185238157,0.0900000000000001,0.0867013417411496,0.0832671829537787,0.0800996707404297,0.0765257205769368,0.0735408808205464,0.0719999999999996,0.0703457616776714,0.069096889766523,0.0690483209180606,0.0689087853541034,0.069121019566344,0.0699999999999997,0.0708214600339801,0.0717197894709989,0.0723729472913999,0.0736441111804959,0.0752493871432029,0.0759999999999999,0.0768617158341745,0.0771065025961446,0.0769309797986914,0.0770970018653693,0.0785131225734023,0.082,0.080468423796091,0.070583634425857,0.059957957946591,0.0519706102954698,0.0445789996878843,0.0389999999999998,0.0356471639071551,0.0322756042577749,0.029196914714168,0.0251122606385888,0.0201161324089068,0.0179999999999998,0.0221499974332872,0.0337854919940402,0.0460909563544938,0.0581520216226527,0.0713620021254046,0.0789999999999999,0.083927372673404,0.0890761537105015,0.0942984563664192,0.1000080227830367,0.1005453755394518,0.0949999999999998,0.0858542577269828,0.0780755670512234,0.0731225011625016,0.0680325336798731,0.0643161168741956
0.0599999999999999,0.055701789130792,0.0518678817028764,0.0475113945611513,0.0452613019272702,0.0422210176039308,0.0379999999999999,0.0324598907424884,0.0244668110657244,0.015350177524715,0.004760503100975,-0.0031992120035474,-0.007,-0.008726535945086,-0.0107134608765848,-0.0138540099936122,-0.0155066081367866,-0.0175219902637306,-0.0200000000000001,-0.0216923976507319,-0.0228575185578491,-0.0232383051320818,-0.024747160101726,-0.026199412823114,-0.0269999999999998,-0.0278542675094691,-0.0286263109119464,-0.0295348693018011,-0.0303382939074764,-0.0310875281923275,-0.031,-0.0317287812987346,-0.0327943333554906,-0.0334298447081775,-0.0341838597550607,-0.0340020256404307,-0.035,-0.035129614998231,-0.0353067120876643,-0.0368277258729017,-0.0372391177252292,-0.0394994856112573,-0.0399999999999999,-0.0418090460725717,-0.0481515552523616,-0.0461001903673372,-0.0298688728766648,0.0001321047031169,0.0450000000000001,0.1086904216152395,0.1934419243219717,0.2987148729975141,0.4243940300894071,0.5635220117562985,0.709,0.8538842682954669,0.986095654742578,1.0757065353919204,1.105485208637312,1.082208921023422,0.979,0.7911786803099302,0.5577023540880574,0.3140563970462889,0.1035394431612363,-0.05962806505934,-0.1609999999999999,-0.1957860052191678,-0.2091008120796485,-0.2062738947963583,-0.1874916256368056,-0.1747823900987673,-0.1609999999999999,-0.1493079155075793,-0.1444679507766769,-0.1411932447297124,-0.1392139539251255,-0.1363963324116024,-0.1339999999999999,-0.1322485550206698,-0.1314208885552544,-0.1296615485972453,-0.1272914533614742,-0.1269556120080648,-0.1259999999999999,-0.1258802455812401,-0.1261168776881898,-0.1261817768106524,-0.1276785537818974,-0.1293873990411495,-0.132,-0.1345358642631181,-0.1370193223355057,-0.1391101113832476,-0.1407936653430532,-0.1435625635399683,-0.1459999999999999,-0.1492590132934806,-0.1526474114677243,-0.1569120613480069,-0.1637364355772893,-0.1671994117133375,-0.1649999999999997,-0.1579127157760553,-0.1482387007381523,-0.1412225584795614,-0.1357490870970501,-0.1298663924437198,-0.1249999999999997,-0.1208264399051717,-0.1166827280014015,-0.112449575086878,-0.1085210128379574,-0.1054410960429965,-0.1029999999999997,-0.101295268564098,-0.0997035772715316,-0.0980047566809472,-0.0961567702825172,-0.0934760513686924,-0.0919999999999998,-0.0912894657666642,-0.0895929733664391,-0.0882063526449117,-0.0858129160055524,-0.0823078737828966,-0.0789999999999999,-0.0756475412418631,-0.0723992722803607,-0.0688622471851468,-0.0659704829363915,-0.0634695704124303,-0.0609999999999999,-0.0593571277200756,-0.0571092181367865,-0.0544205473741837,-0.0520556871278962,-0.0494622585676678,-0.047,-0.0453146507959379,-0.0432533040061585,-0.0399048462815367,-0.0369297955097962,-0.0345145090571813,-0.0320000000000001,-0.0294590308670481,-0.0275591721009325,-0.0260605850274402,-0.0244594087997455,-0.0238777518335366,-0.022,-0.0201279105458568,-0.0191085588537528,-0.0161224516519341,-0.0141813166860484,-0.0050418924226833,0.0140000000000002,0.0266544919470686,0.032072189849165,0.0367256012481026,0.0403647308119728,0.0436048775754674,0.0459999999999999,0.0477262396889665,0.0487677234279643,0.0491786833253034,0.0486700875530554,0.0478926781611809,0.047,0.0444950452014982,0.0426094473391897,0.0406748566326377,0.0378878106679329,0.0339158339211151,0.0270000000000001,0.025229307756239,0.0307363944321562,0.0356843742626297,0.0394957257593373,0.0424981617780887,0.0450000000000001,0.0476502451741377,0.0487316736559891,0.0495606263107989,0.0500398584687663,0.0501333842424838,0.052,0.0537690513378987,0.0551542502024511,0.057270316619467,0.0581178024889285,0.0579808245125487,0.058,0.0579707163140743,0.0584876050908476,0.0600099106281014,0.0614780855085475,0.0621101352457636,0.0630000000000001,0.0638834279152681,0.0645532923383248,0.0658878478730963,0.067902206381777,0.0704981148573861,0.0719999999999999,0.0720847376312442,0.0710053602959291,0.0680532310290257,0.0646641225150234,0.0613691060705026,0.059,0.0567190335126103,0.0525386259544328,0.0495436614660505,0.0489822208515479,0.0505667224583739,0.0550000000000001,0.0593292735453687,0.0625678632037349,0.066213640302914,0.0688031631943172,0.0703619696437783,0.073,0.0755967061727811,0.0777566352813456,0.0813935516495584,0.0855711865586997,0.0884956503972284,0.091,0.0935968457454169,0.0952537682345705,0.097737295370723,0.1014493279810589,0.1047151568819312,0.1099999999999999,0.1160929419324707,0.1193763461758806,0.1203652659998598,0.1194215569931928,0.1176554841800506,0.1159999999999998,0.1143252415354923,0.1126853618766838,0.1109768220975316,0.1093520583470119,0.1076584542455461,0.1059999999999999,0.1043245806625898,0.1027338392611678,0.1006014160241977,0.0979908843497319,0.0953871968274091,0.0909999999999999,0.0859158122954041,0.0815845484506544,0.0778898050377082,0.0746093300654379,0.0699657475865895,0.0649999999999999,0.0608091128033191,0.0567140068809367,0.0523710677704707,0.048772775678849,0.0465691701414073,0.0439999999999999,0.0422141500260615,0.0408735795185701,0.0385025558487774,0.0359771738779975,0.033593691032617,0.0319999999999999,0.0295164029059027,0.0279703580021989,0.0278481565356983,0.026380867828495,0.0260073283633964,0.025,0.0231929708632465,0.0224172305321708,0.0213589041278844,0.0208088525935017,0.0197417474661061,0.0189999999999999,0.0183047627299696,0.0166120300006176,0.0150729701356662,0.013381530468693,0.0130773713302663,0.0139999999999998,0.0163465631747334,0.0196567060327913,0.0234976222005298,0.0299691250796057,0.0405682619492293,0.0549999999999999,0.0633810143824734,0.0661576289457456,0.0710839723830597,0.0735973324780298,0.0755048646115373,0.077,0.0754840295675771,0.0721668330018487,0.0662948766383463,0.0611072463086325,0.0558257610852846,0.05,0.044298076585068,0.0375922548920914,0.0311403561861518,0.02418621172368,0.0177581058620591,0.0109999999999999,0.0049263125156679,0.0002813273666708,-0.0056976702474191,-0.0109506857858208,-0.0160707282722506,-0.021,-0.0252272372643113,-0.0282833570083137,-0.0302426237453382,-0.0330747555106164,-0.0340680789338899,-0.0349999999999998,-0.0359016431416601,-0.0371064869447113,-0.0386452407321947,-0.0375047273860796,-0.0382783954945601,-0.038,-0.037703136219612,-0.0385725395803687,-0.0370152345771383,-0.037145268331462,-0.0355314142880075,-0.035,-0.0345477926429055,-0.0321605636935602,-0.031626056554216,-0.0289000203352177,-0.0292467027246987,-0.0269999999999998,-0.0239108867409785,-0.0232553560562569,-0.0172664853110961,-0.0150571498591878,0.0064714270920671,0.0659999999999999,0.1547981005862776,0.2706106425501591,0.4089863347648814,0.5728192871802285,0.7426917776842641,0.9129999999999998,1.060928354642223,1.1341939735362596,1.1502618047194153,1.099119791629464,0.9487840777744124,0.7249999999999996,0.4694957492199698,0.2280813683578306,0.026401013153346,-0.0968956833296925,-0.1457038242588365,-0.166,-0.1545023251170757,-0.136195018810208,-0.1247537487989593,-0.1123248418111069,-0.1169729188331226,-0.1250000000000002,-0.1348708927990247,-0.1516049567686442,-0.1674427813144096,-0.1826043737087297,-0.1911987627867072,-0.196,-0.2000523026845544,-0.2048048422824905,-0.2005801411090923,-0.1864273996022512,-0.1775321649192587,-0.1689999999999999,-0.1648694035666624,-0.1658321901377478,-0.1671955888499703,-0.1717672642600739,-0.1731083946831456,-0.176,-0.1789069209849369,-0.179116968485215,-0.1769598060804376,-0.1681558411769814,-0.1604959860377022,-0.1470000000000001,-0.1264804533928129,-0.1127130818585236,-0.1041609577569828,-0.0976120333149091,-0.0934774060500749,-0.0939999999999998,-0.0972728674466344,-0.1017041494158929,-0.1070845897851324,-0.1098788702108911,-0.1126158536232986,-0.1149999999999998,-0.1173106085332727,-0.1208651276648638,-0.1234163887713813,-0.1262419443859946,-0.1297584246580334,-0.1339999999999999,-0.1374647401215694,-0.1404244798705057,-0.1445619018870416,-0.1485945893872611,-0.1528501051232161,-0.1560000000000001,-0.1562760803668773,-0.154173671465841,-0.1509023898519439,-0.1454629950327342,-0.1370275204813381,-0.123,-0.1040885667144592,-0.0940395677026657,-0.0918444547843385,-0.0888799364930723,-0.0878812161473648,-0.0860000000000001,-0.0841730117409162,-0.0828845657864432,-0.0810537642829155,-0.0810390671259446,-0.0795592074353831,-0.078,-0.0772253850084799,-0.0762178634978974,-0.0756286137433589,-0.0745693589646923,-0.0738752270211755,-0.0730000000000002,-0.0722076001012808,-0.0706871773320179,-0.0694216410031475,-0.0683127543500705,-0.0654729491723073,-0.064,-0.0609120719319715,-0.0570182478982851,-0.0537110555263207,-0.0444869476571959,-0.0313706578214287,-0.0199999999999999,-0.0137395488815384,-0.0103487366294786,-0.0072681197122579,-0.0051416997697144,-0.0024862760296255,-0.0010000000000001,-0.0001596456229079,0.0001371539019888,-2.249630467609778e-05,-0.0003608386286727,-0.0023721327674136,-0.003,-0.0045210519986933,-0.0060199029651586,-0.0064362607710055,-0.0091185273657563,-0.0100620517798509,-0.012,-0.0147892851666943,-0.0154792012513908,-0.0168711483029774,-0.0166651338548769,-0.0158613352758386,-0.014,-0.0106010803884066,-0.0075356656124395,-0.0036323858329597,-0.0013766757942664,0.0005385501077701,0.004,0.0073499522231778,0.0106285453912333,0.0143147497516104,0.0188255735134113,0.0226919702786364,0.0259999999999998,0.0286047991008259,0.0307802199876129,0.0340771655746536,0.037098442548649,0.0394174003081744,0.0409999999999997,0.0419237115088809,0.0415920725131666,0.0399732492445387,0.0383346042696967,0.0367396427072613,0.0359999999999999,0.0344525279172799,0.0324939633492964,0.0311776334727985,0.0291955053509504,0.0277328719617276,0.0259999999999998,0.0250022852708645,0.0250399473617379,0.0252194344835346,0.0266570528270939,0.0284420171113888,0.032,0.0354905364447532,0.0383876844771843,0.042366691258149,0.0448400092391028,0.047636571205842,0.0499999999999999,0.0515580231648685,0.0536199959023575,0.0542864137400723,0.0557667072768679,0.057158664009097,0.0579999999999999,0.0596882655007322,0.0612287414863088,0.0632091140233507,0.0642696764271495,0.0653115664219338,0.0669999999999999,0.0678595012238671,0.0686555053985224,0.069517825254762,0.0701815863529661,0.0699056840047625,0.0699999999999999,0.0701288655180021,0.0696679177341371,0.0710286388486021,0.0724957434483111,0.074597415665127,0.0779999999999999,0.0798302616229458,0.0802344090203163,0.079166083454801,0.0771361165282943,0.0743547886266172,0.071,0.0677926913385774,0.063069160769335,0.058656744704715,0.0587311764677457,0.0645436281246684,0.0729999999999999,0.0791294603787697,0.0832163994276941,0.087996795341744,0.0927195807402843,0.0953281737683245,0.0959999999999998,0.0953367573670617,0.0930913700338047,0.0904496543549512,0.0880254211935047,0.0854651914801144,0.0819999999999998,0.0768849742942003,0.0748364383989191,0.0792713532488003,0.0853094215572085,0.0913228485447138,0.098,0.0996456139485992,0.0944373501793521,0.0893860375580652,0.0872410631197039,0.0843323230790106,0.0819999999999999,0.0812540925642918,0.0795858371057239,0.078505671058284,0.0774197309382959,0.0756829461632632,0.074,0.0714518902791621,0.0696740165929879,0.0675761873701817,0.0651855509828285,0.0636512414672471,0.0609999999999999,0.0570719565018345,0.0503573596578388,0.0419392759658545,0.0336524650239338,0.0254643901101379,0.0189999999999999,0.013873013551421,0.0098041477769473,0.0046409914292903,-0.0011617097916426,-0.0060577440075609,-0.0129999999999999,-0.0226724510048946,-0.0348503273726574,-0.0427441392733391,-0.0444717722431886,-0.046373657094148,-0.047,-0.0477566385206746,-0.0482346720211212,-0.0481158502109518,-0.0494548045710502,-0.0487706520375896,-0.0489999999999999,-0.049262479054127,-0.0480142923621934,-0.0482309267105061,-0.0476007585141264,-0.0469023857283899,-0.0460000000000001,-0.0451151301268509,-0.0439544643293681,-0.0416631400224535,-0.0407503362955977,-0.0398518900074772,-0.0410000000000001,-0.0442966173065372,-0.0486003305183576,-0.0546973170697743,-0.0604535579747435,-0.0704117688033383,-0.0809999999999999,-0.082687048532158,-0.0769763430094524,-0.0641153287542978,-0.0370162011602451,0.0068980716218609,0.0650000000000001,0.1443571490297061,0.2440445589615083,0.3593990432944478,0.4932348258387398,0.6344744076939569,0.779,0.9065562572614756,0.97833732931556,0.996144064167088,0.960981201352335,0.8472430351981456,0.6550000000000001,0.4267679396262906,0.2052290018885028,0.0218923981186816,-0.0866363753001167,-0.1322542950693515,-0.15,-0.1461903492275319,-0.135840615855579,-0.1313687119127589,-0.1442707149688174,-0.1784096766453652,-0.2079999999999999,-0.2208868266894604,-0.2235699778090218,-0.2194845869360255,-0.19955912208053,-0.1681871785578792,-0.15,-0.1415494727893204,-0.1356494710114243,-0.1349465785341979,-0.1354725673791006,-0.1402903486841152,-0.146,-0.1507972586926188,-0.1569586622760751,-0.1611984344869759,-0.1612297144939278,-0.1542343650338375,-0.147,-0.1428941041848032,-0.1383710141278291,-0.1355110266743499,-0.1328643692061881,-0.1306677893906191,-0.1289999999999999,-0.1279141309455575,-0.1288094831342539,-0.1289038293452505,-0.1293465174588124,-0.1300397573297226,-0.1299999999999999,-0.1307979456553547,-0.1316910928285878,-0.1324666468937596,-0.1335063445813527,-0.1353805812963592,-0.1359999999999999,-0.1344378012068239,-0.1316419934542863,-0.1273147360883412,-0.1237165518818603,-0.1202056612205343,-0.116,-0.1118556018010445,-0.1079762471560748,-0.1062464551503022,-0.1060613426864779,-0.1073797210226656,-0.109,-0.1097756207590273,-0.111259194404036,-0.1133033347749583,-0.1162188512459945,-0.1182271604001324,-0.1180000000000001,-0.1142397354832958,-0.1076337382857601,-0.1000836428272799,-0.0845492337979876,-0.0642654492677086,-0.0510000000000002,-0.044076980539916,-0.0389634736394804,-0.0342565779581601,-0.0307045629951631,-0.027271449827984,-0.024,-0.020858901870184,-0.0156388727124548,-0.0083819073347237,0.0006320160227648,0.0085151610094863,0.0179999999999998,0.0277088629138677,0.0342215281601381,0.0504259970463025,0.0751028899780015,0.101568124546863,0.1289999999999999,0.1473977817591248,0.1591452704484579,0.1672132694425055,0.1718449698943795,0.1768753878495363,0.179,0.1806373301799409,0.1809903822526437,0.1782484478794206,0.1762618310061979,0.1732901520294322,0.1700000000000001,0.166102199585273,0.1600690280070618,0.1565992735585061,0.1604106328948783,0.1686995874341096,0.1770000000000001,0.1856878425675895,0.1881099339580333,0.1810041474503599,0.1732750041866635,0.1680698256554786,0.1639999999999999,0.160634414165456,0.1577821255847465,0.1562942506825888,0.1559325931007431,0.1560715573529579,0.157,0.1586856006923519,0.1598452818850307,0.1600077578401718,0.1601553312355092,0.1612572858630033,0.1619999999999999,0.1626673767392575,0.1645535385331874,0.1650475341899408,0.1652397178301576,0.1661059153340296,0.166,0.165989214069073,0.1659681541110956,0.1661161852035164,0.1656985418992978,0.1648755081866501,0.164,0.1615965151566258,0.1584281275548761,0.1548676376817116,0.1516461106572662,0.1453393397169624,0.1369999999999999,0.133379183155998,0.1311231098228429,0.128429698015045,0.1262650430354162,0.1278566421170268,0.134,0.1374830833772981,0.1411194351362965,0.1450341655201227,0.1465776019503261,0.148175998866099,0.1459999999999998,0.1402752969682941,0.1334045654212504,0.1233087575584963,0.1067334187489009,0.0919243875793846,0.0880000000000001,0.0849326373422879,0.0813891249659435,0.0804560184639984,0.077771409720716,0.0757035813679156,0.0740000000000001,0.0722722759962839,0.0707497590315803,0.0689619838721917,0.0671835759722359,0.0644370269630839,0.0619999999999998,0.0588706038111702,0.0529476896631515,0.0414181224708889,0.0305977482446866,0.0277415824785647,0.0249999999999998,0.0221948685308867,0.0214695606832829,0.0203113429855756,0.0198227244483737,0.0187636470916995,0.0179999999999998,0.0157586726425345,0.0120793935035664,0.0095723882467313,0.0070370189406213,0.0058866333581819,0.0049999999999996,0.0033651279302126,0.0011621122201821,-0.0018785662533086,-0.0057482543859138,-0.0110832599913539,-0.0159999999999999,-0.0217194643391913,-0.0277906516861664,-0.0336596552312381,-0.0410356693803863,-0.0485487480641552,-0.0569999999999999,-0.0639344046885414,-0.0694076249943776,-0.076058903936836,-0.0827714429918332,-0.0904816950666014,-0.0939999999999999,-0.0895011256922995,-0.0813477638741983,-0.0733201058307577,-0.0661088283463164,-0.0584548244392275,-0.0509999999999998,-0.0434498423477069,-0.0370773675456448,-0.0315189005250019,-0.0235778945285121,-0.0155780198198902,-0.011,-0.0122331926775569,-0.0159887949133532,-0.0180522988847938,-0.019643462771783,-0.0214098447346421,-0.024,-0.0258325014174869,-0.0262504700724164,-0.0246528726703687,-0.0197652538891182,-0.013803592502166,-0.0079999999999998,-0.0016807335615138,0.0082066766211361,0.0147223955968902,0.010240364770335,0.0024096738602927,-0.0079999999999999,-0.0229575756873166,-0.0374204804293533,-0.0520178160878318,-0.0686999280657906,-0.0822168146963234,-0.0919999999999997,-0.1037708976554192,-0.1126101696985828,-0.1190820909455485,-0.1268949677313588,-0.1303262955108247,-0.1309999999999999,-0.1281095984966871,-0.1226440125447885,-0.1187318729376265,-0.1140834087979005,-0.1103634222588878,-0.107,-0.1049931571977164,-0.1059947713544383,-0.1094727831602978,-0.1153870695492465,-0.1197268664029906,-0.124,-0.1290345692158572,-0.1340210456894316,-0.1381706314561386,-0.139102936533248,-0.1388280623028443,-0.1360000000000001,-0.1317770213275972,-0.127727149100004,-0.1237688789669653,-0.1206659789570143,-0.1160131071141565,-0.1119999999999999,-0.1079647491315568,-0.103059625024569,-0.097557020749871,-0.0915821374387449,-0.0790616529423663,-0.0439999999999999,0.0115444987291375,0.090540720154827,0.199813246814399,0.333600053286594,0.4937582132534975,0.6669999999999999,0.8391626351921883,0.987642901750115,1.078379638234584,1.0935409791851487,1.011601762837956,0.8409999999999996,0.6077936637210511,0.3458779096599907,0.1036551377959554,-0.0951520750397227,-0.2083225772852358,-0.2399999999999997,-0.2534146722738655,-0.2524716942540714,-0.238478145100222,-0.2314519981546237,-0.2359062124075752,-0.2489999999999997,-0.2572170872651201,-0.2584341822854012,-0.2483061221029141,-0.2344743838377322,-0.2306357946042014,-0.2269999999999997,-0.2234535224341302,-0.2205536849448892,-0.2173909694847151,-0.2168671419911037,-0.2158125189215695,-0.216,-0.2146275926194809,-0.2117516195309933,-0.2097583022166385,-0.2068116402470929,-0.2045759944112982,-0.2020000000000001,-0.2009495253580764,-0.2007039023133489,-0.19878932984461,-0.197562156617051,-0.1954691754161821,-0.1929999999999999,-0.1905819088177791,-0.1878383870873634,-0.1855708113395509,-0.1804245737965611,-0.1723408349913909,-0.1649999999999998,-0.1598170746529299,-0.1561913919107541,-0.1534400005266001,-0.1509235517542641,-0.1470870334848178,-0.142,-0.1376492718792385,-0.1352725112024177,-0.1354854939464244,-0.1383469576626707,-0.1416056952067624,-0.145,-0.1492667544656207,-0.1518430527274012,-0.1509731653254359,-0.1450556131703897,-0.1378576198176754,-0.135,-0.1326890081546649,-0.1291917449593221,-0.1264326038990343,-0.12417672495195,-0.1227821206664001,-0.1220000000000001,-0.1219663899066223,-0.1219917799674594,-0.1223261290077041,-0.1234381854024785,-0.1241214898005009,-0.125,-0.1258248038938365,-0.1271735643382191,-0.1291440536772927,-0.1305709725498027,-0.1323360140753111,-0.1330000000000001,-0.1329628787344066,-0.132676995539944,-0.1305464113281758,-0.1278877722271849,-0.1241707820395547,-0.12,-0.1118239558695634,-0.0942483068080613,-0.0739342976758033,-0.0537284698763495,-0.0330620462230718,-0.0160000000000001,-0.0023046496592049,0.007634178934342,0.0164020482778195,0.0252217146150575,0.0311296838406429,0.0390000000000001,0.0477495672204277,0.0525428691984108,0.0561612223113207,0.0589943818432304,0.06156216921675,0.064,0.0649029915289282,0.0652223209839735,0.0639115336910991,0.0604495480547367,0.0560694673549101,0.051,0.0458924372118099,0.0421277557094437,0.0392380370974913,0.0352839821065758,0.0312842590458432,0.0280000000000002,0.0246139546756675,0.0219322637177056,0.0195081015051879,0.0171486663134966,0.0157963647016175,0.0150000000000002,0.014905149123753,0.0155989161372301,0.0168223424066394,0.0189402320638879,0.0215610155625007,0.0250000000000002,0.0291849750487359,0.0332351598478401,0.037933450187717,0.0430006275753023,0.0480522855253623
0.0539999999999999,0.0620451241255328,0.0722527734280563,0.0804891190828473,0.0862616772033436,0.0921328490256655,0.097,0.102595061257701,0.1100556291900981,0.1169334483476267,0.1214291087283286,0.1232605383929332,0.1249999999999998,0.1275083500697443,0.1299534957372807,0.1326225850813402,0.1345262213970605,0.1335115798390604,0.13,0.1273563262559825,0.1256476966975013,0.1243133146185014,0.123797886038021,0.1227608749706608,0.1220000000000001,0.1212789711285416,0.1196451107769816,0.118090053547276,0.1160886323127797,0.1134734820979293,0.111,0.1085223748259165,0.1059463757965118,0.1036074878549628,0.1007380861779547,0.097322009233718,0.094,0.0907156069465678,0.0856686831502692,0.0748536463177731,0.0649605889701481,0.0629569904184417,0.0619999999999999,0.0602656630835286,0.0587488956883209,0.057207173976517,0.0568842564426754,0.0557154143719033,0.0549999999999999,0.0542844056477917,0.0531156956497145,0.0527955397004895,0.0512411320252193,0.0497541822770394,0.0479999999999999,0.0461681005309773,0.0454991661088196,0.0439485057365144,0.0424685750543783,0.0404960435114169,0.0379999999999999,0.0363631012383197,0.0340992002699527,0.0314225431397682,0.0290773735903256,0.0263944642353619,0.0230000000000002,0.0196928491118844,0.0157646451759772,0.0116883553737843,0.0090346741164231,0.006514686998685,0.0049999999999997,0.0042104798329171,0.0032419734127592,0.0026115382971825,0.00157077911339,0.0008817803547049,-6.315935428978667e-17,-0.0001416244882037,0.0002799521061757,-0.0006382660693144,-0.001140841052277,-0.0023637225565228,-0.0039999999999999,-0.0048082766380564,-0.005788152199307,-0.0060411332675677,-0.0060020527829229,-0.0059991857410915,-0.0059999999999998,-0.005229977891609,-0.0046623591286699,-0.0057070690241796,-0.005943921094006,-0.0061229358063258,-0.007,-0.0078345276833725,-0.0086017508579216,-0.0101517874350796,-0.0132584530484356,-0.0153435604383479,-0.018,-0.0214311767997641,-0.0244535036807733,-0.0282776842530347,-0.031220069349365,-0.0377950453164172,-0.0479999999999999,-0.0585394156414014,-0.0714942723203494,-0.0805408578119344,-0.0842727856099484,-0.087692964782537,-0.0909999999999999,-0.0943891091861599,-0.0970445952998156,-0.0995524915913737,-0.1017401272436153,-0.1033892964362105,-0.1059999999999999,-0.1085376928142072,-0.1109602656484263,-0.1135190916512378,-0.1160174628135917,-0.1184266595739149,-0.1199999999999997,-0.1216029802303623,-0.1234908944368046,-0.124480512859519,-0.1255497127355583,-0.1273581462497386,-0.1290000000000001,-0.1313983629828084,-0.1345750701894094,-0.1384350679691795,-0.1425260339730826,-0.1455720044580098,-0.1479999999999999,-0.1474300089523224,-0.1455640072970744,-0.1433132655228991,-0.137382913484573,-0.1320144228365116,-0.1239999999999999,-0.1080322944967644,-0.0840586039484803,-0.0473486181249276,-0.0001228225671736,0.0577795607134087,0.1319999999999998,0.2227843946900034,0.3313148840188695,0.4585076758888813,0.6019933541617225,0.7530127757787607,0.8889999999999996,0.9726256959904632,0.990081183466418,0.952566575561834,0.8379106828733329,0.641509843432232,0.4160000000000002,0.194915928893261,0.0056582962989237,-0.1071533830350119,-0.1493821970423529,-0.1656792743332376,-0.1779999999999997,-0.1898312726414929,-0.198717779329492,-0.2048688290544141,-0.219401238085408,-0.2442386110897314,-0.266,-0.2758575676477283,-0.2821371245430484,-0.2873239394097835,-0.2810922371348542,-0.2682277873084761,-0.2500000000000001,-0.2266953028434647,-0.2144963340127569,-0.2115736503945894,-0.2090935023564918,-0.2077558120583144,-0.206,-0.2043136665977706,-0.2026175970408512,-0.2014068051088585,-0.20065362268109,-0.1999326894262038,-0.1999999999999999,-0.1999225500459875,-0.2007469291587989,-0.2007095852016018,-0.199744588641686,-0.2000935305704792,-0.2000000000000001,-0.1999580106049937,-0.200029554558459,-0.2000564063233526,-0.199627497216933,-0.1975382550165625,-0.1959999999999998,-0.1952186601496596,-0.193791895882086,-0.1915915665819253,-0.1889238309506586,-0.1866052507149974,-0.1849999999999999,-0.1807337895854513,-0.1689595640170972,-0.1548744264036871,-0.1463530269378882,-0.1424004493900695,-0.1399999999999998,-0.1375482291508081,-0.1348832013088618,-0.1329289893337411,-0.131363787615404,-0.1296570618300512,-0.1280000000000001,-0.1263041051860149,-0.1251931257226945,-0.1246485606317545,-0.1235235067770781,-0.1229405664973476,-0.122,-0.120193113573773,-0.1199508628796268,-0.1196795152765614,-0.1185698196049011,-0.1178827794615709,-0.1170000000000001,-0.1153699760813794,-0.1136431029211566,-0.1117629034603179,-0.1086595924052174,-0.1052990300348396,-0.1009999999999998,-0.096867502792074,-0.0890320671784749,-0.0674011050485077,-0.0436446013326796,-0.0311769279647512,-0.023,-0.0147681617870355,-0.0047233154853301,0.0067618370037605,0.0144869446061409,0.0187776298040894,0.023,0.0272575748080711,0.0307078078095283,0.0337513303841022,0.0355942671730004,0.0374821629383577,0.0400000000000001,0.041642631108458,0.0439108234495193,0.0465294046822159,0.0490276247647508,0.0514185944612979,0.053,0.0538890033906821,0.0545673482287509,0.0555963441348063,0.0564874472699535,0.0598466499471928,0.0629999999999999,0.0697757304191403,0.0918202359524954,0.1138500863853602,0.1244517261345647,0.1325583938895284,0.1390000000000001,0.1455454515725108,0.1524893944551945,0.1588781008212937,0.1657772836812829,0.1739149108816014,0.1859999999999999,0.1993038569476455,0.2133195776161034,0.2268280550464635,0.2388164842246483,0.2498429446207257,0.255,0.2582290077833376,0.2613630960358633,0.2631161061601449,0.2663310461329334,0.2682653950653668,0.2700000000000001,0.2710138341632402,0.271357121643431,0.272888895810049,0.272846583840458,0.2730725651870971,0.272,0.2701507768156911,0.2691209585585711,0.2657866037708955,0.263153532683501,0.2602346527900669,0.256,0.2519087697244563,0.2474844639146768,0.2434423361817724,0.2347017721820943,0.2228195059253243,0.2149999999999999,0.2106370641283747,0.2079371586945729,0.2055144616514648,0.2030104564816833,0.2005145872983312,0.199,0.199032479759603,0.1983843270488982,0.1977445248891958,0.1984336433548525,0.2005512153316044,0.204,0.2080912321639419,0.2129401338400779,0.2180598273138553,0.2228272447407906,0.2267248648351909,0.2309999999999999,0.2375422637047455,0.2445254710074526,0.2505299018991231,0.2561328654414485,0.2593129527533046,0.259,0.2574813678141655,0.2539482502294184,0.2494980482215212,0.2472482242390803,0.2442578739823958,0.2410000000000001,0.2386594063095879,0.2346591013336219,0.2309373660223692,0.2274841025546325,0.2231346022840553,0.219,0.2140927372808413,0.2084879861034054,0.2013675582487187,0.1896637494639229,0.1736139771034087,0.1569999999999998,0.141884488186773,0.1279867245868811,0.1164598603638062,0.107789401765171,0.1006741139665844,0.0949999999999999,0.0907572895297442,0.0871977808720516,0.0844763180273736,0.0818352792049534,0.0782626589576515,0.0749999999999999,0.0717462276964975,0.0681133617977707,0.0658538108159778,0.0643897914081362,0.0626558544181585,0.061,0.0585972522185508,0.0557871590784172,0.0541022814400415,0.0519966511591868,0.0496608271649625,0.0490000000000001,0.0482231097277191,0.0472799872553943,0.0464894544198532,0.045879779263328,0.0459683566194242,0.0449999999999999,0.0448393135859318,0.0452909675250537,0.0443705330767838,0.0438302055267788,0.0426730315564977,0.0409999999999999,0.03936452568705,0.0376409143515602,0.0357440937198258,0.0328081761493678,0.0306140672824853,0.0280000000000001,0.0253481256409488,0.0233706475719679,0.0194387154403599,0.0154303824734105,0.0094806264631855,0.001,-0.0057624215638616,-0.0123075075961977,-0.0184698016228863,-0.022338331414718,-0.0257495886611924,-0.0300000000000002,-0.034852067898799,-0.0416624547247282,-0.0499122873857647,-0.0562131160329818,-0.0608841743692732,-0.0649999999999999,-0.0691183796412715,-0.0734462118341101,-0.0771165035050052,-0.0800800460109036,-0.0825370564757186,-0.0859999999999999,-0.0887101369639739,-0.0901368518447563,-0.0925395625306083,-0.0949448821565473,-0.0974860936876561,-0.0989999999999999,-0.1005027322393566,-0.1030829114164528,-0.1056078219525086,-0.1098671997426162,-0.1135529524606775,-0.1149999999999999,-0.1129356519312375,-0.1074644299912691,-0.1006883575183183,-0.090386739607261,-0.075521487633843,-0.0539999999999999,-0.0333047637077893,-0.0169873910175231,0.0056775835897358,0.0361909984220935,0.0788635147743629,0.1389999999999998,0.2201218038245559,0.3209097508355367,0.4358465173934279,0.5667398827835899,0.7020820766004756,0.8369999999999997,0.9373064576857492,0.9615413997404576,0.9391238637804672,0.8454526167565766,0.6492530961521302,0.4129999999999999,0.1685244733026877,-0.0442726169605069,-0.1666165646847441,-0.2081458799044375,-0.2012576410344787,-0.179,-0.1646426446724665,-0.1598363928495678,-0.1616166309595501,-0.1657423026199763,-0.1696448334267027,-0.1719999999999999,-0.1747149626784656,-0.1729385134944579,-0.1649637584562519,-0.1590129710429526,-0.1538528348780237,-0.1479999999999999,-0.1428745102161137,-0.139569935788498,-0.138460798549873,-0.1379462047649513,-0.1394163631247752,-0.141,-0.1425132240713262,-0.1450852566086887,-0.1475434279590846,-0.1522164063126537,-0.1580578128991027,-0.1609999999999999,-0.1575279761229369,-0.1486588907689457,-0.1397672398593112,-0.1295904726098943,-0.1193290968773803,-0.115,-0.1126386560018947,-0.1097450328877799,-0.1077777236546303,-0.1050465196181854,-0.1068727898536337,-0.1119999999999999,-0.1181710053907526,-0.1270004018659773,-0.1246000622492179,-0.1140545447524877,-0.1079590155226918,-0.1019999999999998,-0.0983334303940554,-0.0969763215105949,-0.0989275696541881,-0.1059752655105784,-0.1122571524524425,-0.1209999999999999,-0.1305912414537344,-0.1362263039870302,-0.1405753419679354,-0.1446023609533056,-0.1488217971537769,-0.1510000000000001,-0.1467343917174764,-0.1364665916780723,-0.1253947319306752,-0.112302428611661,-0.0987265668991679,-0.0919999999999998,-0.0878402224994301,-0.084597070046504,-0.0831606502066439,-0.0812427253114507,-0.0796294404750494,-0.0769999999999999,-0.075241617111867,-0.07328575828695,-0.0702634490894755,-0.0680329174148388,-0.0641073445018957,-0.06,-0.055194106711322,-0.0485319944221266,-0.0376882387320445,-0.0211120185600326,-0.0064387463470524,0.0049999999999999,0.0151503190143783,0.0242931754915852,0.0333194100470916,0.0409534874330628,0.0502639777011827,0.0660000000000003,0.0870033411394101,0.1036645509394653,0.113254446000566,0.120715590698503,0.1244085312713093,0.126,0.1284463242619465,0.1315368130944632,0.1348622818404093,0.13335256772029,0.1220301377084377,0.1060000000000001,0.0919518006818199,0.0756361336599415,0.061549951706481,0.0570691128173468,0.0557547754044897,0.0549999999999997,0.0534873510702334,0.051416145587287,0.0503046224919155,0.0479354166443847,0.0455122383482125,0.0419999999999999,0.0370678112781243,0.031346614656283,0.0260996403283351,0.0226122089633012,0.0180136794071978,0.014,0.0106865245568776,0.0081099517506159,0.0087060314488497,0.0111329394966848,0.0147511132002957,0.0179999999999999,0.0212692818787621,0.0250794016035633,0.0310144253092693,0.0389081481882868,0.0405869551219408,0.0339999999999998,0.0225379767910174,0.009970688150115,-0.0026802739192816,-0.0138518452887221,-0.0185129154082074,-0.0209999999999998,-0.0236184850588124,-0.0257709158878635,-0.0286619261392322,-0.0281704178943491,-0.0224882770634245,-0.014,-0.0093782976653685,-0.0069045004533739,-0.0019379497820365,0.0006575983858088,0.0024424525216977,0.0039999999999999,0.0040106633431054,0.0036269127029556,0.0016135653116748,-0.0013053572046791,-0.0060872829940997,-0.011,-0.015130272472633,-0.0190129714696387,-0.021242602588356,-0.0244759026627837,-0.0274233092046643,-0.029,-0.0306916419664054,-0.0322576333140087,-0.0341160073376052,-0.0355410282576611,-0.0374271209606291,-0.0389999999999999,-0.0397857659589297,-0.0408286742145352,-0.0409652011364697,-0.0412196861017004,-0.0422140956060625,-0.0429999999999999,-0.0430018137910277,-0.0434976946081512,-0.0446577203595701,-0.0452098031521205,-0.0462348927837551,-0.0469999999999999,-0.0477460003912018,-0.0492429298220504,-0.0514192305300445,-0.0538794557979113,-0.055244857727066,-0.0569999999999998,-0.0587237321195181,-0.060246134021523,-0.0624148148784414,-0.0679311966546877,-0.0779776726951647,-0.084,-0.0863941460644831,-0.0893185673305434,-0.0907213263566808,-0.0932887805252588,-0.0965872761027451,-0.0989999999999999,-0.1000407744751753,-0.0994007065442541,-0.0981813964784093,-0.0961805961871133,-0.094767547115638,-0.0929999999999999,-0.0904415610538239,-0.0885669578352817,-0.087357075289946,-0.0868944879640168,-0.0871089244548152,-0.0879999999999998,-0.0888608335902812,-0.0891767358489448,-0.0891344825335549,-0.0930288960602514,-0.0926991639783777,-0.0779999999999999,-0.0661550184827134,-0.0607937577396516,-0.0538467532031907,-0.0495221617197498,-0.0451072806829695,-0.043,-0.0423686337753772,-0.0408985033597523,-0.0413427936879886,-0.0405454868506238,-0.0398135625309252,-0.0369999999999998,-0.0368559911748781,-0.0451526765702417,-0.0542012508204507,-0.0619773389693401,-0.0681830608258504,-0.0760000000000001,-0.0861443526507068,-0.0947747242020564,-0.1024311372874216,-0.1081259587136963,-0.1143792106352011,-0.1210000000000001,-0.1268875007965211,-0.1312922659945536,-0.1322592835766581,-0.1314107961402836,-0.1283129940562091,-0.1259999999999999,-0.1236349048105071,-0.1212674446897689,-0.1200388693328608,-0.1140690180200321,-0.1082825473659797,-0.1089999999999999,-0.1162603980536112,-0.1233736908918575,-0.1274828889156132,-0.133454921722822,-0.137730569866262,-0.1429999999999998,-0.1483225112765229,-0.1519465041903525,-0.1569739458923899,-0.1603599609301303,-0.1663966472352515,-0.1709999999999998,-0.1733321774178495,-0.1755987331460256,-0.1730057021637403,-0.1694474756394835,-0.1621986756426272,-0.153,-0.1404688895523765,-0.1203484557748711,-0.0899565172825906,-0.0448675826630654,0.0059152147263754,0.075,0.1638689466555597,0.2677800961231615,0.3917763781694955,0.5177585072944079,0.6531502497379617,0.7569999999999998,0.7899537590073668,0.7886813640351841,0.721506412078981,0.5725596749106915,0.3826866650628008,0.1719999999999999,-0.0254607027245311,-0.1853666209460704,-0.2874385571670164,-0.3356184508914618,-0.3504329105995982,-0.3369999999999999,-0.3071173988543604,-0.2613385806499084,-0.2268450961547002,-0.21485987166297,-0.1998771897517896,-0.1909999999999999,-0.1904180902765872,-0.1977168928737142,-0.2100765952309485,-0.2183715167371673,-0.2287864492702255,-0.227,-0.2133956062843195,-0.2037211164098148,-0.1979458940055679,-0.194716788960914,-0.1900091738326421,-0.1869999999999999,-0.1846921458791915,-0.1816877489915233,-0.1796048137452659,-0.175007169527752,-0.1713858408907602,-0.1669999999999998,-0.1618372147868258,-0.1573220273920002,-0.1515793684724942,-0.1474421074341043,-0.1415974317946685,-0.1349999999999999,-0.1292930094316383,-0.1229670025378495,-0.1185885954284464,-0.1141010443694951,-0.11046819953966,-0.108,-0.1045981674863315,-0.1020463746430651,-0.0990376384682541,-0.0958698694501569,-0.0935118957456503,-0.0909999999999998,-0.090028238358546,-0.0895289384316986,-0.0884589956799268,-0.0899439037024466,-0.092421365265252,-0.095,-0.0999299505336655,-0.1049783577005519,-0.110382780425606,-0.1165946592472567,-0.1265876965342585,-0.141,-0.1443758725517547,-0.1343256511985912,-0.1249040135173428,-0.1186281442729443,-0.1128558537697767,-0.1069999999999999,-0.1004328224198533,-0.0930059951018692,-0.0855797014838508,-0.0777138524539346,-0.0694239209746643,-0.0619999999999999,-0.052968201933749,-0.0438961145802126,-0.0370455660788125,-0.0301147259877397,-0.0206278100771286,-0.0029999999999998,0.0211575500755192,0.0442798472570755,0.0662424883663663,0.0891918829937078,0.1097653239955562,0.1299999999999999,0.1636757258023021,0.2040758424448209,0.2321432702990224,0.2535268490232469,0.2736869866667899,0.2889999999999997,0.3009855069986742,0.3098741509961523,0.3177266206180251,0.3241075697394952,0.3260308740235977,0.3240000000000001,0.3197644110016338,0.3168253373760753,0.3145565335380457,0.3121825697047575,0.3106435500062813,0.3080000000000001,0.3061774121958542,0.3049308771264334,0.3024594597421947,0.2998068263604044,0.2947967122163697,0.2889999999999997,0.284038529731246,0.2792313838631455,0.2769541819007305,0.2750704205106593,0.272585556654097,0.2709999999999999,0.2685672311776939,0.2659416943035523,0.2634994672814277,0.2611784397205455,0.2597202321294622,0.258,0.2570013883280816,0.2571310610170881,0.2564959924199699,0.2558641095533693,0.2560501658657995,0.256,0.2559222316036065,0.2566369130198149,0.2572639377511623,0.2566165919581638,0.2559525589841527,0.2559999999999999,0.2552376040637726,0.2542367847347915,0.2536087452707912,0.2525485684500316,0.2519700327188033,0.252,0.2512408789810566,0.2502101695567246,0.2496775580980989,0.2483789585943786,0.2464623959321398,0.238,0.2147161925501928,0.1877076149888388,0.1676786166711594,0.1501844185268307,0.1368840284142156,0.129,0.1222892347218438,0.1162074320967747,0.1108739738571149,0.1062284313267246,0.10226578129262,0.099,0.0956845393731422,0.0927267659197503,0.0911432071620148,0.0889792644635635,0.0866574617038643,0.0859999999999999,0.0853043563182262,0.0835694877783312,0.0824780526400806,0.0814764590764501,0.0796269180436266,0.078,0.076289091076978,0.0752943056592158,0.0741664918521096,0.0723991547311466,0.0719510669750135,0.0709999999999998,0.0700516454580879,0.0699329492436334,0.0706225372140259,0.0730739015087146,0.0754999453713305,0.0790000000000002,0.0825203470753492,0.0848111967115441,0.0880782150201879,0.0910738888495838,0.0934760663378996,0.0959999999999999,0.0993050438547976,0.1022225351763057,0.1042556710530129,0.1073206264862912,0.1107606493318556,0.1159999999999999,0.1213059620596159,0.1239801766347039,0.12692536337879,0.1302195628222615,0.1323293045847136,0.1339999999999999,0.1365193400499406,0.1383913475390593,0.1403374837672117,0.1428880146508675,0.1443235437559212,0.1470000000000001,0.148798621050317,0.15065497815611,0.1535929088801683,0.1540338370340562,0.1553670285001889,0.1559999999999999,0.1558535744217523,0.1563160937379629,0.1553465841927056,0.1546985687303755,0.1524499655015486,0.151,0.1503544711289166,0.148524789354533,0.1469334442425537,0.143609554191141,0.1417522758760051,0.1389999999999999,0.1354584416062509,0.1320661522566817,0.1227149546027114,0.1115685078323897,0.0995388900747134,0.0890000000000001,0.0746888305710419,0.0469800776988345,0.023989363258477,0.0137265603797191,0.0066880667970842,0.0010000000000001,-0.0040632292243368,-0.0084136268583986,-0.0122057676837688,-0.0149936206344098,-0.0175372405966672,-0.0199999999999999,-0.0224283914094776,-0.0251490180076192,-0.0272952289918849,-0.0302204822386017,-0.0323016292643005,-0.0339999999999998,-0.0357610810141047,-0.0371256919465135,-0.03950394475207,-0.0421424595010145,-0.0456971795988953,-0.0479999999999998,-0.0504153105233166,-0.0522122629870125,-0.0516536620326182,-0.0521796674354704,-0.0505070864728822,-0.0489999999999999,-0.0461140493480918,-0.0402386585835193,-0.0338553985666468,-0.0236702993600743,-0.0124095376799401,0.009,0.0464881200559542,0.1024997782303705,0.1727999092721349,0.2471213261537481,0.3415065407258884,0.4460000000000013,0.5586439042854807,0.6734729934569165,0.738940068626006,0.7591542304302598,0.7333932752516297,0.6350000000000001,0.4742153827716507,0.2843562998484201,0.107228397857109,-0.0483572914373482,-0.142778779979085,-0.1669999999999997,-0.178188804861102,-0.1720033915940962,-0.1555821365709261,-0.1406250486113119,-0.135658028841998,-0.1609999999999996,-0.1756298317005279,-0.1791824124891891,-0.1877235701703893,-0.1895896172199655,-0.1953159769702374,-0.1979999999999999,-0.2009750371778606,-0.2037155621626731,-0.2027232765950657,-0.2068100578350699,-0.2080500663728028,-0.211,-0.2139373824077727,-0.2148184410174049,-0.2173497013699944,-0.216359743533074,-0.2159748936312056,-0.2139999999999999,-0.212089903905852,-0.2110163773743913,-0.2089305701324231,-0.2090923075079535,-0.2076223055801943,-0.2069999999999999,-0.2055718761295909,-0.2033437264657996,-0.2020303242650058,-0.1986122867835743,-0.1966861909470574,-0.1939999999999998,-0.1921535742791247,-0.1904289232470258,-0.1871496889335475,-0.184857973482998,-0.178449780265777,-0.1719999999999998,-0.1670103393141442,-0.1632856286909473,-0.1631020137266131,-0.1630163977283139,-0.1642892833043888,-0.1639999999999999,-0.1629898266811151,-0.1626721387030363,-0.161033900801283,-0.1613835951617574,-0.1620961108182977
-0.1629999999999999,-0.1638697263064871,-0.1651283778901284,-0.1669067558543406,-0.1670246106029612,-0.1683358150019434,-0.1690000000000001,-0.1696597725312827,-0.1710115253371999,-0.1707884566091829,-0.1712573511648983,-0.1707315182652795,-0.1690000000000002,-0.1672875344269653,-0.1662860383477588,-0.1651627919550312,-0.1634527061241804,-0.1627944818710601,-0.16,-0.1573414460928207,-0.1548156003325461,-0.1501725739310673,-0.1466594033859144,-0.1419446009462697,-0.1380000000000002,-0.1343812613735747,-0.1248713812464711,-0.1130153508963159,-0.1034562843519638,-0.0954867526014227,-0.088,-0.0756724416794675,-0.0552652813412993,-0.0413512094497095,-0.0380884979131913,-0.03409889016697,-0.031,-0.027832075058588,-0.0244932310921663,-0.0235619685414925,-0.0228807371561724,-0.0243982062325899,-0.0250000000000001,-0.0248364060643893,-0.0257355003832582,-0.0266931036553955,-0.0288936978921371,-0.0302536759910457,-0.0329999999999999,-0.0364959930546603,-0.0389191895735489,-0.041364818751477,-0.0422149103350663,-0.0432530775321604,-0.0440000000000001,-0.0447524107799971,-0.0457599340818238,-0.0467145137539929,-0.0487542726224539,-0.0488825098456051,-0.0490000000000001,-0.0498983456703624,-0.0505441563721949,-0.0516110008973342,-0.0523975464608632,-0.0544597930244971,-0.056,-0.0576170836313147,-0.0585050955511993,-0.0571327914437421,-0.0571698148305482,-0.0568602225948948,-0.0570000000000001,-0.0579264998532554,-0.0584584647179965,-0.0598087697269922,-0.0598694034214812,-0.0601657458987749,-0.0609999999999999,-0.0617793699085523,-0.0627462848934772,-0.063655313137932,-0.0661089010868419,-0.0683782852381366,-0.0700000000000002,-0.0701579715628535,-0.0697430787543746,-0.0703266714130129,-0.0695547435699015,-0.068930490608605,-0.068,-0.0663380719023957,-0.064192639418924,-0.0613230195080558,-0.0590034520155086,-0.0551481868059513,-0.0519999999999999,-0.0495939737784914,-0.047218978982132,-0.0469032853987668,-0.0449199121062339,-0.0426866752649731,-0.0410000000000002,-0.0384250580271765,-0.0366484957705299,-0.0351744367896183,-0.0352766656813793,-0.036130190361614,-0.0369999999999999,-0.0387056796009137,-0.0397357040182747,-0.0406790397051581,-0.0432344176160065,-0.0466606216025631,-0.05,-0.0542303890253901,-0.0571367952359164,-0.0600221502173682,-0.0649851181412878,-0.0686487165362644,-0.072,-0.0724575138085884,-0.0695066010584599,-0.0647171209598816,-0.0567013627363915,-0.0494802637107771,-0.0369999999999999,-0.0204242396682261,-0.0127652797848467,-0.0117587204745574,-0.0122126068493248,-0.011789898246595,-0.0110000000000001,-0.0110856876886646,-0.0102933122630605,-0.0098532500205615,-0.0103364693594649,-0.0126078335667103,-0.016,-0.0200586663841766,-0.0245599756027471,-0.0279522634653329,-0.0312828271679579,-0.033315508781384,-0.036,-0.0402879292414707,-0.043152634182272,-0.044930190629608,-0.0444415848953489,-0.0411130713762837,-0.0349999999999999,-0.0275623696935631,-0.0189233144369561,-0.0096920381802575,-0.0041821184211243,0.0013423378394409,0.0089999999999999,0.0172655947102054,0.0254233591660593,0.0312160686209324,0.035402338652666,0.0356902834578186,0.033,0.0283509579265984,0.0209757172148076,0.0133614191816031,0.0043067589593981,-0.0034841092099654,-0.0150000000000001,-0.0342179070378232,-0.0511081635201802,-0.0656569378981381,-0.0763737300949708,-0.0806749600938937,-0.085,-0.0893206837801896,-0.0925970035569012,-0.0961371122130625,-0.0990262776577923,-0.1015829786388074,-0.1050000000000001,-0.1069040769676489,-0.1074588511856682,-0.1088114060708021,-0.1088679884937084,-0.1091382284246596,-0.1090000000000001,-0.1072814111842812,-0.1059075270863338,-0.1030751991482916,-0.0997014015118023,-0.096279488217291,-0.093,-0.0898079992168143,-0.0855400696731137,-0.081995928010761,-0.0786187710828845,-0.0753438466474999,-0.0709999999999998,-0.0645102122912016,-0.0559907684043066,-0.0461332873838741,-0.0378199080827967,-0.0291300506799785,-0.018,0.0008999825855563,0.0309258809000255,0.0779023844935352,0.1458773485781137,0.2235141474521842,0.3219999999999999,0.4399100638256896,0.563432373069527,0.68656062327772,0.7554313790651113,0.7685000551160059,0.7469999999999999,0.6433143809567398,0.4788779642832915,0.3019911237598948,0.1287005891282152,0.0048275688411945,-0.0549999999999999,-0.0773834775602311,-0.0903041793708022,-0.1039503454027409,-0.113338984498084,-0.1216215714741376,-0.1279999999999999,-0.1337076369967036,-0.13947348485886,-0.1429282307323732,-0.1462925107440432,-0.1483105229248302,-0.1499999999999999,-0.1502397257936819,-0.1487887023695731,-0.1459930297326737,-0.1410007346956867,-0.1373369937455786,-0.133,-0.1286799318012788,-0.1249290967689471,-0.1201905726504247,-0.1166268776264046,-0.1119307884744685,-0.107,-0.1028173987366694,-0.0991935472439651,-0.095843955706815,-0.091081405006359,-0.0872643408621702,-0.082,-0.075952671111959,-0.0712724511556656,-0.0652715945562505,-0.0602205176449201,-0.0562166286398012,-0.053,-0.0505458043111766,-0.0478868436430659,-0.0456564815037649,-0.0428444633149441,-0.0406029757918016,-0.0379999999999999,-0.03533444297317,-0.0337957428372949,-0.0317808960049682,-0.0305931829546871,-0.0284202630838043,-0.0259999999999999,-0.0244813896610912,-0.0217758519054277,-0.0204615431187948,-0.0195258508614961,-0.0190915337886774,-0.02,-0.019929889585725,-0.0211907376744774,-0.0227679575114568,-0.0231711967833541,-0.02424872061915,-0.0250000000000001,-0.0250183509327886,-0.0249652329513205,-0.0250785790863625,-0.0247705070076341,-0.0237973873303143,-0.0230000000000001,-0.0222229724106358,-0.0207675380628803,-0.0188850908742607,-0.017476501514828,-0.0154673810370002,-0.0120000000000001,-0.0079203638109595,-0.0026289580579515,0.0043460158238866,0.0123653265098464,0.0238442943272965,0.043,0.0637913211605173,0.0755211750095136,0.0812893125213798,0.0875749717974729,0.0929067724018282,0.097,0.101225827184319,0.1043407325843465,0.1055606451481764,0.1063510955135882,0.1070870982154881,0.107,0.1069562172977101,0.1070759889603447,0.1068965749504412,0.107128318677279,0.1068463955025975,0.1059999999999998,0.1060067212886831,0.1054486421593946,0.1046587666896107,0.1054401756108579,0.1060159190407365,0.106,0.1074473606091271,0.1110375501559148,0.1163650776966373,0.1224190482509854,0.1281073650830274,0.1339999999999999,0.1406991120902347,0.146754625298805,0.1524966758883466,0.158041290226081,0.1615904594072618,0.1649999999999999,0.1692379980452526,0.1726766722572681,0.1761271168948318,0.1786935469144024,0.1774035471628137,0.173,0.1680019230712875,0.1629804235219689,0.1580654432535672,0.1527820647856875,0.1467872840798328,0.1409999999999999,0.1359087972110683,0.1316411367710504,0.1274752549010663,0.123421642629066,0.1189879332156896,0.113,0.1064440990687642,0.098441619369482,0.0904704072339983,0.0850022098940654,0.0800247156002512,0.0759999999999998,0.0720060220297209,0.0668096905888303,0.0628224042927752,0.0598709969247878,0.057662854379476,0.0569999999999995,0.0578133188997373,0.0581967699165348,0.0578005400653621,0.0581786885021175,0.0578775893121412,0.058,0.0589509469984404,0.0588881802053757,0.059541406837128,0.0599522547245843,0.0586643553838378,0.057,0.056052135577835,0.0560123061990946,0.0559379677242109,0.056103466144518,0.0558600841388388,0.0549999999999997,0.0549517502388129,0.0550549010627556,0.0549297722255495,0.0551932685780678,0.0562468234581979,0.0569999999999999,0.0569612547259029,0.0571960217232336,0.0561062363439862,0.0545050170278055,0.0538211345170196,0.0520000000000001,0.0502528895611386,0.0487761837435986,0.0469365630065515,0.045107267475498,0.0410503868122083,0.037,0.0330834156309637,0.0272193314911277,0.0216159648195514,0.0130526184468884,0.00328914626542,-0.0039999999999998,-0.0123522081685356,-0.0195525760267228,-0.0259545804140579,-0.0323087759995298,-0.0369201748959586,-0.0419999999999999,-0.0454902614820428,-0.0484999968335832,-0.0518772223057389,-0.0535853963832697,-0.0553732657412137,-0.0569999999999998,-0.0587401530532774,-0.0591872516121536,-0.058960365388867,-0.0586349890474503,-0.0566426039271763,-0.0559999999999999,-0.0537365906592898,-0.0507212449651785,-0.048235290992171,-0.0426207362817327,-0.0381407516115366,-0.0299999999999999,-0.0171522459148559,-0.0089579789466966,-0.0047009841494741,-0.0020628680311246,0.0005744790792145,0.0030000000000001,0.004686619652518,0.0054857558793399,0.0036125821958489,0.0007601083389713,-0.004238041150047,-0.011,-0.0189241898276788,-0.0312091209249885,-0.0457102219647324,-0.0592291996766254,-0.0713052619024416,-0.0819999999999999,-0.0919335616189127,-0.1023719974801908,-0.1097971295142508,-0.113369788748338,-0.1179357105641911,-0.1210000000000001,-0.1233861299418843,-0.125775911963021,-0.1261881096226557,-0.1276858979099093,-0.1278308505255245,-0.127,-0.1262666955860826,-0.1251344033265314,-0.1247515903785781,-0.1234308438495947,-0.1229835324427601,-0.1219999999999999,-0.1202910771453556,-0.1182589394856087,-0.1154567721803812,-0.115036490243733,-0.1150873094874609,-0.1179999999999999,-0.1230418216370103,-0.1284165877139644,-0.1344219848372261,-0.1389775831321351,-0.1466512557160837,-0.1519999999999999,-0.1552828965296435,-0.1561349401136095,-0.1501860943847414,-0.146459360932232,-0.1312571421099407,-0.0989999999999998,-0.0570610276069595,-0.0006844157035405,0.0716126593469113,0.1639089686081525,0.2658713724696508,0.378,0.4934470890210548,0.5984968518964084,0.6968529165864773,0.7497321082816284,0.7595304168693692,0.7419999999999999,0.6552706481621309,0.5145386056208826,0.3450681015951597,0.1632574489448328,0.0023042153597888,-0.1189999999999999,-0.1797090212354428,-0.2037960570817113,-0.2141393799695509,-0.2094410379737516,-0.2067933206081662,-0.2040000000000001,-0.2027139291060324,-0.2030266506863469,-0.2008098154629123,-0.200962053459925,-0.1968830470154113,-0.1930000000000002,-0.1891973449382636,-0.1835516150068828,-0.1795543572553685,-0.173484203051158,-0.1693664285857533,-0.165,-0.1605299175647696,-0.1577598459190776,-0.1529052457820296,-0.1480121427301548,-0.141625685296353,-0.136,-0.1311531367062383,-0.1256624058821244,-0.1217160294662353,-0.1170781981376598,-0.1133869780321962,-0.1100000000000001,-0.1065555292921566,-0.1035519126787075,-0.0996967839990509,-0.0971016368399608,-0.0944037254009833,-0.0919999999999998,-0.0903639655512343,-0.0886206885804546,-0.0867997061533911,-0.0836158104235872,-0.0803718991649658,-0.0770000000000001,-0.07433347259093,-0.073115157553795,-0.0735781951108623,-0.0760770998952562,-0.0785139572916668,-0.0819999999999999,-0.0854104007254733,-0.0889857857005054,-0.0941695850473657,-0.098758084590113,-0.1025667291486225,-0.1019999999999999,-0.0971349438308328,-0.0909125283374352,-0.0836779711209996,-0.0778022624012924,-0.0716658670178772,-0.065,-0.0577418387067379,-0.0485349012547438,-0.0402942524659465,-0.0332133265732832,-0.0268036379036339,-0.021,-0.0150643709928051,-0.0104922408353931,-0.0066218868817098,-0.0023131478307594,0.0020952909792456,0.013,0.0322872579225126,0.046888355280537,0.0532250642235421,0.0577472987000708,0.0618586320578795,0.0669999999999999,0.0720842809042776,0.0768734711309969,0.0821277793338353,0.0869045876713687,0.0920452581494364,0.097,0.1019881881706843,0.1069436790478023,0.112452895084142,0.1180112845711432,0.1216959203184015,0.1260000000000001,0.130265452322411,0.1341754860219663,0.1386841477044829,0.1424064657365788,0.1455283724006728,0.1469999999999999,0.1471972479051445,0.1447426312201842,0.1406546026237584,0.1378126784472671,0.1328421463381804,0.1279999999999998,0.1233690189356574,0.1153541656786247,0.107615372486151,0.1019774701283035,0.0984532112553129,0.0959999999999998,0.0934611833787798,0.0911048443039941,0.0884493500644193,0.0887978887376704,0.0943899331955052,0.1009999999999998,0.105282530963595,0.1091849586041797,0.113693081756583,0.1172416061836734,0.1192945445937684,0.1199999999999999,0.118700261734689,0.1136761703187712,0.1069929577079692,0.1001395971902242,0.0924866123629228,0.0849999999999998,0.0752121973724601,0.0650021821433438,0.0586262064777574,0.0544886142016732,0.0514653867613031,0.0489999999999999,0.0465876030650649,0.0428671772795062,0.0386708192818563,0.0388931908007578,0.0458056583860487,0.055,0.0609716721148661,0.0670439750733058,0.0740080636532322,0.0786856994554667,0.0827234085210336,0.084,0.0809905506971516,0.0749688468808506,0.0674477981096311,0.0600174424683259,0.0525633199573192,0.0459999999999999,0.038662817949197,0.0302698095503173,0.0222337427309489,0.0158944553647373,0.013933400731535,0.0149999999999999,0.0181745477674739,0.022352826842939,0.0265239619989746,0.0306130906626876,0.0366023835269773,0.046,0.0465975214207415,0.0361824966642931,0.0270160159656745,0.0205547289353647,0.0148710744563347,0.0090000000000002,0.005259758074429,0.0048028867236792,0.0061834672413128,0.0114678814397229,0.0169918672139642,0.024,0.0378108589354307,0.0522442985470339,0.0589260905857315,0.0608618736556341,0.0646876264936825,0.062,0.0495444427823232,0.0390099668965551,0.0316216917688611,0.0239953425536766,0.0180384580938197,0.015,0.0140621219266612,0.0139569146815581,0.0140344726445798,0.0139825510382718,0.0139937329311933,0.0140000000000001,0.0148478752534407,0.0140172771651221,0.006892645047563,-0.0050304122831501,-0.0174220695732966,-0.03,-0.0435820300257683,-0.0533736170482405,-0.0598243301797902,-0.0665769064120747,-0.070511077564928,-0.0719999999999999,-0.0707187003604274,-0.0662387455242905,-0.059961302147095,-0.0514353410682712,-0.0419170209548123,-0.0290000000000002,-0.016696243127316,-0.0101072776124654,-0.0047913294871636,-0.000518889692998,0.0025917360189329,0.0049999999999999,0.0067232532972838,0.0069766540192819,0.003664704100407,-0.0009300735586825,-0.0075980886456872,-0.0179999999999998,-0.0362530307322135,-0.0594875605557037,-0.0707935172912769,-0.0727404455132716,-0.076947967512897,-0.0799999999999998,-0.0816006916572755,-0.0831436491086675,-0.0817970395451034,-0.0787456189931403,-0.075207621569064,-0.0709999999999998,-0.067020471920806,-0.0603200876756604,-0.0531304111565389,-0.0528207715398316,-0.0583894702663462,-0.0659999999999999,-0.0713410895562527,-0.074495990924846,-0.0782515209917575,-0.0810632311065123,-0.0849051103880872,-0.089,-0.0922761974197557,-0.0957884616851894,-0.0990690579307571,-0.1042673270284499,-0.1104750191803434,-0.124,-0.145308752738033,-0.1590307318357914,-0.1659626618007531,-0.1723053718364029,-0.1753299373459702,-0.1759999999999997,-0.1746437311545339,-0.1703296946339908,-0.1639562757699485,-0.1550022165575749,-0.1420184301481084,-0.1229999999999999,-0.0960120207951074,-0.0655818081438972,-0.0321226192799161,0.0127435790385195,0.0752669545823039,0.1619999999999999,0.2716911302665914,0.4009102698262758,0.5422434300856794,0.6774289309004812,0.7906013455098243,0.853,0.8601229834168046,0.826623664860112,0.7265128994387984,0.5651522698847865,0.3860383717628527,0.2120000000000001,0.0628601067090926,-0.0526512123389901,-0.1269361078959633,-0.1592220804557441,-0.1732553621564767,-0.181,-0.1844340945226303,-0.1871268751962959,-0.1890917175897914,-0.1904541421590461,-0.1911216725731714,-0.1919999999999997,-0.1928416514186985,-0.1937198126831844,-0.1940962871146074,-0.194021122501052,-0.1938436445170854,-0.192,-0.1903131497055956,-0.1881499844248611,-0.1856690437930145,-0.1845846508033516,-0.1824831799576829,-0.18,-0.1768275470322075,-0.172572562629377,-0.1688422637809541,-0.1661769221209151,-0.1662193757994965,-0.1680000000000001,-0.1711219376435076,-0.1759911691920827,-0.1807430296491374,-0.1841715758418206,-0.1864833323335252,-0.1899999999999998,-0.1942673063163704,-0.1976520015184748,-0.2010868078806112,-0.2040968813206383,-0.2064329179300227,-0.2079999999999999,-0.2080807624889268,-0.2078785439555331,-0.2081774556723842,-0.2076665916433789,-0.2068894357742885,-0.2059999999999998,-0.2035167215471388,-0.2015465371751084,-0.1997896125183079,-0.1967839011615174,-0.1946676707539288,-0.1929999999999998,-0.1913422766543169,-0.1891757789930996,-0.1863087647068125,-0.1841937043626424,-0.1813122813074602,-0.1779999999999998,-0.1755515215649694,-0.1719837924152813,-0.1666957385842492,-0.159893485137683,-0.1465263541614505,-0.125,-0.1038712213536681,-0.0842662469283992,-0.0636760004240512,-0.0443894948783107,-0.0252758648583885,-0.01,0.0008117096698502,0.0119716146557668,0.0209435970417702,0.0275056586494536,0.0329839409558812,0.0379999999999999,0.0452958139740526,0.0538271120483477,0.0612728289744271,0.0673162438162017,0.0732053210048294,0.0789999999999999,0.0834026313399721,0.0851186253342946,0.0844870988460217,0.0836016222966054,0.0814461995666997,0.0789999999999998,0.0773819687160894,0.0755018042675324,0.0743316677868276,0.0716366302712626,0.0685512551953689,0.0669999999999998,0.0651619525485827,0.0658821147739769,0.0688914334732133,0.0727409146973789,0.0780963893751926,0.0829999999999999,0.0879078316858385,0.0935973992628516,0.0998230929019191,0.1069585982086457,0.1144645810912452,0.1210000000000001,0.1267766054573635,0.1332324732400627,0.1405244089527181,0.1503200967081339,0.1624924536989059,0.1749999999999999,0.1894551189605813,0.2105497549532856,0.2363791672731031,0.2527872155588604,0.2591311344502575,0.2659999999999998,0.270572571010413,0.2720457869374983,0.2701767851896383,0.2625890665945042,0.2542461297317521,0.2399999999999999,0.2144524416266928,0.1905363968920996,0.1767807100762216,0.1674286299052464,0.1595430200722233,0.152,0.1435144169672177,0.1370825332153347,0.1318788966027246,0.1274610484582471,0.1243699449270323,0.121,0.1184999967954181,0.1154116417492322,0.112318868942834,0.1099136634301739,0.1062852841393951,0.1039999999999999,0.1023958591553791,0.1005681765755596,0.0990879157940693,0.0973006249808934,0.0956069407680304,0.0930000000000001,0.0912043575624434,0.0898569597740209,0.0877977613203336,0.0865013989919388,0.0845707346234517,0.0829999999999999,0.0814357762921605,0.0794705710153897,0.0782779589207433,0.0759126692427037,0.0735976849511816,0.0709999999999997,0.0675629528274622,0.0650779149532719,0.0620480757739353,0.0587018480674643,0.0552509840938694,0.0509999999999999,0.0440997394943976,0.0311153432395193,0.0167990714334786,0.008461035417493,0.0042087886416801,1.0105496686365867e-16,-0.0034656267208037,-0.0059794035568719,-0.0085544316533188,-0.010840114360707,-0.0121387845658418,-0.0119999999999999,-0.0112720281049392,-0.0087829067364391,-0.0041670261591221,-0.0009991247919739,0.0016710593805865,0.0060000000000001,0.0102312444234082,0.0142000539413584,0.0189437079124097,0.0240150958739973,0.0290067813005609,0.0339999999999998,0.0382387856330016,0.0421945231706645,0.0469234559858894,0.0521751814615658,0.0582727468442675,0.0639999999999998,0.0668627690061969,0.0661713668238516,0.0624205604968774,0.0563790877351657,0.049769373615774,0.0450000000000001,0.0416383634804941,0.038775257180002,0.0371124418063096,0.0349030393455086,0.0312048278979206,0.0269999999999999,0.0220209076679741,0.0174149220865129,0.0140931398724255,0.0103904155033678,0.006212892075717,0.0029999999999999,-0.0001764012154714,-0.0049246268901917,-0.0097967284080994,-0.0130960004977853,-0.0138638565473494,-0.0109999999999999,-0.0061551999620408,0.0006666525017596,0.0091474825617529,0.0203706906227184,0.042154932949963,0.066,0.0776959086784226,0.0837131613749348,0.0890526983942716,0.0943456639302341,0.1014374868767479,0.1079999999999997,0.1147014236989556,0.1202799364275959,0.1247523882473614,0.1301989514478774,0.1348425048279044,0.1389999999999998,0.1431306385322787,0.1479210410911078,0.1527686944782796,0.1564519211710991,0.1610146270942364,0.166,0.1702149800034859,0.1742108018690087,0.1789830344054543,0.1838052963602373,0.1878083741865307,0.1919999999999999,0.1946815785320209,0.1962807120279943,0.1978069873648719,0.1979343117830513,0.1980669082995744,0.1980000000000001,0.1971587465100731,0.1964018464730418,0.1951414128453479,0.193104593478886,0.1904436691013975,0.189,0.194692520477305,0.2083306302840642,0.2213862928083928,0.232554911987281,0.2442030332172797,0.2529999999999998,0.2597089833733821,0.266142859089714,0.2746132365730512,0.2905652444106897,0.3153885350289234,0.341,0.3644158317075146,0.3988102546552899,0.4478717301096354,0.5094743482894151,0.5880888531990884,0.6829999999999999,0.7954353783911151,0.9238367299581376,1.0663280792526566,1.2229217512709405,1.385619586633519,1.5449999999999993,1.6805717111095018,1.759860195449092,1.755320665610964,1.664182819815483,1.5027105991634315
1.287,1.054427250502245,0.8474924394870991,0.6926230639780416,0.6041803088434894,0.5644622926223324,0.546,0.5306772276007514,0.5110947012354281,0.4891830601958677,0.4501614305650739,0.3892037357780507,0.3360000000000001,0.3136887871293295,0.3061776126222849,0.2959540235362293,0.2983875815545003,0.3127055540060975,0.3209999999999999,0.3260066476007818,0.3300479869387429,0.3323564634321922,0.3350970498468518,0.337504057965282,0.341,0.3445396232627898,0.3462939366187017,0.3486149522863351,0.3529193593829903,0.3579817281162289,0.3629999999999999,0.3734715453091199,0.3959027148747792,0.4234627587937608,0.4494058500561127,0.4779638032495364,0.507,0.533685274576677,0.5600443011517279,0.5840874493440588,0.6075412105848343,0.6300240307092532,0.644,0.6515517588341437,0.6577521820472224,0.653849547437381,0.6378672810957826,0.6189983508754048,0.594,0.5642511068565648,0.5430329881194198,0.5329149063130487,0.5264017338063803,0.5233844615155123,0.541,0.5858592609884224,0.6466726091863324,0.7225106550420933,0.8116380647658344,0.906277323741476,1.0059999999999998,1.1080882056849737,1.203460354568648,1.285409282912532,1.3543772164282455,1.4176555811237253,1.483,1.5506747001984331,1.612877008389796,1.649889656128861,1.6509251800414388,1.6319572621137173,1.5869999999999995,1.4990753564230543,1.390583724306362,1.2769010947797783,1.156938548092443,1.0430934736413393,0.938,0.8416409584375442,0.7582356913037036,0.6805472347752867,0.6028319003191663,0.5242927305826603,0.4490000000000001,0.3850622585609679,0.3364372536665023,0.3048687536495253,0.279600463677349,0.2513940155249269,0.2260000000000001,0.2011801762057578,0.1760985587207466,0.1537575703963344,0.1304651952994101,0.1060225731042999,0.08,0.0540485924020991,0.02843618088768,0.0033718533195264,-0.0164009071751452,-0.036305716822649,-0.0590000000000001,-0.0828396529964855,-0.1094931008862641,-0.1346652068767465,-0.1561236447719378,-0.172990503085266,-0.1869999999999999,-0.2012537765972868,-0.2149627885659497,-0.2310157104190525,-0.2468233986267487,-0.2579469222269757,-0.267,-0.2753577253567686,-0.2836943892747486,-0.2914847003810371,-0.296720675450462,-0.2994510511320462,-0.3019999999999999,-0.304624410389647,-0.3062404994835901,-0.308465817682812,-0.3109405451948267,-0.313624404805718,-0.3169999999999998,-0.3195526604521203,-0.3219489763176494,-0.3245341962567972,-0.326982152261466,-0.3295102855481481,-0.3319999999999998,-0.33378601480748,-0.3346457721931275,-0.3355728041998798,-0.3362195622613371,-0.3373112935012802,-0.3389999999999999,-0.3405401243725536,-0.3435743563746481,-0.346759047043441,-0.3487039361950396,-0.3502590317388067,-0.3509999999999997,-0.3517771368894147,-0.3527887629854891,-0.3530921308316029,-0.3528171073796027,-0.3517025455480465,-0.3500000000000001,-0.3483350526117748,-0.3466526584948292,-0.3450290913043554,-0.3432932777830538,-0.3417032801888708,-0.34,-0.3382116278579862,-0.3374819071025041,-0.3356057040905542,-0.3333317629613038,-0.3329025058230213,-0.3309999999999999,-0.329123242644774,-0.328543238926587,-0.3269287544677225,-0.3254548798339168,-0.3235355381287122,-0.321,-0.3177588098985986,-0.3141996360330921,-0.3107596994238408,-0.3035807180142467,-0.2941909508891684,-0.2859999999999998,-0.2784141035815394,-0.2720108597365236,-0.2676632615366993,-0.2650380660510572,-0.2625060272283134,-0.261,-0.2602798574733327,-0.2586053872457546,-0.2571797440746641,-0.2549520292669273,-0.2526433649611019,-0.251,-0.2484689592894521,-0.246625775668913,-0.2446878892019504,-0.2418976143288643,-0.239542006014027,-0.2369999999999999,-0.2344790572598646,-0.2320014212022372,-0.2297676243600327,-0.228577990896912,-0.2263477824475098,-0.2219999999999999,-0.2177740246812108,-0.2137399842422295,-0.2096083437051682,-0.2075311676929742,-0.2083600458133778,-0.2109999999999998,-0.2142696321585727,-0.2182595729238723,-0.222538503244704,-0.2267483995685,-0.2322756887190931,-0.24,-0.2478927687695837,-0.2506992308792478,-0.2476031117168769,-0.2409964040619548,-0.2321537807091099,-0.222,-0.2080803878189583,-0.1934066303111541,-0.1788722774180234,-0.157716908220023,-0.1347928072123599,-0.1179999999999998,-0.1061481711489879,-0.0953541880523174,-0.0847555592357061,-0.0752945798217911,-0.0662830546185255,-0.059,-0.0523812160519096,-0.0459937457958357,-0.0412464876053242,-0.0353566830135086,-0.0272134792805217,-0.018,-0.0111623785765605,-0.003966826073748,0.0051169509951614,0.0033579268404853,-0.0116259164292822,-0.0319999999999999,-0.053169519351763,-0.0699386936475563,-0.0811380352821625,-0.0889228747693769,-0.0965714811906743,-0.1029999999999998,-0.1056441114604565,-0.1078572505800006,-0.110615641815148,-0.1129139078737542,-0.1155564105405759,-0.1179999999999998,-0.11967356582813,-0.121389234742747,-0.1226149895485608,-0.123287539997578,-0.1241680396413051,-0.1249999999999998,-0.1259581228431653,-0.1253935546840087,-0.1249000341924314,-0.1246631298648562,-0.1226224250541729,-0.1219999999999999,-0.1204871180180352,-0.1189317984854396,-0.1189021595382597,-0.1173558175229349,-0.1169597087663413,-0.1149999999999999,-0.1123003945115756,-0.1104883792686848,-0.1055505515235787,-0.0944404590706852,-0.0748150077405142,-0.057,-0.0388761837945126,-0.0104535535319428,0.0254636696330241,0.0722029199730723,0.1306401501860264,0.2029999999999998,0.289887729980481,0.3942316043607218,0.5227211613008257,0.6676339515491027,0.8245482005228211,0.963,1.0404415533510758,1.0541882840506125,1.0003219851903968,0.8547165898421204,0.6251996804958618,0.3769999999999998,0.1518960800407924,-0.0255780929410258,-0.1151178700924628,-0.1503364076462104,-0.1615485831721465,-0.1450000000000001,-0.1360479560480722,-0.1343615622812694,-0.1292513448033973,-0.1291111129265648,-0.1261770154994563,-0.1240000000000002,-0.1232993726763737,-0.1221303401156303,-0.1216406268447216,-0.1207913981538853,-0.1209514688143582,-0.119,-0.1171920540168721,-0.1158282309481472,-0.1141277003856696,-0.1140689529642158,-0.1139772622241311,-0.1140000000000001,-0.1132110225077331,-0.1123710270080568,-0.1110519482276357,-0.1095590764773911,-0.1087624859758687,-0.107,-0.1061542010418446,-0.1047752108754563,-0.1030234624103953,-0.1010912037041399,-0.0983771703380539,-0.0910000000000002,-0.0742238235893614,-0.0632467106727292,-0.0605200982046673,-0.0563760439766092,-0.0548363433407014,-0.052,-0.0483475675531618,-0.0469054693798856,-0.0443456462286619,-0.0423126169203092,-0.0407079031751307,-0.04,-0.0392629892038622,-0.0381736277224375,-0.0376785505622251,-0.0365145741169554,-0.0359238952107563,-0.035,-0.0333891739595995,-0.030673410739041,-0.0263003705284851,-0.0228873587353188,-0.022103118946641,-0.0239999999999999,-0.0257151522610707,-0.0277627456011353,-0.0307083284115417,-0.0329674365163037,-0.0368697583553777,-0.0389999999999997,-0.0352328115430532,-0.0286432198111033,-0.0223135769622221,-0.0169464906871181,-0.0120174683648852,-0.007,-0.0026097261386035,-0.0005252705095791,0.0011905006800818,0.0043558689150748,0.0076537180448282,0.0110000000000001,0.0142605240660925,0.0190683877018142,0.0275215334989925,0.0385085780944094,0.0489285243727874,0.058,0.0678983352199338,0.078253255939257,0.0866747885217994,0.0916815013853748,0.0959392803379591,0.101,0.1080245683943342,0.1186237544899506,0.1245245845585353,0.1252804440404621,0.12756064845123,0.1299999999999999,0.1298584183607909,0.1222786916471147,0.112597622292225,0.107042333193201,0.1020312707520581,0.098,0.0931269642999127,0.0878879987108582,0.0827508362407535,0.076606917110017,0.0706002434525033,0.061,0.0541466429207826,0.0570733905419497,0.0650658654213763,0.0726637327211056,0.0765881864142743,0.0799999999999999,0.083495832269996,0.0858840445996643,0.0887096761056305,0.0906292963134251,0.0924364713578946,0.0950000000000001,0.0975620477800109,0.0993956448258047,0.10100845366608,0.1024676875833034,0.1031411325784185,0.1039999999999999,0.1040088675685218,0.1045671318026478,0.1052055629342232,0.1050748529959735,0.1062015749520078,0.106,0.1066254071301422,0.1080017216871407,0.1080905870667252,0.10985304902174,0.1111601886963853,0.1119999999999999,0.1114332020843064,0.109032304525979,0.1056751713566664,0.0993200551254734,0.0939771450591263,0.085,0.0711806633233273,0.0636385403686694,0.0592163447871983,0.0540670228564346,0.0503076649819385,0.0479999999999999,0.0522084153541444,0.0625500305976092,0.0739425056381071,0.0879901364460858,0.1010467692131231,0.1059999999999999,0.1075862138879104,0.1095069180761225,0.110776890352869,0.1128957771140074,0.114129873105597,0.1149999999999999,0.1159786629058387,0.1158600811804185,0.1165442753062681,0.1170801638080689,0.1169949554239764,0.117,0.116965273923382,0.1171140290600672,0.1165604346599443,0.1156493619876374,0.1148419137438349,0.1139999999999999,0.1124250441567678,0.110467272000546,0.1095658424773701,0.1084143434588935,0.1066541129232493,0.105,0.1033166913562635,0.1017390207615548,0.0996257889971139,0.0968970954363143,0.0946167597313124,0.0929999999999999,0.0913274920205784,0.0897394326860408,0.0875720760662285,0.0851339097257926,0.0837498142717232,0.0819999999999999,0.0802436364631224,0.0792505333834054,0.0788863675636224,0.0790386081535703,0.0790555589731269,0.0800000000000002,0.0801490443010128,0.0797276865003281,0.0806023722525289,0.081213897605362,0.0822439737185194,0.0830000000000002,0.0837414911252522,0.0848453544431426,0.085248793957838,0.0867068838578994,0.0883270848980291,0.0910000000000001,0.0937839867054595,0.0940719649019317,0.0935927982516844,0.0901700005834014,0.0850690710232957,0.0810000000000001,0.0768075977052226,0.0727887000032802,0.0681873904836959,0.0653071947453876,0.0665583765655875,0.071,0.0761116083729796,0.0803177538974731,0.0845109804712098,0.0889192367709506,0.0954051715776125,0.1010000000000001,0.1050404114691568,0.1095940084399725,0.1139912998725551,0.1250581151656176,0.1290800079255273,0.1150000000000001,0.1041187692700802,0.0986070223636887,0.0925468014924197,0.0881602823023418,0.0815948873422408,0.0759999999999998,0.0710717399994055,0.0663702814576951,0.0627870206747909,0.05813291689268,0.0542113793486615,0.0490000000000001,0.0438623290785905,0.0388064316020077,0.0316199857516355,0.0259878667848257,0.0210000185916821,0.0169999999999999,0.013784434683418,0.0096372949482514,0.0055183943020716,0.001585749196424,-0.0002343824188945,-0.0020000000000001,-0.003850708525541,-0.0044723312944431,-0.0060864833222444,-0.0074137388917143,-0.0080891234346462,-0.0079999999999999,-0.0080074426597351,-0.0070278092320628,-0.0046253328903003,-0.0036611917449711,-0.0014591772726201,-2.5263741715914668e-17,0.0006504334999243,0.0024547605053929,0.0042955742920487,0.0093928402534904,0.0169137314580911,0.0349999999999999,0.0668466723095556,0.1054078801668677,0.1568241805662109,0.2261647551040167,0.3182932950416435,0.43,0.556981139549832,0.6914950572943843,0.8124325861916005,0.9147371440285814,0.9711808093923294,0.9759999999999994,0.954602544423488,0.8674232828608932,0.7143765078272115,0.5355898940229347,0.3358227748699677,0.1539999999999999,0.0075720448796583,-0.0997809820689509,-0.1457213934556156,-0.1611452979774137,-0.1651285047096567,-0.148,-0.1222821375479435,-0.0962406215841282,-0.0757625766967123,-0.0617337717721727,-0.0517054974065493,-0.054,-0.0663206942997326,-0.0791557401254814,-0.0911595272134671,-0.1021591796897034,-0.1103810429592181,-0.1159999999999999,-0.1210437983857447,-0.125408844743346,-0.1295588512574568,-0.133042661008749,-0.1326862158524124,-0.1309999999999999,-0.1272405763073126,-0.121019020595757,-0.1150737118056355,-0.0989147954911306,-0.0788360987333881,-0.0719999999999999,-0.0696934589082482,-0.0666833054916307,-0.0648368742363705,-0.0617109757173517,-0.0597165419613856,-0.058,-0.0562337940252063,-0.0552710149111664,-0.0548596080589821,-0.0550758319698277,-0.0549830760644714,-0.0549999999999999,-0.0542015618006441,-0.0537669035726408,-0.0544625470479501,-0.055548560087213,-0.0573071440173812,-0.0579999999999999,-0.0588027897882674,-0.0592057451956052,-0.0588420224138773,-0.0589626060764735,-0.0576888403801097,-0.057,-0.0563167593502737,-0.0550120261585546,-0.0552309367932081,-0.0545624906238301,-0.0540085124925917,-0.0540000000000001,-0.0531081363668896,-0.0530034330512283,-0.0526392110074833,-0.0516061957950446,-0.0508491379380698,-0.05,-0.0492061452738438,-0.0477747125402022,-0.0459099110487901,-0.0443967491457156,-0.0426395209333558,-0.0410000000000001,-0.0386412055577695,-0.0353085377040841,-0.0318119243133735,-0.0268923762887173,-0.022146636397415,-0.0180000000000001,-0.0145069007082716,-0.011716597624169,-0.0069608193318981,-0.0016627761657332,0.0102025937913077,0.0269999999999999,0.0344345322860619,0.0374640091093694,0.040836862277554,0.0428566744451569,0.045419077689671,0.0459999999999999,0.0467632618498843,0.047237279331049,0.0468525993720624,0.0468922684367144,0.0458203733716527,0.0460000000000001,0.0453268690582337,0.0441451797213577,0.0433915287509893,0.0410270405052261,0.0398835424959181,0.0390000000000001,0.038140429036832,0.0368783470558361,0.0348287419486458,0.0333103931336816,0.0303433549997103,0.0280000000000001,0.0263452994174055,0.0254848842858219,0.0274067722853788,0.0301390012821652,0.033830172505924,0.0380000000000002,0.04147500804192,0.0434228061637617,0.0452687829029353,0.0481100864993033,0.0505248169523661,0.0540000000000001,0.0566771927148642,0.0583173401643534,0.0594784864480012,0.0583871995168634,0.0565452143779092,0.0529999999999999,0.0495249248149211,0.0465758028340928,0.0426991626792357,0.0399934753326158,0.0359697824021606,0.0299999999999999,0.0240751154692234,0.0194017651779768,0.0162141458022763,0.0148018067991134,0.0164882267735928,0.0189999999999998,0.0222888185719823,0.0251874458365146,0.0278160270241303,0.0335897320386366,0.0387046152489938,0.0389999999999999,0.03487028572643,0.0320953646896556,0.0318560229481493,0.0302309715054938,0.0287198707748768,0.0269999999999999,0.0267552280301115,0.028218549881044,0.0309999271909564,0.0359991516382613,0.03967811152213,0.0439999999999999,0.0468237413119601,0.0483730586569073,0.0528678317969797,0.0560896134554212,0.0598911772601645,0.0630000000000002,0.0637841697289892,0.064495343438212,0.0624750265511368,0.0601978707249654,0.057255983828542,0.0540000000000001,0.0524156921986269,0.0498944688297013,0.0480842467172062,0.0458517706405023,0.0423455730900655,0.04,0.0383379699242971,0.0366189663326941,0.0353533649763057,0.0347466549588856,0.0338474941249264,0.034,0.0341380955596852,0.0336776648648573,0.0349743123658698,0.0366189749255453,0.0383770047996482,0.0399999999999997,0.0416027388305591,0.0437929310691088,0.0476985319492912,0.0524965499122078,0.0496881427968708,0.0419999999999998,0.0376751038204843,0.0337735570145338,0.0297061526356853,0.0270205733087791,0.0244954135771465,0.0229999999999999,0.0245062822478439,0.0265162896077197,0.0280622984799337,0.0315293330074649,0.0344897878772019,0.0379999999999999,0.0439828852458547,0.0463336458532618,0.0411581786682217,0.0350002942090774,0.0326367835230954,0.0299999999999999,0.0281435378542564,0.0269861597222723,0.0245717641292121,0.0240182389583686,0.0239384535695108,0.0239999999999999,0.0247619464658692,0.0267346796632272,0.0297436193909136,0.0319205371499468,0.0359582363318652,0.0399999999999998,0.0432007877379806,0.0474215572127564,0.0513139372994897,0.056009663547641,0.06093512350848,0.065,0.0668956205392373,0.0671126439018173,0.0662851383631225,0.0641935295984437,0.0626130136038276,0.059,0.0555009786714467,0.0518667250017316,0.0433358630207967,0.0326091258710746,0.0203344377177593,0.004,-0.0191559920295872,-0.0398421672302971,-0.050696073779642,-0.0594847208026021,-0.0660561526786544,-0.0709999999999999,-0.0739625091321609,-0.0733314593338116,-0.0721455924346139,-0.0679671531009108,-0.063095728563698,-0.0569999999999999,-0.0457357671268538,-0.032198020582522,-0.0246009899255299,-0.0238554710253433,-0.0213878072906795,-0.02,-0.0185473927768057,-0.0168212861936611,-0.0167480272598939,-0.0138765332927657,-0.0141671294933173,-0.0099999999999999,-0.0051342993691548,-0.0152261707019346,-0.0285864270527224,-0.0389766250252386,-0.0475252941371709,-0.0539999999999999,-0.0555779922060391,-0.0512094199352736,-0.0447664121209464,-0.0314055263232389,-0.0021067680899394,0.056,0.1346630892386654,0.2301608972635492,0.346425144213657,0.471218201554905,0.6123888845131615,0.7569999999999999,0.8970128547335874,1.0115438250162772,1.049357565570978,1.0365574640679192,0.9574727621595336,0.773,0.5378902161026811,0.2933134098182427,0.0737027183292447,-0.0866840756224203,-0.1673351307617909,-0.18,-0.1666793123115227,-0.1288941721694726,-0.0988827335069349,-0.0961349661131528,-0.0966634565602951,-0.109,-0.1228035691212283,-0.1354178454273726,-0.1461976122313334,-0.1472577746593186,-0.1521059394555713,-0.1530000000000001,-0.1533096742409861,-0.1555566867459691,-0.1542398747641561,-0.1556238718740763,-0.1547173696401061,-0.156,-0.1565376685678987,-0.1541619521320097,-0.1533881374191266,-0.1489537677906453,-0.145377174641073,-0.1399999999999998,-0.1346129631797497,-0.1300714900398253,-0.118242238732068,-0.1100237071848141,-0.1119408511625034,-0.1179999999999998,-0.1230567934727336,-0.1286014815986441,-0.1329496470483541,-0.1304381163835737,-0.1276657260549193,-0.126,-0.1242435151358694,-0.1224124574817532,-0.1187201867625109,-0.1159752849882624,-0.1120799854593623,-0.1080000000000001,-0.1033476417146735,-0.0962362243074471,-0.092172027813021,-0.0926214785402897,-0.0956500050108074,-0.0979999999999999,-0.1003788923065074,-0.102502722838641,-0.0997744244402181,-0.095321091393178,-0.0910398805569571,-0.0859999999999999,-0.0852258834483598,-0.0914687129044496,-0.1010722790729944,-0.115558753411139,-0.131702987045845,-0.139,-0.143005216493065,-0.1472114001973527,-0.1488547894093729,-0.1505898022446866,-0.149537014253089,-0.147,-0.1423757846042127,-0.1355315412641185,-0.1274893283354046,-0.1071105069545006,-0.0815290542943036,-0.0670000000000001,-0.0593437955421751,-0.0531220913404549,-0.0480043073340687,-0.0429665940753566,-0.0380684238528756,-0.0339999999999999,-0.0306529452366444,-0.0273419308138197,-0.0240066952103558,-0.0205538340061905,-0.0159631411527894,-0.011,-0.0083636440914927,-0.0061334561791084,-0.0036443968805001,-0.0027509074298032,-0.0017730801180701,-0.001,-0.0002279142518646,0.0007721506309794,0.0013763271757658,0.0024514759211632,0.0030555749304553,0.0029999999999999,0.0021710413233018,0.0018645039126033,0.0018273421510861,0.0004164006355686,-1.6556132787703365e-05,-0.0009999999999999,-0.002755215865273,-0.0041147857719474,-0.006551173039594,-0.0090349330033245,-0.0128786264434427,-0.0159999999999999,-0.0154419203142056,-0.0121425659802072,-0.0062064717387102,0.001368172903889,0.0139809833622086,0.0279999999999998,0.0350860306730175,0.0399355050839807,0.0444671018265191,0.0467735979510905,0.0481308613569651,0.0469999999999998,0.0444805568603293,0.0420232806368631,0.0397197655934285,0.0387295876649638,0.0377172313448748,0.0359999999999997,0.0343356327468241,0.0326465177653133,0.0310443152725007,0.029260692773428,0.0277767313076898,0.0269999999999995,0.0261325778300953,0.0259089116076963,0.0258257270923932,0.0242348572522629,0.0228095344929218,0.0219999999999997,0.0210534738285522,0.0215181295596194,0.0225740122818056,0.0234386123016623,0.0254526156371941,0.027,0.0277473330705101,0.0293605973215906,0.0306315432503496,0.0312617274259434,0.0322060672182694,0.0329999999999999,0.0330551845244337,0.0328789949188271,0.0334308117154172,0.0343685002810456,0.035141462201025,0.0359999999999999,0.0376354747406398,0.0389398739573009,0.0388985702767774,0.0391433957974928,0.0388735522465915,0.0390000000000002,0.0407358793563689,0.041595665766611,0.04304405695237,0.0442074375127488,0.0440202030010016,0.0449999999999998,0.0458121569302449,0.0476630000433737,0.0511087147692143,0.0541565722172804,0.0562511590662878,0.0559999999999999,0.0551517464327425,0.0538787070616463,0.0517616335201782,0.0506657424544025,0.0498671229159274,0.05,0.0501840861652825,0.0487141526639881,0.0470097653256013,0.0452884252602901,0.0437469220960956,0.0429999999999999,0.0429681426857129,0.0430565175518205,0.0427270103357665,0.0411576748996381,0.0385103481717217,0.037,0.035445438995665,0.0334414607683372,0.0323838689663439,0.0294886258072335,0.0252446476839383
0.0229999999999999,0.0228644481725745,0.0237073865365304,0.0243569262307727,0.0257971063869483,0.0284970979308709,0.0289999999999998,0.0265141028359419,0.0245651704161103,0.0227522473897627,0.0199328782889178,0.0189921293708929,0.0189999999999999,0.019530449708104,0.0231081886725368,0.0278697843745986,0.0333357601687788,0.0390417343539985,0.044,0.0505648960231282,0.0574159450437392,0.064028047350487,0.0702881524536649,0.0749086319098795,0.08,0.0842452270212679,0.0887489472440457,0.0939659406077736,0.0972020689916067,0.1006034415142192,0.1010000000000002,0.1006402940275835,0.1022702080314676,0.1011894365096595,0.1034994043349756,0.1027706771675434,0.0879999999999998,0.0658825910840739,0.041009869969302,0.0214462675598111,0.0097773747005109,0.0003967183930213,-0.0039999999999999,-0.0055985504515054,-0.0075272371046936,-0.0084426035313264,-0.0095816953857636,-0.0112593971822309,-0.01,-0.0041578026430826,-0.0003060250625619,0.0002421920410676,0.001710398181752,0.0032972257947617,0.0050000000000002,0.0059966400017762,0.0058766209215594,0.0064801655110984,0.0071874475856781,0.0068552087192525,0.0060000000000004,0.0052154888503406,0.0037788823298126,0.001659747563319,-0.001299872210545,-0.0046415908712542,-0.008,-0.0121771539212413,-0.0161572469503486,-0.0216173624229944,-0.0288490289062912,-0.0335668064866734,-0.0329999999999998,-0.028180645999999,-0.0206013767306006,-0.0015328544334893,0.0334206226993841,0.0775270032803368,0.1340000000000001,0.2093866921469561,0.3069944402887992,0.4290514565920556,0.5700880623801735,0.7202191433392984,0.8669999999999999,0.9925486204100014,1.071609437284286,1.0781121338541173,1.0018327082363734,0.8519243770000698,0.648,0.4243191013504756,0.2209597638490039,0.0617744341689912,-0.0361328106335175,-0.0773574185561553,-0.097,-0.1103744484620596,-0.1162392226092499,-0.1207370622298936,-0.1240858984242695,-0.1265307088212667,-0.1289999999999999,-0.1306416695890325,-0.1325002688122094,-0.1331813198794557,-0.1329320961876081,-0.1329819295133075,-0.132,-0.1295583791830724,-0.1269139424440537,-0.1246304993092582,-0.1217232361127816,-0.1183355512200398,-0.1149999999999998,-0.1108957597269348,-0.1065754730376065,-0.1026066311465464,-0.0982278544564698,-0.0942445296647145,-0.09,-0.0850253512150254,-0.0787945529639468,-0.0681623149970357,-0.0593119519705169,-0.0566467632889488,-0.0539999999999998,-0.0521085686979727,-0.0515059029216171,-0.050263013932682,-0.0500248342350804,-0.0499651184376143,-0.0499999999999999,-0.0500435957022588,-0.0499025211147234,-0.0503572018689868,-0.0516097877022909,-0.0533167550478805,-0.055,-0.0582613260032848,-0.0612597452350362,-0.0632508209854581,-0.066202961984176,-0.0683769032991421,-0.0709999999999999,-0.0743754447147338,-0.077610941953492,-0.080621530633206,-0.08057547924563,-0.078522932856475,-0.0749999999999998,-0.0699579723081599,-0.0649276999858717,-0.0555306666484842,-0.0411279495232002,-0.0305390570125462,-0.027,-0.0246100866126921,-0.0217931328626485,-0.0199906633849256,-0.0185392367135544,-0.0194526719023363,-0.023,-0.027858482747589,-0.0337768821928456,-0.0389753433428218,-0.0443866423511404,-0.0513814623437103,-0.0559999999999999,-0.056266181843151,-0.0539062542186124,-0.0481449211996896,-0.0414539151630678,-0.0342932386865969,-0.024,-0.0154907250473954,-0.0063151135944492,0.0080084544089379,0.0227899793191891,0.0365842453407555,0.0459999999999999,0.0496387413957501,0.0507960191111503,0.0516473729484689,0.0539895545918675,0.0550401775085521,0.0550000000000001,0.0529449823379824,0.0476571087463053,0.0444486668081438,0.0416897256500814,0.0385079038805054,0.037,0.0353423766332541,0.0337362332441992,0.0315842998424759,0.0289854998411911,0.0264879234200236,0.024,0.0215466770698674,0.0188799341786431,0.0167160847154173,0.0136025930647661,0.0104498700786558,0.0069999999999997,0.0011421697116957,-0.003234672800031,-0.0042017351158426,-0.0011633818411936,0.0069218935055521,0.0169999999999998,0.0254936219981638,0.0333915828671649,0.0422510371405377,0.0474013546449869,0.0494334508927898,0.052,0.053693935911187,0.0554090051902078,0.0565106212204765,0.0575839517597468,0.0592626299415455,0.0600000000000001,0.0608938207595548,0.0609668415972102,0.061494017250363,0.0619240696293479,0.0607903096453923,0.06,0.0575632752785391,0.0555320814498079,0.0534757720870426,0.0493711560903187,0.0464302707444452,0.0419999999999999,0.0368694151477394,0.0319187379443761,0.0236229857008169,0.0146421987827074,0.009422788751645,0.01,0.0132501228563041,0.0177343703007454,0.0234462281881173,0.029800295131177,0.0371724904973265,0.036,0.0266573802374983,0.0201147994931922,0.0144638669287822,0.0091014231445594,0.005247507774725,0.0019999999999998,0.0016781469639586,0.0042754237460082,0.0092540485018506,0.0156624982776638,0.0240069079357507,0.0379999999999999,0.0558521406136041,0.0680821566624362,0.0752945424741119,0.0819807481290381,0.0752178284073674,0.0589999999999999,0.0517135761882118,0.0472771381984779,0.0423914588641605,0.0401664680831488,0.0375412325182815,0.0369999999999999,0.0363581961705269,0.0350045356883949,0.0349289754774383,0.0330889714857369,0.0319272599723153,0.0309999999999999,0.0284237417357441,0.0267439199316441,0.0244827982679854,0.0222816378410156,0.0205724036222511,0.0180000000000001,0.0162978403425857,0.0145829022574463,0.0137679156119237,0.0139518561965637,0.0127233209084118,0.0119999999999997,0.0105010827263726,0.0083705920662758,0.0074307130427436,0.0045875539864099,0.0015585984517553,-1.2631870857957334e-16,-0.0023807744652523,-0.0056808772113935,-0.0087038750369846,-0.010730579317918,-0.0122137403290387,-0.0120000000000001,-0.0103958142051325,-0.0076886301644657,-0.0032699481153514,0.0002352234982292,0.0038686853583795,0.009,0.0147800361358834,0.0207701255915784,0.0263630970241713,0.0324664531930408,0.0380850858133428,0.0439999999999999,0.0497939368780139,0.0583302628578258,0.0731256429821147,0.0799609286293376,0.0775656408499229,0.0780000000000001,0.078100824934026,0.0784743101047251,0.0790613159250265,0.0770746334195568,0.0742337344347298,0.0679999999999999,0.0613019861190954,0.0522436462283066,0.0344503976145887,0.0166965792611793,0.0064813674735391,0.001,-0.0038161995233559,-0.0107243507899775,-0.0190570204381361,-0.0270652035660358,-0.0329071429530244,-0.0359999999999999,-0.0391948565244311,-0.0433926088215273,-0.0471624125527557,-0.0500548162473299,-0.0525060920188784,-0.055,-0.056005517632034,-0.0559252317001074,-0.0561119269053907,-0.0557859035982908,-0.0547037121191754,-0.0529999999999999,-0.0522107371538167,-0.0497788691476984,-0.0456031227521331,-0.0428417802492921,-0.0378957771973265,-0.0340000000000002,-0.0268329463947049,-0.0105214399353899,-0.0002727368058541,0.0036424126217445,0.0090490440304768,0.0129999999999999,0.0157918893661972,0.0146895734211291,0.0100268146362765,0.0049792348980119,2.2562080823326546e-05,-0.005,-0.008086096497161,-0.005316479548489,0.0021726604015828,0.0226638905133476,0.0652265924666713,0.1289999999999995,0.216591419583056,0.3274857428662644,0.4602364362395394,0.6106097055576077,0.767170559359067,0.9149999999999998,1.0331066452011548,1.0964739328124988,1.0824988513433296,0.9830927883044616,0.8069001116020621,0.5879999999999997,0.3626766090208634,0.1621110644331688,0.0416133018498848,-0.0002183599823184,-0.0193536116674826,-0.032,-0.042738851583105,-0.0523875687887427,-0.0590476667435857,-0.0671658161234437,-0.0731690316086729,-0.081,-0.0872411186723094,-0.0920045365635562,-0.0992844472461216,-0.1034849779579921,-0.1093420432811226,-0.1139999999999999,-0.1190800440933914,-0.1304672784483505,-0.1405040788629468,-0.144549942062193,-0.1379445725726455,-0.127,-0.1143049676873558,-0.0977165209691476,-0.0893998298615402,-0.0871217883896315,-0.0844832663817556,-0.0820000000000002,-0.0828270170180374,-0.0908651094023767,-0.0967484895675294,-0.0988571046054893,-0.1014609610579777,-0.1029999999999998,-0.1046932214641191,-0.1057507114124957,-0.1064865686537704,-0.1072843634139111,-0.108240487751513,-0.1089999999999998,-0.1081906211086961,-0.1074072636421813,-0.1060520825661074,-0.1043875081902291,-0.1025375791247766,-0.0999999999999998,-0.098327562283349,-0.0961800045957657,-0.0930717829054782,-0.0895748159039112,-0.0864573532700302,-0.0839999999999999,-0.0820928632782101,-0.0829589725468797,-0.0858315584661007,-0.0897707076509688,-0.0950994264957655,-0.1,-0.1034636489592131,-0.1059449983572961,-0.1088772673298462,-0.1124172537418389,-0.11557519254202,-0.118,-0.1197569995737796,-0.1203008201364175,-0.1191502692564199,-0.116992646260964,-0.1130594931280277,-0.108,-0.1023253858425003,-0.095496350238917,-0.0896459404927821,-0.0830156597021553,-0.0742095010764132,-0.0659999999999999,-0.0584795890582985,-0.0514337266773972,-0.0458369834976627,-0.0410691305265748,-0.0360535576805986,-0.0329999999999999,-0.0314713316193826,-0.0287877727501093,-0.0274933637224099,-0.0262252204977634,-0.023516717206309,-0.022,-0.0196387131226951,-0.0167869962277474,-0.0147747835805622,-0.0115776108779459,-0.0084826640386712,-0.006,-0.00266401054495,0.0001452326444207,0.0023929913652412,0.0049599195801558,0.0061107302702031,0.0069999999999997,0.0087356781395852,0.0096644244536335,0.0108193364841305,0.0129204331520295,0.0155441441705131,0.0179999999999999,0.0203966920891535,0.0236943887524357,0.0268683879302533,0.0306660346952241,0.034723224253191,0.0379999999999997,0.0421372776160583,0.0459015374949256,0.0484788753260381,0.0510472027941118,0.0534158414149579,0.0550000000000001,0.0572486539993876,0.0618726822681639,0.067065856758971,0.0718854068794462,0.0755545020911789,0.0770000000000001,0.0764493096760765,0.0729850195815363,0.0679287960301193,0.0630510916455394,0.056178372716493,0.0420000000000002,0.0260423727249894,0.0204635436948948,0.0185326106561397,0.0145107947463122,0.0127492450325254,0.011,0.0113897514667456,0.0156042019699778,0.0225772638229202,0.0313839525454918,0.0367399840446609,0.04,0.0434059778922943,0.0464728503212956,0.0505472643277127,0.0545659923303672,0.0589282177546228,0.063,0.0655269050090333,0.0680417280917189,0.0701323318536266,0.0715873247360813,0.0733814181025549,0.0749999999999998,0.0758592931853979,0.0766672020351582,0.077239090773755,0.0766461450260938,0.0759208455143913,0.076,0.0760421553218566,0.0759121788790066,0.0761578163584716,0.075663537962034,0.074938609968871,0.075,0.0742100863783538,0.0737353936174386,0.0745583688755485,0.0752618904730629,0.0762208259061001,0.0770000000000002,0.0770132111557869,0.0770296444278271,0.0766758781226331,0.075522391880281,0.0749426359035411,0.074,0.0714994545160123,0.0691469144234392,0.0656785688176435,0.0613037216526739,0.0570829573961658,0.0520000000000002,0.0477622522151543,0.0437070571556194,0.0396117327471884,0.0346289378241386,0.0261469105804973,0.0179999999999999,0.0120898795516947,0.0068577302067554,0.0024622766089764,-0.0017607538176925,-0.0072455489614305,-0.014,-0.0187168900136725,-0.0169135084859182,-0.0085595887226742,-0.0021469497739459,0.0006189385661536,0.005,0.0084110619691239,0.012166810030124,0.0160240260518651,0.0176293601612972,0.0207411503513589,0.0240000000000001,0.0272991237543133,0.0301902248844965,0.0326310763391103,0.0364991461811548,0.0381226084868538,0.0389999999999999,0.0399528598677333,0.0404108965103187,0.0420833926206181,0.0436755159344681,0.0467560516850149,0.05,0.0516935716197581,0.0533092441392903,0.0550886345040352,0.0562587004353556,0.0559533503663422,0.057,0.05802595322774,0.0578743462936898,0.057953384778986,0.055967723157538,0.0535780702463931,0.051,0.0476105633409999,0.0448926384524067,0.0428993689359382,0.0413615971678999,0.0397370807347733,0.0389999999999999,0.0367249873884528,0.0332202045391044,0.0298315634472426,0.0250941468830468,0.0212509549300996,0.016,0.0100194635625222,0.0046441301908445,-0.0021505457835037,-0.0086172236457583,-0.0167843168810945,-0.0250000000000001,-0.0324004057136058,-0.0402279572231513,-0.0471505693318682,-0.0556032344191363,-0.0648919377010879,-0.0749999999999998,-0.0830261351838092,-0.0864256329059202,-0.0865642607698563,-0.0814308074043577,-0.0746615294892553,-0.0669999999999999,-0.0592366107885896,-0.0531200079591854,-0.0442356780827927,-0.0340805099193066,-0.0270536813269559,-0.0260000000000001,-0.0261914208115104,-0.0256524001446099,-0.0265935023333152,-0.0276163940133971,-0.0285114674364182,-0.0109999999999999,0.0318784986126016,0.0855577032339458,0.1513861616690372,0.2344661371619523,0.3370337664941437,0.4559999999999999,0.5880461584746692,0.7312818635492618,0.8777831438621206,1.0132279662174466,1.1099705340315682,1.1429999999999998,1.0884136859202285,0.9419128945770758,0.7182341568643539,0.4437244407526887,0.1793324969397124,-0.0359999999999999,-0.1659042381184163,-0.2009453982917438,-0.1961194561316909,-0.1535309719392682,-0.0910690072236495,-0.0569999999999999,-0.042824617942678,-0.0479453638741774,-0.073850142367174,-0.1214678820200906,-0.1692792265452429,-0.1859999999999999,-0.1947838812417474,-0.2040618206370105,-0.207044100665288,-0.1984092562192284,-0.1763840629011992,-0.155,-0.1325926876635092,-0.1226739967087086,-0.1226120414396653,-0.1162925192069633,-0.1138378269798713,-0.1120000000000001,-0.11453707106726,-0.1214531866364717,-0.1247477301445799,-0.1284419617112623,-0.1303246977449058,-0.1340000000000001,-0.136989408373604,-0.1363597307029762,-0.134753846217369,-0.1296462992532327,-0.1238561269258069,-0.1179999999999998,-0.1144576362300491,-0.1111500758032257,-0.1059758932145921,-0.1029157411000602,-0.0991716878722422,-0.0959999999999999,-0.0935397252870205,-0.0913898734868191,-0.0905084937932768,-0.0899553232628257,-0.0913763559402831,-0.0929999999999999,-0.0954091907851955,-0.0980501969912862,-0.1008366882237579,-0.1042789819617796,-0.1080390540740031,-0.1160000000000001,-0.1217347606483807,-0.1207472147783527,-0.1151817223369859,-0.1089354362784795,-0.106622762592111,-0.103,-0.1001696986286323,-0.0990127366014727,-0.0965910166442745,-0.0957026895490024,-0.0934036893516857,-0.091,-0.0878923097337992,-0.0838993332369525,-0.0818399721127499,-0.0785039541517444,-0.0754707253330173,-0.072,-0.0678023125177982,-0.0625444956868537,-0.0522888186748459,-0.0401133719629735,-0.0274290040883453,-0.016,-0.0082730596176701,-0.0022336688407265,0.0031481894874608,0.0077212454536185,0.0118498206609442,0.016,0.018586675632389,0.0209936825712809,0.0228509840136435,0.0232468700566313,0.0255902398575125,0.0279999999999999,0.0304258197066082,0.0326983310093652,0.0331033210311314,0.0325403152095707,0.0291210962515604,0.0249999999999997,0.0216492903358865,0.0188260753196753,0.0166715559230132,0.01388162112551,0.0115075469584462,0.008,0.0045033686576492,0.0020591716747356,-0.0003243067647216,-0.0012700935480762,-0.0021720108095788,-0.002,-0.0011065250122638,-0.0004356505764605,0.0005635050544265,0.0015645041187592,0.004769848855397,0.0079999999999999,0.0111687664252285,0.0154326907810503,0.0193821508440848,0.0236292101588598,0.0265307495486936,0.0309999999999998,0.0384424991132528,0.0461392864078057,0.0523341771121717,0.054420235760474,0.0551864203855315,0.056,0.0575214832335243,0.0595962763109806,0.0606829248870341,0.0627328126101105,0.0596933966003982,0.0510000000000002,0.0455689042645239,0.0431084319033933,0.0400024275357238,0.0369905954665685,0.0358352749878943,0.0340000000000001,0.0313604823897813,0.0298012192312208,0.0274708090303458,0.0252130921554045,0.0237594909317598,0.023,0.0221962170914672,0.0217383507231119,0.0223398064822972,0.021508920794434,0.0210268268234953,0.0210000000000001,0.020168111291513,0.0189427398356866,0.0163634590941526,0.0141821657208319,0.0113811824398167,0.01,0.0123359596837649,0.0164702595568966,0.0235113197349831,0.0310131619562423,0.0415494689364948,0.054,0.0594735444903424,0.062501111422528,0.0658138926688597,0.0678117740166035,0.0705810235996362,0.0730000000000003,0.0748110464386927,0.0746606465938521,0.0729577151540243,0.0712098207261886,0.0683991342948296,0.066,0.0643358223151085,0.0626544317883704,0.0610212328701684,0.0592200921806056,0.0562633863370051,0.0519999999999999,0.0478528170247868,0.0435078302180227,0.0403530955028809,0.0378595279198597,0.0343311139088832,0.0319999999999999,0.0295646162306539,0.0273527036954084,0.0266034793804053,0.0256703867044183,0.026286005285028,0.0279999999999998,0.0303454113810028,0.0337888895508037,0.0365282720172764,0.0390207228417176,0.0414778222342011,0.044,0.0465046232873216,0.0494407438882981,0.0533239530532619,0.0557213533589747,0.0573728485476012,0.059,0.059117208784716,0.0583606307941474,0.0574940939381614,0.0565419316312741,0.0545119299257816,0.0519999999999999,0.048787456493437,0.0450859881106219,0.0424229327618696,0.0377762750996807,0.0319405729306692,0.0279999999999999,0.0274749361753049,0.0317367933880724,0.0373669383379515,0.0437665262728245,0.0517001417482388,0.0619999999999999,0.0740317335378779,0.0813224680651299,0.0854423650474914,0.0895083870821691,0.0926318574611702,0.0959999999999999,0.0978289935192941,0.0986988686369243,0.0989154895043633,0.0970944098266159,0.0944132064777277,0.0909999999999999,0.0869405419016303,0.081913720686824,0.0775794597595471,0.0725906357424669,0.0642475318295171,0.0569999999999998,0.051213895724897,0.0449305386134113,0.0361171292765983,0.0219928596288007,0.0103146838812328,0.0059999999999999,0.0035565892702376,0.0008698582441078,-0.0010575514379347,-0.0026608676444846,-0.0042776117526735,-0.005,-0.0057228482578788,-0.0073056888398059,-0.0093221441841517,-0.0117652189652454,-0.0087258840163196,-0.0009999999999998,0.0018541023195899,0.0035652111266963,0.0069320997914981,0.0085342391327241,0.0103616498034825,0.0109999999999997,0.0116402267558056,0.0134773157596771,0.0148086189255967,0.0168379440243613,0.0182395698603915,0.0200000000000002,0.0210040285029742,0.0217515534514852,0.0253286050986394,0.0277534888633691,0.0327452090494226,0.052,0.0953795684180209,0.1612626169824143,0.2477754494618655,0.3593728537595079,0.4909390679096125,0.6449999999999997,0.8098759598355091,0.9653524036967598,1.0922921909185153,1.1472244409031456,1.1404183356448925,1.0799999999999998,0.9259804067851994,0.7143318686109295,0.4872293315286438,0.2619233714582326,0.0781071624910821,-0.0639999999999997,-0.1566139095204519,-0.1869309041512747,-0.1937585867014181,-0.1996996564152365,-0.1950953006917099,-0.1819999999999999,-0.1644384098962996,-0.140584740578651,-0.1233155296752156,-0.1169157441924119,-0.1107729350009316,-0.107,-0.1046042172194926,-0.1022574356313629,-0.1017309823876013,-0.100457601395484,-0.0999457913333657,-0.099,-0.098774975859879,-0.0998602232466965,-0.1002236597909189,-0.1017337294558993,-0.1032715384968434,-0.1049999999999998,-0.1067331872222089,-0.1082293102325127,-0.1100814357402299,-0.1117569637408571,-0.1146147306514706,-0.117,-0.1194287187465042,-0.1213454133203274,-0.1193407836731841,-0.1152275969428781,-0.1098234569568646,-0.1039999999999999,-0.0975992673528364,-0.0886618032339915,-0.0807254324431505,-0.0795463834098115,-0.0855272841376171,-0.0929999999999999,-0.0981911481849805,-0.102172172603672,-0.1071032110096214,-0.1113334513764673,-0.1117941130526394,-0.1089999999999998,-0.1033242237876363,-0.0970856041460389,-0.0920510661830124,-0.0869424416132027,-0.0820253757512329,-0.0769999999999997,-0.0733450146610364,-0.0727239186149958,-0.0737467930997287,-0.0761556346561272,-0.0797884580695045,-0.085,-0.095311705203397,-0.1083413500797748,-0.1148908941639772,-0.1167465955183643,-0.1195490431793179,-0.1210000000000001,-0.1217964033724989,-0.1223163117587685,-0.1211068034061454,-0.1191441921530305,-0.116393495075813,-0.1129999999999999,-0.106885769558608,-0.0950743227058531,-0.0791690039040698,-0.0622027136708955,-0.045879906979618,-0.0320000000000001,-0.0202554444367238,-0.0092238810068355,0.0013548364862805,0.0124413097707807,0.0214267484170504,0.0259999999999998,0.0285805940045633,0.0303958484292074,0.0319436520108993,0.0337370586476505,0.0352209493692088,0.0359999999999999,0.0376223274443758,0.038867584293744,0.0395905128405923,0.0420642707105282,0.0446482146949944,0.0499999999999999,0.0504934889787802,0.0398509345409798,0.0281469197886247,0.0162402001993455,0.0077425388387445,0.0019999999999998,-0.0011246673061167,-0.0016147890573005,-0.0077948233977833,-0.0046723124906521,-0.0151033564217151
