ECG
0.149
0.185
0.216
0.243
0.265
0.274
0.279
0.282
0.285
0.286
0.286
0.285
0.282
0.278
0.272
0.265
0.254
0.234
0.21
0.192
0.178
0.167
0.155
0.145
0.139
0.135
0.132
0.13
0.128
0.126
0.125
0.123
0.122
0.12
0.117
0.114
0.112
0.11
0.109
0.108
0.107
0.105
0.103
0.101
0.099
0.096
0.093
0.09
0.085
0.081
0.078
0.076
0.074
0.072
0.071
0.07
0.069
0.068
0.066
0.064
0.062
0.06
0.059
0.058
0.06
0.064
0.068
0.073
0.078
0.084
0.089
0.095
0.101
0.106
0.11
0.115
0.12
0.124
0.129
0.133
0.137
0.139
0.141
0.142
0.141
0.138
0.132
0.125
0.118
0.111
0.105
0.101
0.097
0.094
0.091
0.088
0.084
0.081
0.077
0.074
0.07
0.067
0.065
0.066
0.068
0.07
0.073
0.077
0.081
0.085
0.091
0.098
0.105
0.113
0.158
0.29
0.478
0.708
0.951
1.16
1.263
1.265
1.175
0.983
0.749
0.515
0.32
0.185
0.104
0.065
0.055
0.047
0.041
0.034
0.028
0.023
0.018
0.011
0.001
-0.006
-0.011
-0.014
-0.017
-0.02
-0.023
-0.024
-0.02
-0.012
-0.003
0.005
0.017
0.026
0.03
0.033
0.036
0.038
0.039
0.04
0.041
0.041
0.04
0.038
0.035
0.033
0.03
0.027
0.023
0.021
0.02
0.022
0.028
0.035
0.043
0.051
0.06
0.07
0.079
0.087
0.096
0.108
0.125
0.142
0.154
0.163
0.172
0.182
0.192
0.199
0.205
0.21
0.214
0.219
0.223
0.227
0.232
0.237
0.243
0.249
0.256
0.262
0.27
0.278
0.293
0.31
0.314
0.317
0.319
0.32
0.314
0.298
0.274
0.244
0.218
0.192
0.165
0.137
0.114
0.096
0.079
0.056
0.029
0.008
-0.008
-0.027
-0.045
-0.06
-0.067
-0.07
-0.071
-0.071
-0.072
-0.073
-0.074
-0.075
-0.075
-0.076
-0.076
-0.076
-0.075
-0.074
-0.072
-0.07
-0.067
-0.064
-0.062
-0.06
-0.058
-0.055
-0.054
-0.052
-0.05
-0.049
-0.048
-0.047
-0.046
-0.044
-0.043
-0.041
-0.04
-0.04
-0.039
-0.039
-0.038
-0.037
-0.036
-0.035
-0.034
-0.033
-0.031
-0.03
-0.029
-0.028
-0.027
-0.027
-0.027
-0.027
-0.027
-0.026
-0.026
-0.025
-0.023
-0.018
-0.013
-0.013
-0.016
-0.02
-0.023
-0.025
-0.027
-0.028
-0.029
-0.03
-0.031
-0.031
-0.032
-0.032
-0.033
-0.033
-0.033
-0.032
-0.031
-0.03
-0.028
-0.025
-0.019
-0.02
-0.034
-0.043
-0.049
-0.055
-0.06
-0.064
-0.066
-0.066
-0.064
-0.061
-0.057
-0.053
-0.05
-0.046
-0.043
-0.039
-0.036
-0.033
-0.031
-0.03
-0.03
-0.031
-0.032
-0.034
-0.036
-0.039
-0.042
-0.046
-0.05
-0.054
-0.06
-0.073
-0.087
-0.104
-0.114
-0.121
-0.126
-0.131
-0.135
-0.139
-0.143
-0.147
-0.15
-0.154
-0.159
-0.164
-0.173
-0.19
-0.204
-0.222
-0.248
-0.267
-0.28
-0.285
-0.278
-0.256
-0.195
-0.065
0.11
0.315
0.522
0.688
0.756
0.752
0.666
0.508
0.319
0.122
-0.058
-0.195
-0.267
-0.293
-0.295
-0.284
-0.268
-0.248
-0.238
-0.232
-0.227
-0.225
-0.225
-0.228
-0.232
-0.236
-0.239
-0.243
-0.247
-0.25
-0.252
-0.251
-0.248
-0.245
-0.242
-0.241
-0.24
-0.239
-0.238
-0.237
-0.236
-0.234
-0.233
-0.232
-0.231
-0.23
-0.229
-0.228
-0.228
-0.228
-0.228
-0.228
-0.227
-0.227
-0.226
-0.225
-0.224
-0.223
-0.221
-0.219
-0.216
-0.214
-0.211
-0.209
-0.205
-0.202
-0.198
-0.194
-0.19
-0.185
-0.179
-0.173
-0.164
-0.154
-0.143
-0.132
-0.12
-0.108
-0.098
-0.089
-0.08
-0.071
-0.061
-0.051
-0.041
-0.034
-0.028
-0.022
-0.018
-0.017
-0.019
-0.023
-0.03
-0.039
-0.057
-0.086
-0.113
-0.14
-0.167
-0.198
-0.222
-0.237
-0.253
-0.267
-0.281
-0.293
-0.301
-0.304
-0.306
-0.308
-0.309
-0.311
-0.312
-0.313
-0.313
-0.314
-0.313
-0.312
-0.309
-0.305
-0.299
-0.294
-0.289
-0.284
-0.281
-0.279
-0.277
-0.274
-0.272
-0.27
-0.268
-0.267
-0.265
-0.264
-0.262
-0.26
-0.258
-0.256
-0.255
-0.254
-0.253
-0.252
-0.25
-0.248
-0.245
-0.242
-0.238
-0.234
-0.225
-0.216
-0.209
-0.203
-0.2
-0.197
-0.194
-0.191
-0.188
-0.185
-0.181
-0.177
-0.172
-0.166
-0.161
-0.156
-0.152
-0.15
-0.147
-0.145
-0.142
-0.138
-0.134
-0.13
-0.127
-0.123
-0.12
-0.117
-0.115
-0.113
-0.112
-0.112
-0.111
-0.111
-0.111
-0.11
-0.109
-0.108
-0.106
-0.105
-0.103
-0.101
-0.098
-0.097
-0.095
-0.092
-0.09
-0.088
-0.085
-0.082
-0.079
-0.075
-0.07
-0.064
-0.054
-0.044
-0.034
-0.024
-0.013
-0.001
0.011
0.022
0.029
0.033
0.035
0.036
0.038
0.039
0.04
0.041
0.042
0.044
0.046
0.048
0.05
0.053
0.055
0.057
0.059
0.061
0.064
0.065
0.067
0.071
0.077
0.082
0.087
0.089
0.09
0.089
0.088
0.086
0.084
0.08
0.072
0.1
0.182
0.322
0.515
0.743
0.971
1.157
1.245
1.245
1.165
0.996
0.791
0.585
0.412
0.288
0.208
0.18
0.172
0.166
0.161
0.158
0.158
0.162
0.169
0.176
0.181
0.185
0.189
0.193
0.198
0.203
0.208
0.214
0.22
0.226
0.231
0.236
0.241
0.246
0.252
0.257
0.262
0.267
0.271
0.275
0.279
0.281
0.284
0.286
0.288
0.29
0.292
0.294
0.296
0.299
0.302
0.305
0.307
0.309
0.312
0.315
0.318
0.321
0.326
0.332
0.342
0.354
0.365
0.377
0.386
0.394
0.401
0.408
0.415
0.422
0.428
0.435
0.442
0.451
0.46
0.468
0.477
0.484
0.489
0.493
0.497
0.501
0.504
0.507
0.507
0.507
0.504
0.501
0.496
0.489
0.48
0.462
0.428
0.397
0.364
0.328
0.295
0.268
0.248
0.232
0.216
0.2
0.182
0.164
0.147
0.13
0.119
0.111
0.104
0.096
0.088
0.081
0.074
0.067
0.061
0.055
0.049
0.044
0.039
0.034
0.03
0.026
0.021
0.016
0.01
0.003
-0.004
-0.015
-0.03
-0.042
-0.052
-0.059
-0.064
-0.069
-0.075
-0.081
-0.087
-0.094
-0.102
-0.114
-0.127
-0.141
-0.155
-0.169
-0.182
-0.192
-0.201
-0.209
-0.218
-0.229
-0.241
-0.25
-0.258
-0.266
-0.272
-0.278
-0.283
-0.287
-0.291
-0.295
-0.299
-0.303
-0.307
-0.311
-0.315
-0.319
-0.323
-0.326
-0.329
-0.333
-0.337
-0.34
-0.343
-0.345
-0.347
-0.348
-0.348
-0.346
-0.344
-0.34
-0.337
-0.333
-0.33
-0.327
-0.324
-0.322
-0.32
-0.318
-0.315
-0.312
-0.308
-0.304
-0.299
-0.295
-0.291
-0.287
-0.284
-0.281
-0.279
-0.276
-0.273
-0.269
-0.263
-0.255
-0.247
-0.239
-0.23
-0.22
-0.207
-0.195
-0.183
-0.172
-0.16
-0.153
-0.148
-0.146
-0.144
-0.143
-0.142
-0.141
-0.141
-0.141
-0.141
-0.141
-0.142
-0.142
-0.143
-0.144
-0.145
-0.146
-0.148
-0.15
-0.152
-0.154
-0.156
-0.158
-0.16
-0.162
-0.164
-0.168
-0.173
-0.18
-0.195
-0.226
-0.25
-0.266
-0.266
-0.241
-0.176
-0.052
0.127
0.348
0.583
0.799
0.955
1.012
0.962
0.83
0.642
0.434
0.239
0.085
-0.028
-0.11
-0.152
-0.165
-0.172
-0.176
-0.176
-0.172
-0.165
-0.158
-0.152
-0.148
-0.143
-0.139
-0.135
-0.13
-0.125
-0.12
-0.116
-0.111
-0.105
-0.098
-0.085
-0.071
-0.057
-0.046
-0.039
-0.032
-0.026
-0.02
-0.014
-0.008
-0.003
0.0
0.004
0.009
0.013
0.018
0.021
0.025
0.029
0.033
0.038
0.042
0.047
0.052
0.056
0.06
0.065
0.069
0.074
0.079
0.085
0.094
0.109
0.12
0.129
0.14
0.154
0.171
0.186
0.198
0.209
0.218
0.229
0.242
0.258
0.267
0.273
0.278
0.282
0.285
0.286
0.285
0.282
0.278
0.273
0.267
0.26
0.249
0.236
0.222
0.205
0.186
0.165
0.138
0.107
0.079
0.052
0.026
0.0
-0.022
-0.039
-0.061
-0.08
-0.096
-0.11
-0.124
-0.138
-0.152
-0.166
-0.18
-0.188
-0.193
-0.197
-0.2
-0.203
-0.206
-0.209
-0.213
-0.216
-0.219
-0.223
-0.227
-0.232
-0.237
-0.243
-0.251
-0.26
-0.269
-0.278
-0.287
-0.294
-0.3
-0.306
-0.311
-0.317
-0.323
-0.329
-0.336
-0.342
-0.347
-0.352
-0.356
-0.361
-0.365
-0.368
-0.372
-0.376
-0.381
-0.385
-0.39
-0.394
-0.397
-0.401
-0.404
-0.408
-0.411
-0.415
-0.419
-0.423
-0.427
-0.431
-0.436
-0.44
-0.445
-0.449
-0.454
-0.46
-0.468
-0.482
-0.494
-0.504
-0.507
-0.509
-0.512
-0.515
-0.517
-0.519
-0.521
-0.522
-0.523
-0.525
-0.526
-0.528
-0.528
-0.529
-0.529
-0.529
-0.529
-0.53
-0.53
-0.529
-0.528
-0.528
-0.527
-0.525
-0.523
-0.521
-0.518
-0.515
-0.512
-0.508
-0.503
-0.497
-0.484
-0.469
-0.458
-0.447
-0.432
-0.413
-0.396
-0.389
-0.385
-0.382
-0.379
-0.377
-0.375
-0.374
-0.374
-0.373
-0.373
-0.373
-0.373
-0.374
-0.375
-0.375
-0.376
-0.376
-0.375
-0.374
-0.373
-0.372
-0.372
-0.373
-0.375
-0.377
-0.38
-0.383
-0.386
-0.389
-0.391
-0.393
-0.396
-0.398
-0.401
-0.409
-0.429
-0.43
-0.413
-0.366
-0.235
-0.035
0.22
0.496
0.753
0.936
1.008
0.957
0.806
0.588
0.347
0.13
-0.03
-0.133
-0.174
-0.188
-0.193
-0.186
-0.171
-0.157
-0.142
-0.127
-0.114
-0.097
-0.078
-0.056
-0.033
-0.01
0.01
0.03
0.049
0.069
0.085
0.099
0.113
0.126
0.142
0.16
0.178
0.201
0.229
0.251
0.268
0.286
0.309
0.337
0.36
0.377
0.394
0.412
0.429
0.447
0.466
0.485
0.505
0.518
0.528
0.536
0.544
0.551
0.558
0.567
0.579
0.591
0.605
0.618
0.631
0.645
0.659
0.673
0.687
0.701
0.715
0.729
0.744
0.758
0.773
0.785
0.796
0.807
0.82
0.831
0.839
0.845
0.852
0.857
0.861
0.862
0.861
0.858
0.853
0.847
0.84
0.831
0.817
0.804
0.792
0.772
0.744
0.716
0.686
0.655
0.623
0.589
0.559
0.532
0.503
0.485
0.476
0.468
0.459
0.449
0.44
0.434
0.429
0.425
0.421
0.417
0.413
0.409
0.406
0.402
0.398
0.395
0.391
0.386
0.381
0.372
0.363
0.355
0.346
0.338
0.333
0.328
0.324
0.32
0.317
0.314
0.311
0.308
0.305
0.302
0.298
0.295
0.29
0.285
0.278
0.27
0.261
0.251
0.241
0.235
0.231
0.227
0.223
0.22
0.216
0.213
0.209
0.205
0.201
0.197
0.194
0.191
0.189
0.188
0.187
0.185
0.183
0.181
0.178
0.175
0.173
0.17
0.168
0.166
0.165
0.164
0.163
0.163
0.163
0.162
0.161
0.16
0.159
0.157
0.156
0.156
0.155
0.155
0.155
0.155
0.155
0.155
0.155
0.155
0.154
0.154
0.154
0.154
0.154
0.156
0.16
0.165
0.171
0.178
0.184
0.19
0.195
0.2
0.206
0.211
0.216
0.219
0.22
0.219
0.217
0.213
0.209
0.202
0.195
0.186
0.172
0.157
0.143
0.137
0.132
0.129
0.127
0.125
0.123
0.12
0.117
0.113
0.109
0.106
0.103
0.1
0.096
0.091
0.086
0.076
0.056
0.053
0.062
0.086
0.171
0.314
0.515
0.755
0.992
1.176
1.246
1.237
1.124
0.917
0.677
0.45
0.262
0.127
0.041
0.021
0.019
0.016
0.037
0.057
0.07
0.079
0.084
0.088
0.09
0.091
0.092
0.094
0.095
0.097
0.099
0.1
0.102
0.102
0.103
0.103
0.102
0.101
0.099
0.098
0.098
0.097
0.098
0.099
0.101
0.102
0.103
0.104
0.104
0.104
0.104
0.103
0.102
0.103
0.104
0.105
0.107
0.11
0.113
0.116
0.118
0.122
0.125
0.129
0.135
0.141
0.149
0.156
0.162
0.168
0.173
0.179
0.185
0.192
0.198
0.204
0.211
0.218
0.225
0.232
0.241
0.253
0.263
0.27
0.276
0.281
0.287
0.291
0.295
0.296
0.294
0.288
0.279
0.269
0.254
0.229
0.205
0.181
0.156
0.131
0.099
0.064
0.033
-0.001
-0.031
-0.054
-0.08
-0.097
-0.109
-0.117
-0.124
-0.131
-0.138
-0.144
-0.149
-0.152
-0.154
-0.156
-0.158
-0.161
-0.163
-0.166
-0.168
-0.17
-0.171
-0.172
-0.172
-0.173
-0.174
-0.176
-0.176
-0.176
-0.174
-0.172
-0.171
-0.169
-0.167
-0.165
-0.163
-0.162
-0.16
-0.159
-0.157
-0.156
-0.155
-0.155
-0.155
-0.154
-0.152
-0.151
-0.15
-0.148
-0.146
-0.145
-0.145
-0.145
-0.146
-0.147
-0.147
-0.147
-0.146
-0.143
-0.14
-0.137
-0.134
-0.133
-0.131
-0.131
-0.131
-0.131
-0.131
-0.13
-0.128
-0.127
-0.125
-0.123
-0.121
-0.121
-0.121
-0.123
-0.125
-0.127
-0.129
-0.131
-0.133
-0.134
-0.134
-0.134
-0.133
-0.133
-0.132
-0.132
-0.132
-0.132
-0.131
-0.131
-0.131
-0.131
-0.13
-0.129
-0.128
-0.126
-0.123
-0.12
-0.116
-0.113
-0.11
-0.106
-0.102
-0.098
-0.094
-0.09
-0.084
-0.077
-0.071
-0.066
-0.065
-0.066
-0.073
-0.084
-0.097
-0.109
-0.118
-0.125
-0.131
-0.136
-0.14
-0.145
-0.149
-0.153
-0.157
-0.16
-0.163
-0.165
-0.166
-0.167
-0.169
-0.172
-0.176
-0.181
-0.189
-0.209
-0.247
-0.271
-0.288
-0.284
-0.245
-0.14
0.038
0.273
0.537
0.786
0.973
1.03
1.016
0.885
0.661
0.41
0.185
0.016
-0.097
-0.145
-0.158
-0.168
-0.175
-0.18
-0.184
-0.186
-0.186
-0.185
-0.18
-0.173
-0.166
-0.158
-0.151
-0.145
-0.139
-0.132
-0.124
-0.115
-0.107
-0.099
-0.091
-0.084
-0.078
-0.074
-0.072
-0.07
-0.069
-0.068
-0.066
-0.063
-0.06
-0.055
-0.05
-0.044
-0.038
-0.033
-0.028
-0.023
-0.018
-0.013
-0.008
-0.002
0.002
0.008
0.013
0.018
0.022
0.026
0.029
0.032
0.034
0.036
0.04
0.045
0.052
0.062
0.072
0.083
0.095
0.107
0.118
0.13
0.14
0.149
0.159
0.172
0.188
0.203
0.219
0.23
0.24
0.247
0.252
0.255
0.255
0.254
0.249
0.243
0.234
0.217
0.188
0.159
0.128
0.095
0.061
0.027
-0.002
-0.029
-0.057
-0.074
-0.083
-0.09
-0.098
-0.106
-0.114
-0.124
-0.136
-0.149
-0.162
-0.174
-0.187
-0.194
-0.198
-0.201
-0.203
-0.205
-0.206
-0.206
-0.207
-0.205
-0.2
-0.195
-0.19
-0.187
-0.183
-0.18
-0.178
-0.176
-0.175
-0.174
-0.172
-0.17
-0.167
-0.163
-0.158
-0.152
-0.147
-0.142
-0.137
-0.132
-0.127
-0.123
-0.118
-0.113
-0.109
-0.105
-0.101
-0.1
-0.099
-0.1
-0.102
-0.104
-0.107
-0.11
-0.112
-0.115
-0.117
-0.119
-0.121
-0.122
-0.123
-0.125
-0.127
-0.129
-0.13
-0.13
-0.128
-0.124
-0.119
-0.114
-0.11
-0.106
-0.103
-0.1
-0.098
-0.097
-0.096
-0.096
-0.096
-0.096
-0.095
-0.093
-0.092
-0.09
-0.087
-0.084
-0.081
-0.078
-0.075
-0.074
-0.072
-0.071
-0.07
-0.068
-0.066
-0.062
-0.057
-0.052
-0.048
-0.045
-0.042
-0.039
-0.036
-0.034
-0.028
-0.017
0.003
0.019
0.027
0.034
0.04
0.045
0.049
0.051
0.052
0.054
0.054
0.052
0.05
0.047
0.043
0.038
0.031
0.024
0.017
0.008
-0.007
-0.019
-0.022
-0.024
-0.026
-0.029
-0.032
-0.032
-0.029
-0.026
-0.022
-0.016
-0.017
-0.032
-0.053
-0.081
-0.105
-0.119
-0.108
-0.076
0.011
0.156
0.356
0.595
0.84
1.054
1.18
1.191
1.123
0.944
0.713
0.476
0.265
0.102
-0.008
-0.04
-0.049
-0.055
-0.059
-0.061
-0.062
-0.062
-0.061
-0.06
-0.056
-0.051
-0.047
-0.045
-0.044
-0.044
-0.043
-0.042
-0.041
-0.04
-0.038
-0.037
-0.036
-0.034
-0.032
-0.03
-0.029
-0.027
-0.026
-0.024
-0.022
-0.02
-0.018
-0.017
-0.014
-0.012
-0.009
-0.007
-0.003
0.0
0.004
0.008
0.013
0.019
0.025
0.031
0.037
0.043
0.049
0.055
0.06
0.065
0.07
0.076
0.084
0.096
0.106
0.116
0.124
0.132
0.141
0.154
0.168
0.183
0.2
0.216
0.232
0.24
0.245
0.251
0.256
0.261
0.264
0.267
0.268
0.268
0.267
0.263
0.257
0.25
0.243
0.235
0.219
0.187
0.165
0.146
0.126
0.098
0.067
0.037
0.009
-0.012
-0.029
-0.047
-0.067
-0.083
-0.088
-0.089
-0.091
-0.092
-0.093
-0.092
-0.091
-0.09
-0.09
-0.091
-0.092
-0.093
-0.096
-0.099
-0.102
-0.105
-0.107
-0.11
-0.113
-0.112
-0.115
-0.118
-0.121
-0.124
-0.127
-0.127
-0.127
-0.125
-0.124
-0.122
-0.119
-0.117
-0.115
-0.114
-0.114
-0.114
-0.114
-0.114
-0.115
-0.115
-0.114
-0.114
-0.114
-0.113
-0.113
-0.112
-0.111
-0.11
-0.108
-0.106
-0.103
-0.101
-0.099
-0.096
-0.092
-0.088
-0.084
-0.079
-0.073
-0.067
-0.062
-0.058
-0.054
-0.05
-0.046
-0.044
-0.042
-0.041
-0.04
-0.039
-0.038
-0.036
-0.035
-0.034
-0.033
-0.032
-0.031
-0.03
-0.03
-0.029
-0.028
-0.027
-0.025
-0.023
-0.022
-0.02
-0.018
-0.015
-0.013
-0.01
-0.008
-0.006
-0.004
-0.002
0.0
0.001
0.004
0.006
0.009
0.012
0.015
0.018
0.021
0.023
0.025
0.027
0.029
0.03
0.031
0.03
0.029
0.027
0.024
0.021
0.018
0.015
0.011
0.008
0.004
0.001
-0.002
-0.005
-0.01
-0.016
-0.023
-0.029
-0.035
-0.04
-0.044
-0.048
-0.051
-0.054
-0.058
-0.063
-0.069
-0.076
-0.084
-0.095
-0.114
-0.145
-0.169
-0.186
-0.185
-0.153
-0.065
0.107
0.345
0.613
0.862
1.045
1.108
1.098
0.985
0.782
0.535
0.291
0.098
-0.031
-0.079
-0.091
-0.1
-0.107
-0.111
-0.112
-0.112
-0.108
-0.103
-0.097
-0.09
-0.083
-0.077
-0.072
-0.068
-0.065
-0.062
-0.059
-0.056
-0.053
-0.05
-0.047
-0.045
-0.043
-0.041
-0.039
-0.038
-0.037
-0.036
-0.036
-0.035
-0.035
-0.034
-0.033
-0.032
-0.031
-0.03
-0.03
-0.031
-0.032
-0.034
-0.036
-0.038
-0.041
-0.043
-0.046
-0.049
-0.052
-0.055
-0.056
-0.057
-0.055
-0.052
-0.047
-0.041
-0.034
-0.024
-0.006
0.01
0.027
0.043
0.058
0.08
0.107
0.129
0.145
0.163
0.175
0.184
0.191
0.199
0.207
0.214
0.22
0.226
0.232
0.237
0.239
0.237
0.234
0.228
0.221
0.207
0.18
0.15
0.12
0.091
0.062
0.035
0.007
-0.018
-0.044
-0.07
-0.092
-0.099
-0.101
-0.103
-0.105
-0.107
-0.109
-0.11
-0.111
-0.111
-0.113
-0.114
-0.114
-0.114
-0.114
-0.114
-0.114
-0.113
-0.112
-0.112
-0.111
-0.11
-0.107
-0.106
-0.105
-0.103
-0.102
-0.101
-0.1
-0.099
-0.097
-0.096
-0.094
-0.091
-0.089
-0.086
-0.082
-0.079
-0.076
-0.073
-0.071
-0.068
-0.066
-0.063
-0.061
-0.059
-0.056
-0.053
-0.049
-0.044
-0.04
-0.037
-0.034
-0.031
-0.029
-0.027
-0.025
-0.024
-0.023
-0.022
-0.022
-0.021
-0.02
-0.018
-0.017
-0.015
-0.013
-0.011
-0.008
-0.006
-0.005
-0.003
-0.002
-0.001
-0.001
0.0
0.0
0.0
0.001
0.002
0.005
0.007
0.01
0.012
0.013
0.015
0.017
0.018
0.02
0.021
0.023
0.025
0.027
0.031
0.037
0.042
0.049
0.056
0.063
0.069
0.074
0.079
0.083
0.086
0.088
0.088
0.087
0.085
0.083
0.079
0.076
0.071
0.064
0.05
0.035
0.025
0.018
0.012
0.008
0.008
0.009
0.01
0.012
0.014
0.017
0.019
0.018
0.014
0.007
-0.003
-0.021
-0.039
-0.059
-0.083
-0.099
-0.11
-0.103
-0.049
0.064
0.235
0.453
0.699
0.927
1.089
1.15
1.094
0.947
0.733
0.487
0.258
0.082
-0.026
-0.077
-0.095
-0.099
-0.101
-0.103
-0.104
-0.105
-0.106
-0.106
-0.106
-0.106
-0.104
-0.102
-0.098
-0.094
-0.088
-0.083
-0.077
-0.071
-0.063
-0.054
-0.048
-0.045
-0.043
-0.041
-0.04
-0.039
-0.039
-0.038
-0.037
-0.036
-0.036
-0.035
-0.034
-0.033
-0.031
-0.03
-0.028
-0.026
-0.024
-0.021
-0.011
0.011
0.023
0.029
0.034
0.038
0.042
0.046
0.05
0.054
0.058
0.063
0.068
0.075
0.082
0.09
0.098
0.108
0.117
0.125
0.139
0.159
0.174
0.186
0.198
0.21
0.222
0.239
0.249
0.255
0.261
0.265
0.267
0.268
0.268
0.266
0.262
0.258
0.252
0.24
0.215
0.187
0.162
0.139
0.112
0.083
0.054
0.026
0.0
-0.017
-0.031
-0.042
-0.055
-0.078
-0.089
-0.093
-0.095
-0.098
-0.1
-0.101
-0.103
-0.104
-0.105
-0.105
-0.106
-0.106
-0.107
-0.106
-0.106
-0.106
-0.106
-0.106
-0.107
-0.107
-0.107
-0.107
-0.107
-0.108
-0.109
-0.11
-0.111
-0.112
-0.113
-0.114
-0.115
-0.116
-0.116
-0.114
-0.111
-0.108
-0.104
-0.101
-0.099
-0.097
-0.095
-0.094
-0.093
-0.092
-0.091
-0.09
-0.09
-0.089
-0.088
-0.086
-0.085
-0.084
-0.083
-0.082
-0.08
-0.079
-0.078
-0.076
-0.075
-0.073
-0.07
-0.068
-0.064
-0.059
-0.055
-0.051
-0.047
-0.044
-0.041
-0.039
-0.036
-0.035
-0.034
-0.032
-0.031
-0.03
-0.028
-0.027
-0.026
-0.026
-0.025
-0.024
-0.022
-0.021
-0.02
-0.019
-0.018
-0.017
-0.015
-0.012
-0.009
-0.006
-0.004
0.0
0.006
0.014
0.022
0.03
0.037
0.043
0.05
0.057
0.061
0.064
0.066
0.067
0.069
0.071
0.074
0.074
0.067
0.058
0.049
0.04
0.031
0.022
0.014
0.008
0.002
-0.001
-0.005
-0.009
-0.012
-0.015
-0.018
-0.021
-0.024
-0.028
-0.031
-0.034
-0.038
-0.042
-0.047
-0.054
-0.068
-0.089
-0.104
-0.113
-0.097
-0.049
0.061
0.237
0.469
0.726
0.961
1.123
1.182
1.141
1.008
0.808
0.578
0.362
0.193
0.064
-0.031
-0.069
-0.082
-0.066
-0.045
-0.028
-0.022
-0.02
-0.018
-0.017
-0.016
-0.016
-0.015
-0.013
-0.012
-0.009
-0.007
-0.004
-0.002
0.0
0.001
0.004
0.006
0.009
0.012
0.014
0.017
0.019
0.021
0.023
0.025
0.026
0.027
0.028
0.03
0.032
0.034
0.038
0.043
0.055
0.07
0.081
0.089
0.095
0.099
0.101
0.103
0.104
0.106
0.106
0.107
0.108
0.11
0.111
0.112
0.114
0.115
0.117
0.121
0.128
0.145
0.165
0.186
0.21
0.231
0.252
0.273
0.29
0.302
0.306
0.307
0.309
0.31
0.311
0.312
0.31
0.306
0.299
0.288
0.269
0.25
0.23
0.208
0.182
0.152
0.122
0.093
0.067
0.044
0.023
0.003
-0.016
-0.037
-0.059
-0.075
-0.085
-0.092
-0.098
-0.101
-0.103
-0.105
-0.107
-0.108
-0.108
-0.108
-0.108
-0.107
-0.107
-0.106
-0.105
-0.105
-0.104
-0.103
-0.102
-0.101
-0.101
-0.101
-0.102
-0.102
-0.103
-0.104
-0.105
-0.106
-0.107
-0.107
-0.107
-0.107
-0.107
-0.107
-0.107
-0.107
-0.107
-0.107
-0.108
-0.108
-0.109
-0.11
-0.11
-0.11
-0.11
-0.11
-0.11
-0.11
-0.109
-0.109
-0.108
-0.108
-0.109
-0.109
-0.11
-0.11
-0.11
-0.11
-0.11
-0.11
-0.11
-0.109
-0.109
-0.108
-0.106
-0.105
-0.103
-0.102
-0.1
-0.099
-0.098
-0.096
-0.094
-0.093
-0.092
-0.091
-0.09
-0.089
-0.089
-0.088
-0.088
-0.087
-0.086
-0.086
-0.084
-0.083
-0.081
-0.08
-0.08
-0.079
-0.077
-0.076
-0.074
-0.072
-0.07
-0.067
-0.063
-0.056
-0.039
-0.019
-0.008
-0.001
0.004
0.009
0.014
0.018
0.022
0.026
0.028
0.031
0.034
0.038
0.043
0.048
0.051
0.051
0.047
0.042
0.034
0.025
0.011
-0.007
-0.019
-0.026
-0.032
-0.037
-0.04
-0.042
-0.044
-0.046
-0.047
-0.048
-0.05
-0.052
-0.053
-0.055
-0.057
-0.06
-0.065
-0.074
-0.105
-0.145
-0.158
-0.165
-0.152
-0.077
0.064
0.275
0.537
0.809
1.034
1.138
1.14
1.047
0.858
0.635
0.41
0.216
0.072
-0.027
-0.094
-0.116
-0.124
-0.131
-0.117
-0.106
-0.098
-0.092
-0.088
-0.086
-0.087
-0.088
-0.09
-0.092
-0.093
-0.096
-0.098
-0.1
-0.098
-0.092
-0.085
-0.081
-0.076
-0.073
-0.069
-0.065
-0.061
-0.057
-0.053
-0.049
-0.045
-0.041
-0.037
-0.033
-0.028
-0.023
-0.019
-0.014
-0.01
-0.006
-0.003
0.0
0.003
0.006
0.008
0.01
0.012
0.014
0.017
0.019
0.022
0.024
0.027
0.031
0.042
0.064
0.083
0.097
0.113
0.128
0.143
0.157
0.168
0.177
0.188
0.2
0.21
0.218
0.225
0.229
0.232
0.234
0.236
0.239
0.241
0.243
0.243
0.24
0.234
0.226
0.212
0.185
0.162
0.144
0.128
0.106
0.079
0.057
0.041
0.024
0.008
-0.007
-0.025
-0.036
-0.044
-0.05
-0.055
-0.059
-0.062
-0.065
-0.067
-0.068
-0.07
-0.071
-0.072
-0.074
-0.074
-0.075
-0.076
-0.077
-0.078
-0.078
-0.078
-0.078
-0.077
-0.075
-0.074
-0.073
-0.072
-0.071
-0.069
-0.069
-0.068
-0.068
-0.068
-0.067
-0.066
-0.065
-0.064
-0.063
-0.062
-0.062
-0.061
-0.06
-0.059
-0.059
-0.059
-0.059
-0.06
-0.06
-0.059
-0.058
-0.057
-0.056
-0.054
-0.053
-0.052
-0.051
-0.051
-0.05
-0.049
-0.049
-0.049
-0.048
-0.048
-0.047
-0.046
-0.045
-0.044
-0.043
-0.043
-0.043
-0.042
-0.041
-0.04
-0.039
-0.038
-0.037
-0.037
-0.037
-0.037
-0.037
-0.037
-0.038
-0.039
-0.039
-0.04
-0.04
-0.04
-0.04
-0.039
-0.038
-0.037
-0.035
-0.034
-0.032
-0.031
-0.03
-0.03
-0.029
-0.028
-0.026
-0.024
-0.021
-0.016
-0.009
-0.002
0.004
0.011
0.019
0.026
0.032
0.038
0.044
0.049
0.052
0.052
0.048
0.042
0.034
0.026
0.017
0.005
-0.006
-0.014
-0.022
-0.028
-0.032
-0.035
-0.039
-0.042
-0.046
-0.05
-0.053
-0.055
-0.058
-0.062
-0.067
-0.079
-0.109
-0.134
-0.152
-0.153
-0.139
-0.1
0.015
0.201
0.442
0.709
0.95
1.1
1.116
1.05
0.858
0.627
0.396
0.194
0.03
-0.085
-0.133
-0.15
-0.156
-0.147
-0.132
-0.125
-0.12
-0.116
-0.113
-0.111
-0.109
-0.108
-0.105
-0.102
-0.099
-0.096
-0.093
-0.09
-0.089
-0.087
-0.085
-0.083
-0.08
-0.078
-0.075
-0.071
-0.067
-0.062
-0.057
-0.053
-0.05
-0.046
-0.042
-0.038
-0.034
-0.028
-0.02
-0.012
-0.002
0.007
0.013
0.019
0.023
0.026
0.029
0.033
0.037
0.04
0.044
0.047
0.052
0.057
0.063
0.073
0.083
0.092
0.102
0.111
0.12
0.129
0.139
0.149
0.16
0.172
0.186
0.203
0.213
0.222
0.229
0.235
0.238
0.24
0.241
0.241
0.242
0.244
0.246
0.248
0.242
0.229
0.21
0.181
0.15
0.12
0.092
0.062
0.03
0.0
-0.024
-0.042
-0.058
-0.069
-0.076
-0.082
-0.088
-0.094
-0.099
-0.105
-0.113
-0.125
-0.131
-0.135
-0.137
-0.139
-0.141
-0.142
-0.142
-0.141
-0.139
-0.135
-0.132
-0.13
-0.129
-0.128
-0.127
-0.126
-0.125
-0.125
-0.125
-0.125
-0.126
-0.126
-0.126
-0.126
-0.127
-0.128
-0.13
-0.131
-0.132
-0.133
-0.134
-0.134
-0.135
-0.135
-0.135
-0.134
-0.133
-0.132
-0.131
-0.13
-0.129
-0.127
-0.125
-0.123
-0.121
-0.119
-0.117
-0.115
-0.113
-0.111
-0.108
-0.106
-0.103
-0.101
-0.1
-0.098
-0.097
-0.095
-0.093
-0.091
-0.089
-0.087
-0.085
-0.083
-0.08
-0.078
-0.076
-0.075
-0.074
-0.073
-0.072
-0.07
-0.068
-0.065
-0.062
-0.059
-0.055
-0.052
-0.048
-0.044
-0.04
-0.036
-0.032
-0.027
-0.02
-0.008
0.003
0.013
0.021
0.026
0.03
0.034
0.037
0.04
0.042
0.044
0.044
0.044
0.043
0.042
0.041
0.04
0.039
0.038
0.037
0.035
0.034
0.033
0.032
0.031
0.029
0.026
0.024
0.021
0.019
0.016
0.013
0.01
0.007
0.001
-0.011
-0.022
-0.038
-0.059
-0.079
-0.095
-0.106
-0.113
-0.089
-0.013
0.13
0.332
0.572
0.82
1.03
1.131
1.133
1.037
0.845
0.609
0.369
0.158
0.007
-0.055
-0.079
-0.078
-0.06
-0.051
-0.047
-0.044
-0.041
-0.038
-0.035
-0.033
-0.031
-0.027
-0.024
-0.021
-0.019
-0.018
-0.016
-0.015
-0.013
-0.011
-0.006
0.003
0.014
0.025
0.031
0.036
0.039
0.042
0.045
0.048
0.051
0.055
0.058
0.061
0.065
0.069
0.074
0.08
0.088
0.097
0.105
0.115
0.123
0.13
0.137
0.142
0.147
0.151
0.155
0.159
0.161
0.164
0.167
0.17
0.175
0.179
0.184
0.19
0.196
0.204
0.215
0.233
0.25
0.264
0.276
0.287
0.299
0.306
0.313
0.318
0.322
0.324
0.325
0.324
0.322
0.318
0.313
0.307
0.299
0.283
0.269
0.234
0.192
0.163
0.137
0.118
0.102
0.082
0.058
0.034
0.012
-0.002
-0.011
-0.021
-0.031
-0.047
-0.071
-0.087
-0.096
-0.101
-0.103
-0.104
-0.106
-0.107
-0.108
-0.109
-0.111
-0.112
-0.113
-0.115
-0.116
-0.118
-0.119
-0.121
-0.123
-0.126
-0.128
-0.13
-0.13
-0.127
-0.123
-0.12
-0.119
-0.119
-0.118
-0.116
-0.115
-0.113
-0.111
-0.11
-0.109
-0.108
-0.107
-0.107
-0.107
-0.107
-0.108
-0.107
-0.107
-0.107
-0.106
-0.105
-0.104
-0.104
-0.103
-0.102
-0.101
-0.1
-0.099
-0.098
-0.097
-0.096
-0.095
-0.094
-0.093
-0.092
-0.091
-0.09
-0.089
-0.088
-0.086
-0.084
-0.081
-0.079
-0.077
-0.075
-0.073
-0.071
-0.069
-0.068
-0.067
-0.066
-0.065
-0.065
-0.065
-0.064
-0.064
-0.064
-0.063
-0.062
-0.061
-0.061
-0.06
-0.059
-0.058
-0.057
-0.056
-0.054
-0.052
-0.05
-0.046
-0.036
-0.026
-0.015
-0.01
-0.007
-0.005
-0.002
0.0
0.001
0.002
0.004
0.004
0.005
0.005
0.006
0.006
0.006
0.005
0.005
0.005
0.005
0.005
0.006
0.007
0.007
0.007
0.007
0.006
0.005
0.003
0.002
0.0
-0.001
-0.003
-0.005
-0.007
-0.009
-0.012
-0.023
-0.054
-0.089
-0.106
-0.114
-0.106
-0.044
0.08
0.271
0.514
0.782
1.03
1.21
1.286
1.245
1.094
0.871
0.626
0.403
0.218
0.08
0.0
-0.023
-0.027
-0.03
-0.032
-0.033
-0.033
-0.033
-0.031
-0.028
-0.023
-0.016
-0.007
0.009
0.023
0.03
0.033
0.036
0.038
0.039
0.04
0.04
0.041
0.041
0.042
0.043
0.045
0.046
0.047
0.048
0.05
0.051
0.054
0.056
0.06
0.063
0.07
0.086
0.104
0.114
0.12
0.125
0.128
0.132
0.136
0.14
0.143
0.146
0.148
0.151
0.154
0.157
0.16
0.164
0.168
0.173
0.179
0.187
0.199
0.218
0.233
0.248
0.263
0.278
0.289
0.297
0.305
0.314
0.323
0.333
0.345
0.355
0.363
0.37
0.377
0.382
0.382
0.376
0.367
0.352
0.324
0.291
0.262
0.236
0.209
0.179
0.154
0.132
0.108
0.083
0.058
0.04
0.026
0.012
-0.002
-0.016
-0.031
-0.039
-0.044
-0.047
-0.051
-0.054
-0.059
-0.064
-0.069
-0.072
-0.074
-0.076
-0.078
-0.08
-0.081
-0.083
-0.085
-0.086
-0.088
-0.089
-0.09
-0.092
-0.093
-0.094
-0.095
-0.095
-0.096
-0.097
-0.097
-0.098
-0.098
-0.098
-0.098
-0.098
-0.097
-0.097
-0.096
-0.094
-0.092
-0.09
-0.088
-0.086
-0.085
-0.083
-0.082
-0.081
-0.079
-0.078
-0.078
-0.077
-0.077
-0.076
-0.075
-0.073
-0.071
-0.07
-0.069
-0.068
-0.068
-0.067
-0.066
-0.066
-0.067
-0.067
-0.067
-0.067
-0.066
-0.065
-0.065
-0.065
-0.065
-0.065
-0.064
-0.064
-0.063
-0.064
-0.064
-0.064
-0.064
-0.064
-0.063
-0.063
-0.063
-0.064
-0.064
-0.064
-0.064
-0.063
-0.063
-0.063
-0.062
-0.06
-0.058
-0.056
-0.052
-0.047
-0.041
-0.034
-0.025
-0.012
-0.002
0.003
0.008
0.011
0.014
0.017
0.019
0.02
0.02
0.017
0.013
0.009
0.004
0.0
-0.006
-0.013
-0.02
-0.028
-0.035
-0.04
-0.045
-0.049
-0.054
-0.058
-0.062
-0.066
-0.071
-0.076
-0.083
-0.091
-0.097
-0.104
-0.117
-0.137
-0.157
-0.177
-0.196
-0.208
-0.2
-0.175
-0.095
0.051
0.27
0.534
0.798
1.012
1.116
1.12
1.041
0.853
0.608
0.36
0.153
0.006
-0.092
-0.14
-0.157
-0.163
-0.159
-0.151
-0.145
-0.142
-0.139
-0.137
-0.135
-0.132
-0.13
-0.126
-0.123
-0.12
-0.117
-0.114
-0.11
-0.104
-0.096
-0.087
-0.08
-0.073
-0.065
-0.056
-0.046
-0.037
-0.03
-0.026
-0.023
-0.021
-0.017
-0.014
-0.01
-0.007
-0.003
0.0
0.005
0.01
0.016
0.021
0.026
0.032
0.037
0.042
0.047
0.051
0.055
0.059
0.063
0.066
0.069
0.073
0.079
0.085
0.093
0.1
0.108
0.119
0.134
0.149
0.169
0.191
0.205
0.213
0.219
0.226
0.234
0.239
0.244
0.249
0.252
0.254
0.252
0.249
0.244
0.238
0.229
0.215
0.199
0.178
0.153
0.129
0.108
0.089
0.07
0.05
0.028
0.006
-0.02
-0.046
-0.065
-0.079
-0.093
-0.108
-0.125
-0.134
-0.139
-0.144
-0.148
-0.152
-0.155
-0.158
-0.161
-0.164
-0.167
-0.169
-0.171
-0.173
-0.174
-0.175
-0.176
-0.178
-0.181
-0.183
-0.185
-0.187
-0.188
-0.189
-0.189
-0.189
-0.188
-0.186
-0.184
-0.182
-0.18
-0.179
-0.178
-0.177
-0.175
-0.174
-0.174
-0.173
-0.173
-0.173
-0.173
-0.173
-0.172
-0.172
-0.172
-0.171
-0.17
-0.168
-0.166
-0.164
-0.161
-0.159
-0.158
-0.157
-0.156
-0.155
-0.154
-0.152
-0.151
-0.15
-0.148
-0.145
-0.142
-0.138
-0.134
-0.131
-0.127
-0.125
-0.122
-0.121
-0.119
-0.118
-0.117
-0.116
-0.114
-0.113
-0.111
-0.109
-0.106
-0.103
-0.1
-0.098
-0.095
-0.093
-0.091
-0.09
-0.088
-0.088
-0.087
-0.085
-0.083
-0.079
-0.075
-0.068
-0.053
-0.037
-0.022
-0.01
0.0
0.009
0.015
0.02
0.024
0.027
0.026
0.022
0.016
0.008
0.0
-0.012
-0.021
-0.029
-0.034
-0.038
-0.042
-0.045
-0.048
-0.048
-0.047
-0.045
-0.042
-0.038
-0.033
-0.024
-0.024
-0.034
-0.049
-0.071
-0.094
-0.11
-0.122
-0.118
-0.077
0.013
0.16
0.356
0.582
0.809
1.003
1.11
1.117
1.047
0.875
0.655
0.426
0.222
0.066
-0.037
-0.076
-0.09
-0.096
-0.096
-0.091
-0.083
-0.074
-0.064
-0.054
-0.043
-0.033
-0.023
-0.014
-0.005
0.002
0.006
0.009
0.011
0.013
0.014
0.015
0.016
0.018
0.019
0.021
0.022
0.024
0.026
0.028
0.03
0.033
0.035
0.038
0.04
0.043
0.047
0.051
0.055
0.058
0.061
0.064
0.069
0.077
0.09
0.107
0.117
0.124
0.129
0.134
0.137
0.14
0.142
0.144
0.147
0.151
0.157
0.166
0.178
0.188
0.197
0.206
0.213
0.221
0.232
0.246
0.26
0.274
0.287
0.301
0.309
0.314
0.318
0.321
0.323
0.323
0.32
0.314
0.306
0.297
0.283
0.259
0.245
0.227
0.202
0.175
0.143
0.114
0.092
0.073
0.054
0.035
0.015
-0.004
-0.024
-0.042
-0.051
-0.056
-0.061
-0.065
-0.069
-0.072
-0.074
-0.076
-0.077
-0.078
-0.079
-0.079
-0.079
-0.08
-0.08
-0.081
-0.081
-0.082
-0.082
-0.083
-0.083
-0.083
-0.082
-0.082
-0.081
-0.08
-0.079
-0.078
-0.076
-0.074
-0.072
-0.07
-0.067
-0.064
-0.057
-0.053
-0.059
-0.069
-0.076
-0.081
-0.086
-0.09
-0.092
-0.093
-0.09
-0.085
-0.079
-0.074
-0.071
-0.069
-0.067
-0.064
-0.062
-0.059
-0.056
-0.054
-0.052
-0.051
-0.05
-0.049
-0.049
-0.049
-0.049
-0.049
-0.049
-0.048
-0.047
-0.045
-0.044
-0.043
-0.041
-0.039
-0.038
-0.037
-0.036
-0.035
-0.035
-0.035
-0.035
-0.034
-0.033
-0.032
-0.031
-0.028
-0.026
-0.023
-0.019
-0.016
-0.013
-0.01
-0.007
-0.005
-0.003
-0.001
0.0
0.002
0.004
0.007
0.01
0.014
0.018
0.022
0.026
0.029
0.031
0.031
0.029
0.025
0.02
0.013
0.006
0.0
-0.008
-0.02
-0.031
-0.037
-0.04
-0.043
-0.045
-0.046
-0.048
-0.049
-0.051
-0.053
-0.056
-0.058
-0.06
-0.064
-0.068
-0.073
-0.08
-0.097
-0.129
-0.156
-0.173
-0.163
-0.133
-0.029
0.141
0.369
0.624
0.866
1.046
1.11
1.103
1.002
0.808
0.571
0.33
0.123
-0.021
-0.074
-0.083
-0.091
-0.098
-0.104
-0.109
-0.113
-0.116
-0.118
-0.119
-0.12
-0.12
-0.119
-0.116
-0.113
-0.109
-0.107
-0.104
-0.101
-0.098
-0.094
-0.09
-0.086
-0.082
-0.078
-0.072
-0.065
-0.058
-0.052
-0.047
-0.043
-0.039
-0.035
-0.03
-0.024
-0.018
-0.011
-0.004
0.002
0.007
0.011
0.015
0.019
0.023
0.028
0.032
0.037
0.042
0.048
0.054
0.063
0.072
0.08
0.088
0.096
0.106
0.118
0.131
0.144
0.156
0.167
0.177
0.187
0.197
0.207
0.216
0.226
0.237
0.248
0.259
0.271
0.28
0.285
0.288
0.292
0.296
0.299
0.298
0.29
0.276
0.254
0.222
0.194
0.164
0.139
0.119
0.1
0.076
0.047
0.024
0.007
-0.008
-0.024
-0.039
-0.057
-0.062
-0.064
-0.065
-0.067
-0.068
-0.069
-0.071
-0.072
-0.073
-0.073
-0.074
-0.074
-0.073
-0.073
-0.072
-0.072
-0.071
-0.071
-0.071
-0.072
-0.072
-0.073
-0.073
-0.074
-0.074
-0.073
-0.073
-0.073
-0.073
-0.073
-0.074
-0.075
-0.075
-0.076
-0.077
-0.079
-0.08
-0.081
-0.082
-0.082
-0.083
-0.083
-0.083
-0.084
-0.084
-0.084
-0.084
-0.084
-0.084
-0.084
-0.085
-0.085
-0.085
-0.085
-0.085
-0.085
-0.086
-0.086
-0.086
-0.085
-0.085
-0.084
-0.083
-0.083
-0.082
-0.082
-0.082
-0.083
-0.083
-0.083
-0.084
-0.084
-0.085
-0.085
-0.085
-0.084
-0.085
-0.087
-0.076
-0.069
-0.066
-0.064
-0.063
-0.062
-0.061
-0.06
-0.058
-0.056
-0.054
-0.052
-0.049
-0.046
-0.043
-0.04
-0.037
-0.034
-0.03
-0.025
-0.021
-0.016
-0.01
-0.004
0.002
0.01
0.021
0.036
0.05
0.062
0.075
0.089
0.096
0.099
0.102
0.106
0.108
0.109
0.105
0.096
0.086
0.079
0.073
0.068
0.063
0.059
0.055
0.052
0.049
0.047
0.045
0.042
0.039
0.036
0.033
0.029
0.024
0.019
0.012
0.002
-0.016
-0.05
-0.079
-0.097
-0.083
-0.042
0.071
0.244
0.472
0.731
0.981
1.179
1.256
1.247
1.127
0.911
0.651
0.398
0.197
0.07
0.008
-0.013
-0.026
-0.031
-0.035
-0.039
-0.041
-0.042
-0.043
-0.043
-0.043
-0.042
-0.04
-0.037
-0.033
-0.029
-0.025
-0.021
-0.018
-0.015
-0.014
-0.012
-0.012
-0.011
-0.01
-0.01
-0.009
-0.008
-0.007
-0.005
-0.003
-0.001
0.0
0.002
0.004
0.006
0.009
0.011
0.015
0.019
0.023
0.031
0.04
0.049
0.056
0.062
0.068
0.074
0.08
0.086
0.092
0.099
0.105
0.112
0.119
0.128
0.138
0.148
0.157
0.165
0.175
0.186
0.198
0.213
0.226
0.237
0.248
0.26
0.27
0.277
0.285
0.291
0.296
0.299
0.299
0.298
0.294
0.29
0.284
0.277
0.263
0.249
0.229
0.203
0.18
0.162
0.146
0.126
0.099
0.073
0.045
0.016
-0.01
-0.029
-0.045
-0.067
-0.078
-0.084
-0.088
-0.091
-0.094
-0.096
-0.098
-0.1
-0.103
-0.106
-0.11
-0.113
-0.116
-0.118
-0.12
-0.122
-0.124
-0.127
-0.129
-0.131
-0.133
-0.135
-0.138
-0.14
-0.143
-0.145
-0.147
-0.148
-0.148
-0.148
-0.149
-0.149
-0.15
-0.15
-0.151
-0.154
-0.157
-0.158
-0.156
-0.153
-0.152
-0.151
-0.15
-0.149
-0.148
-0.147
-0.145
-0.142
-0.139
-0.136
-0.133
-0.13
-0.127
-0.124
-0.12
-0.112
-0.104
-0.098
-0.092
-0.089
-0.085
-0.082
-0.079
-0.075
-0.072
-0.07
-0.068
-0.067
-0.066
-0.065
-0.064
-0.063
-0.062
-0.061
-0.059
-0.058
-0.056
-0.054
-0.053
-0.052
-0.051
-0.05
-0.05
-0.049
-0.049
-0.049
-0.048
-0.047
-0.046
-0.045
-0.043
-0.041
-0.039
-0.036
-0.034
-0.031
-0.027
-0.024
-0.017
-0.01
-0.004
0.0
0.005
0.01
0.014
0.019
0.024
0.027
0.03
0.03
0.029
0.026
0.021
0.016
0.009
0.0
-0.014
-0.028
-0.035
-0.041
-0.047
-0.05
-0.053
-0.053
-0.051
-0.049
-0.046
-0.043
-0.04
-0.034
-0.029
-0.029
-0.037
-0.051
-0.073
-0.107
-0.13
-0.146
-0.147
-0.134
-0.098
0.003
0.163
0.378
0.619
0.843
1.006
1.068
1.064
0.985
0.828
0.615
0.387
0.189
0.038
-0.06
-0.091
-0.101
-0.108
-0.111
-0.111
-0.108
-0.102
-0.096
-0.091
-0.088
-0.084
-0.08
-0.076
-0.071
-0.067
-0.063
-0.059
-0.053
-0.044
-0.031
-0.021
-0.014
-0.009
-0.006
-0.003
0.0
0.001
0.003
0.006
0.009
0.013
0.017
0.021
0.025
0.03
0.036
0.043
0.05
0.056
0.061
0.067
0.071
0.076
0.08
0.085
0.091
0.097
0.103
0.111
0.121
0.136
0.15
0.162
0.173
0.185
0.196
0.207
0.218
0.227
0.236
0.246
0.256
0.266
0.279
0.29
0.301
0.31
0.319
0.327
0.332
0.336
0.339
0.343
0.347
0.348
0.345
0.339
0.329
0.312
0.286
0.262
0.235
0.209
0.19
0.171
0.146
0.117
0.09
0.06
0.034
0.016
0.0
-0.02
-0.047
-0.061
-0.066
-0.069
-0.072
-0.074
-0.077
-0.08
-0.084
-0.087
-0.089
-0.092
-0.095
-0.098
-0.103
-0.111
-0.129
-0.139
-0.142
-0.144
-0.146
-0.148
-0.15
-0.152
-0.153
-0.154
-0.154
-0.155
-0.155
-0.156
-0.156
-0.157
-0.158
-0.159
-0.16
-0.161
-0.161
-0.161
-0.161
-0.162
-0.162
-0.162
-0.162
-0.163
-0.163
-0.164
-0.164
-0.164
-0.164
-0.163
-0.162
-0.159
-0.157
-0.154
-0.152
-0.149
-0.147
-0.145
-0.143
-0.142
-0.141
-0.14
-0.139
-0.137
-0.136
-0.134
-0.133
-0.131
-0.129
-0.127
-0.126
-0.125
-0.124
-0.123
-0.121
-0.12
-0.118
-0.116
-0.113
-0.11
-0.107
-0.104
-0.101
-0.099
-0.096
-0.094
-0.09
-0.086
-0.082
-0.077
-0.072
-0.067
-0.062
-0.058
-0.054
-0.052
-0.049
-0.047
-0.045
-0.042
-0.039
-0.033
-0.021
-0.012
-0.005
0.0
0.004
0.008
0.012
0.013
0.013
0.009
0.004
-0.002
-0.01
-0.019
-0.032
-0.045
-0.057
-0.063
-0.067
-0.071
-0.074
-0.078
-0.081
-0.085
-0.088
-0.091
-0.093
-0.096
-0.099
-0.103
-0.107
-0.113
-0.128
-0.128
-0.108
-0.053
0.068
0.247
0.466
0.695
0.897
1.027
1.046
1.013
0.874
0.69
0.486
0.283
0.105
-0.027
-0.116
-0.14
-0.146
-0.151
-0.134
-0.112
-0.092
-0.075
-0.067
-0.063
-0.06
-0.058
-0.056
-0.054
-0.052
-0.05
-0.048
-0.046
-0.044
-0.042
-0.04
-0.038
-0.036
-0.033
-0.031
-0.028
-0.025
-0.022
-0.018
-0.014
-0.009
-0.005
0.0
0.003
0.007
0.01
0.014
0.017
0.021
0.025
0.029
0.034
0.04
0.046
0.052
0.059
0.067
0.075
0.083
0.092
0.101
0.11
0.117
0.124
0.131
0.14
0.151
0.162
0.172
0.182
0.193
0.205
0.219
0.232
0.244
0.255
0.265
0.277
0.289
0.302
0.318
0.326
0.327
0.328
0.328
0.329
0.33
0.329
0.321
0.308
0.294
0.274
0.255
0.229
0.199
0.17
0.142
0.115
0.089
0.069
0.053
0.033
0.019
0.009
0.001
-0.008
-0.019
-0.028
-0.033
-0.036
-0.039
-0.042
-0.045
-0.047
-0.049
-0.05
-0.051
-0.052
-0.053
-0.054
-0.055
-0.055
-0.054
-0.054
-0.054
-0.054
-0.054
-0.054
-0.054
-0.055
-0.055
-0.056
-0.057
-0.057
-0.058
-0.059
-0.059
-0.06
-0.06
-0.06
-0.061
-0.061
-0.062
-0.063
-0.064
-0.065
-0.067
-0.068
-0.069
-0.071
-0.072
-0.073
-0.073
-0.073
-0.074
-0.074
-0.074
-0.074
-0.074
-0.074
-0.074
-0.074
-0.074
-0.073
-0.072
-0.07
-0.068
-0.066
-0.064
-0.062
-0.06
-0.058
-0.057
-0.055
-0.055
-0.055
-0.055
-0.055
-0.054
-0.053
-0.052
-0.051
-0.05
-0.049
-0.047
-0.046
-0.045
-0.044
-0.042
-0.041
-0.039
-0.038
-0.036
-0.034
-0.032
-0.029
-0.026
-0.022
-0.017
-0.012
-0.007
-0.002
0.003
0.008
0.013
0.017
0.021
0.025
0.028
0.031
0.035
0.038
0.042
0.044
0.047
0.048
0.047
0.045
0.041
0.037
0.031
0.026
0.02
0.014
0.007
0.0
-0.005
-0.011
-0.016
-0.02
-0.024
-0.029
-0.033
-0.037
-0.041
-0.045
-0.048
-0.052
-0.057
-0.064
-0.08
-0.108
-0.127
-0.141
-0.139
-0.111
-0.033
0.113
0.311
0.548
0.791
0.992
1.092
1.099
1.033
0.882
0.68
0.452
0.231
0.053
-0.069
-0.13
-0.152
-0.153
-0.143
-0.138
-0.134
-0.131
-0.129
-0.126
-0.123
-0.12
-0.116
-0.112
-0.107
-0.102
-0.097
-0.094
-0.09
-0.088
-0.085
-0.081
-0.077
-0.074
-0.07
-0.067
-0.064
-0.061
-0.058
-0.054
-0.05
-0.046
-0.042
-0.038
-0.033
-0.027
-0.02
-0.014
-0.008
-0.002
0.004
0.01
0.016
0.02
0.024
0.028
0.032
0.037
0.042
0.049
0.056
0.064
0.074
0.089
0.109
0.127
0.143
0.156
0.168
0.182
0.192
0.2
0.207
0.214
0.222
0.229
0.236
0.245
0.256
0.266
0.273
0.278
0.283
0.287
0.291
0.294
0.296
0.294
0.291
0.284
0.277
0.262
0.237
0.214
0.188
0.159
0.129
0.102
0.082
0.066
0.045
0.018
-0.001
-0.013
-0.023
-0.033
-0.043
-0.054
-0.062
-0.068
-0.071
-0.072
-0.074
-0.076
-0.078
-0.079
-0.081
-0.083
-0.085
-0.088
-0.09
-0.093
-0.094
-0.096
-0.097
-0.099
-0.101
-0.103
-0.105
-0.107
-0.109
-0.11
-0.111
-0.112
-0.112
-0.112
-0.111
-0.11
-0.108
-0.106
-0.105
-0.103
-0.102
-0.1
-0.099
-0.098
-0.097
-0.095
-0.094
-0.093
-0.092
-0.09
-0.088
-0.086
-0.084
-0.082
-0.08
-0.078
-0.076
-0.073
-0.071
-0.069
-0.068
-0.066
-0.064
-0.062
-0.06
-0.058
-0.056
-0.055
-0.054
-0.054
-0.053
-0.052
-0.05
-0.048
-0.047
-0.045
-0.043
-0.041
-0.038
-0.036
-0.035
-0.033
-0.032
-0.03
-0.029
-0.027
-0.025
-0.023
-0.02
-0.017
-0.014
-0.01
-0.007
-0.003
0.0
0.001
0.003
0.005
0.007
0.009
0.012
0.015
0.019
0.023
0.029
0.038
0.047
0.053
0.056
0.058
0.058
0.059
0.06
0.062
0.063
0.063
0.063
0.06
0.054
0.048
0.04
0.031
0.017
0.004
-0.008
-0.014
-0.019
-0.022
-0.025
-0.027
-0.029
-0.032
-0.035
-0.037
-0.039
-0.041
-0.042
-0.045
-0.048
-0.055
-0.078
-0.109
-0.134
-0.153
-0.165
-0.134
-0.042
0.129
0.362
0.631
0.895
1.111
1.205
1.201
1.088
0.873
0.618
0.367
0.162
0.024
-0.035
-0.054
-0.064
-0.07
-0.075
-0.079
-0.081
-0.083
-0.085
-0.087
-0.088
-0.09
-0.09
-0.089
-0.089
-0.087
-0.085
-0.081
-0.076
-0.071
-0.066
-0.06
-0.056
-0.051
-0.045
-0.04
-0.034
-0.03
-0.026
-0.022
-0.019
-0.016
-0.012
-0.009
-0.005
0.0
0.005
0.011
0.018
0.026
0.031
0.035
0.039
0.042
0.045
0.048
0.052
0.054
0.057
0.059
0.061
0.064
0.068
0.075
0.089
0.106
0.119
0.127
0.135
0.144
0.153
0.162
0.174
0.188
0.201
0.214
0.224
0.232
0.239
0.245
0.251
0.257
0.263
0.269
0.275
0.282
0.285
0.285
0.282
0.274
0.263
0.244
0.21
0.177
0.142
0.105
0.067
0.035
0.012
-0.007
-0.024
-0.038
-0.052
-0.065
-0.077
-0.087
-0.097
-0.109
-0.12
-0.126
-0.131
-0.135
-0.139
-0.143
-0.146
-0.149
-0.151
-0.153
-0.155
-0.156
-0.157
-0.158
-0.158
-0.158
-0.159
-0.16
-0.16
-0.161
-0.161
-0.161
-0.161
-0.161
-0.161
-0.16
-0.158
-0.156
-0.153
-0.15
-0.148
-0.146
-0.144
-0.142
-0.14
-0.138
-0.137
-0.135
-0.134
-0.133
-0.132
-0.132
-0.132
-0.132
-0.132
-0.132
-0.132
-0.131
-0.129
-0.128
-0.126
-0.124
-0.121
-0.118
-0.115
-0.112
-0.109
-0.107
-0.105
-0.104
-0.103
-0.101
-0.1
-0.099
-0.098
-0.096
-0.095
-0.092
-0.09
-0.087
-0.085
-0.084
-0.082
-0.081
-0.079
-0.079
-0.078
-0.078
-0.078
-0.077
-0.076
-0.075
-0.073
-0.07
-0.068
-0.065
-0.062
-0.056
-0.045
-0.034
-0.025
-0.018
-0.013
-0.008
-0.003
0.0
0.004
0.007
0.009
0.01
0.011
0.011
0.01
0.008
0.005
0.001
-0.002
-0.006
-0.01
-0.015
-0.021
-0.034
-0.045
-0.055
-0.06
-0.063
-0.067
-0.071
-0.074
-0.078
-0.082
-0.085
-0.087
-0.089
-0.091
-0.094
-0.097
-0.101
-0.111
-0.135
-0.158
-0.172
-0.159
-0.122
-0.017
0.142
0.342
0.552
0.747
0.903
0.965
0.959
0.863
0.694
0.493
0.284
0.094
-0.048
-0.106
-0.122
-0.133
-0.14
-0.144
-0.145
-0.143
-0.141
-0.137
-0.133
-0.128
-0.122
-0.107
-0.085
-0.072
-0.066
-0.061
-0.057
-0.054
-0.051
-0.046
-0.042
-0.039
-0.036
-0.034
-0.031
-0.028
-0.021
-0.009
-0.003
-0.002
-0.001
0.0
0.001
0.003
0.004
0.006
0.009
0.013
0.016
0.021
0.025
0.03
0.036
0.044
0.058
0.071
0.079
0.085
0.091
0.096
0.102
0.108
0.116
0.124
0.133
0.143
0.157
0.171
0.185
0.196
0.204
0.211
0.218
0.226
0.233
0.242
0.253
0.267
0.279
0.289
0.297
0.303
0.308
0.312
0.313
0.311
0.307
0.301
0.292
0.28
0.262
0.249
0.234
0.21
0.182
0.155
0.128
0.1
0.069
0.044
0.025
0.0
-0.012
-0.017
-0.021
-0.024
-0.026
-0.028
-0.031
-0.033
-0.037
-0.04
-0.044
-0.048
-0.051
-0.053
-0.055
-0.057
-0.058
-0.059
-0.06
-0.062
-0.064
-0.066
-0.067
-0.069
-0.071
-0.072
-0.073
-0.074
-0.075
-0.075
-0.075
-0.074
-0.073
-0.071
-0.07
-0.068
-0.067
-0.065
-0.064
-0.063
-0.063
-0.062
-0.061
-0.06
-0.06
-0.059
-0.059
-0.059
-0.059
-0.059
-0.058
-0.057
-0.056
-0.055
-0.054
-0.053
-0.052
-0.051
-0.05
-0.049
-0.05
-0.05
-0.05
-0.05
-0.05
-0.049
-0.048
-0.048
-0.047
-0.047
-0.046
-0.046
-0.047
-0.048
-0.049
-0.05
-0.051
-0.051
-0.051
-0.05
-0.049
-0.048
-0.047
-0.045
-0.044
-0.043
-0.042
-0.041
-0.04
-0.038
-0.036
-0.031
-0.026
-0.021
-0.015
-0.01
-0.006
-0.003
0.0
0.001
0.003
0.004
0.005
0.006
0.009
0.011
0.012
0.008
0.0
-0.011
-0.021
-0.033
-0.043
-0.048
-0.052
-0.056
-0.059
-0.063
-0.065
-0.067
-0.067
-0.067
-0.066
-0.065
-0.064
-0.062
-0.058
-0.056
-0.062
-0.077
-0.101
-0.129
-0.145
-0.157
-0.156
-0.132
-0.066
0.063
0.25
0.479
0.716
0.914
1.033
1.046
0.998
0.837
0.619
0.389
0.191
0.043
-0.051
-0.109
-0.129
-0.133
-0.137
-0.141
-0.138
-0.119
-0.11
-0.105
-0.101
-0.097
-0.094
-0.092
-0.089
-0.087
-0.085
-0.082
-0.08
-0.078
-0.077
-0.076
-0.075
-0.074
-0.073
-0.071
-0.068
-0.065
-0.062
-0.057
-0.052
-0.047
-0.041
-0.034
-0.027
-0.022
-0.018
-0.014
-0.009
-0.005
0.0
0.003
0.007
0.01
0.014
0.018
0.027
0.044
0.06
0.069
0.073
0.077
0.08
0.084
0.088
0.091
0.094
0.096
0.1
0.105
0.117
0.143
0.168
0.186
0.202
0.216
0.228
0.24
0.252
0.262
0.27
0.278
0.283
0.287
0.29
0.294
0.3
0.304
0.299
0.288
0.272
0.25
0.23
0.205
0.174
0.144
0.114
0.085
0.062
0.045
0.03
0.011
-0.012
-0.031
-0.045
-0.057
-0.068
-0.077
-0.084
-0.089
-0.091
-0.092
-0.092
-0.092
-0.092
-0.093
-0.093
-0.094
-0.095
-0.097
-0.098
-0.099
-0.1
-0.101
-0.102
-0.103
-0.103
-0.104
-0.104
-0.105
-0.106
-0.108
-0.11
-0.112
-0.113
-0.114
-0.114
-0.114
-0.112
-0.109
-0.106
-0.103
-0.1
-0.095
-0.09
-0.086
-0.084
-0.085
-0.087
-0.09
-0.093
-0.096
-0.099
-0.101
-0.104
-0.105
-0.105
-0.102
-0.098
-0.092
-0.087
-0.084
-0.081
-0.078
-0.075
-0.073
-0.071
-0.069
-0.067
-0.065
-0.063
-0.062
-0.061
-0.06
-0.058
-0.057
-0.056
-0.054
-0.053
-0.051
-0.05
-0.048
-0.047
-0.045
-0.043
-0.042
-0.04
-0.037
-0.034
-0.031
-0.027
-0.024
-0.021
-0.017
-0.014
-0.012
-0.009
-0.006
-0.002
0.004
0.011
0.019
0.027
0.033
0.038
0.042
0.047
0.05
0.054
0.056
0.059
0.061
0.063
0.067
0.071
0.075
0.077
0.076
0.071
0.064
0.056
0.049
0.042
0.034
0.027
0.021
0.015
0.01
0.005
0.001
-0.002
-0.006
-0.01
-0.013
-0.016
-0.018
-0.022
-0.026
-0.037
-0.059
-0.084
-0.107
-0.127
-0.14
-0.128
-0.093
-0.007
0.131
0.32
0.549
0.793
1.011
1.16
1.2
1.122
0.955
0.738
0.505
0.287
0.113
-0.003
-0.062
-0.083
-0.084
-0.072
-0.058
-0.044
-0.036
-0.033
-0.031
-0.03
-0.028
-0.027
-0.026
-0.025
-0.023
-0.021
-0.019
-0.018
-0.016
-0.014
-0.012
-0.01
-0.007
-0.004
-0.001
0.001
0.004
0.007
0.01
0.013
0.016
0.019
0.022
0.024
0.026
0.029
0.031
0.034
0.037
0.042
0.051
0.061
0.072
0.078
0.082
0.086
0.088
0.091
0.094
0.097
0.099
0.102
0.105
0.108
0.113
0.122
0.13
0.137
0.15
0.17
0.188
0.201
0.214
0.23
0.251
0.268
0.278
0.286
0.291
0.294
0.297
0.299
0.301
0.302
0.302
0.3
0.295
0.288
0.28
0.268
0.248
0.23
0.206
0.18
0.159
0.135
0.109
0.084
0.064
0.049
0.034
0.019
0.003
-0.011
-0.023
-0.031
-0.04
-0.051
-0.062
-0.07
-0.079
-0.087
-0.092
-0.092
-0.092
-0.092
-0.091
-0.091
-0.09
-0.09
-0.09
-0.09
-0.089
-0.089
-0.089
-0.089
-0.089
-0.089
-0.088
-0.087
-0.086
-0.085
-0.085
-0.084
-0.084
-0.084
-0.084
-0.085
-0.085
-0.086
-0.086
-0.086
-0.086
-0.086
-0.085
-0.085
-0.084
-0.082
-0.081
-0.08
-0.079
-0.078
-0.076
-0.075
-0.075
-0.074
-0.074
-0.073
-0.072
-0.07
-0.068
-0.065
-0.063
-0.061
-0.059
-0.057
-0.055
-0.053
-0.052
-0.051
-0.051
-0.05
-0.049
-0.048
-0.046
-0.045
-0.043
-0.042
-0.04
-0.038
-0.037
-0.035
-0.034
-0.033
-0.033
-0.033
-0.032
-0.032
-0.031
-0.03
-0.029
-0.026
-0.024
-0.021
-0.019
-0.017
-0.015
-0.013
-0.012
-0.011
-0.009
-0.007
-0.004
0.001
0.012
0.022
0.032
0.037
0.041
0.045
0.049
0.052
0.054
0.055
0.055
0.056
0.055
0.055
0.053
0.05
0.046
0.043
0.039
0.035
0.03
0.021
0.003
-0.007
-0.013
-0.019
-0.023
-0.026
-0.027
-0.025
-0.021
-0.016
-0.01
-0.001
0.002
-0.004
-0.02
-0.044
-0.08
-0.12
-0.144
-0.16
-0.159
-0.119
-0.026
0.13
0.342
0.586
0.831
1.037
1.147
1.154
1.08
0.904
0.685
0.462
0.264
0.108
-0.001
-0.057
-0.074
-0.084
-0.089
-0.091
-0.091
-0.091
-0.092
-0.092
-0.093
-0.093
-0.092
-0.087
-0.078
-0.069
-0.062
-0.055
-0.048
-0.042
-0.036
-0.032
-0.028
-0.025
-0.023
-0.022
-0.021
-0.02
-0.019
-0.018
-0.018
-0.017
-0.016
-0.015
-0.014
-0.012
-0.011
-0.01
-0.008
-0.006
-0.004
-0.002
0.0
0.002
0.005
0.009
0.015
0.026
0.037
0.045
0.053
0.059
0.064
0.069
0.074
0.079
0.084
0.09
0.098
0.112
0.129
0.145
0.161
0.18
0.193
0.204
0.212
0.217
0.221
0.224
0.227
0.229
0.231
0.233
0.234
0.236
0.236
0.235
0.233
0.229
0.224
0.217
0.208
0.19
0.157
0.128
0.095
0.055
0.021
-0.009
-0.04
-0.066
-0.085
-0.102
-0.113
-0.121
-0.129
-0.135
-0.141
-0.146
-0.148
-0.15
-0.151
-0.153
-0.154
-0.155
-0.157
-0.157
-0.158
-0.159
-0.159
-0.16
-0.16
-0.16
-0.16
-0.16
-0.16
-0.159
-0.159
-0.158
-0.157
-0.156
-0.156
-0.155
-0.153
-0.152
-0.151
-0.149
-0.148
-0.147
-0.146
-0.146
-0.145
-0.143
-0.142
-0.139
-0.137
-0.135
-0.133
-0.131
-0.129
-0.127
-0.126
-0.125
-0.123
-0.122
-0.12
-0.119
-0.117
-0.114
-0.112
-0.109
-0.107
-0.104
-0.102
-0.1
-0.098
-0.096
-0.094
-0.093
-0.092
-0.091
-0.089
-0.088
-0.086
-0.084
-0.081
-0.078
-0.076
-0.073
-0.071
-0.069
-0.068
-0.066
-0.064
-0.063
-0.061
-0.06
-0.059
-0.057
-0.056
-0.055
-0.053
-0.05
-0.047
-0.044
-0.04
-0.035
-0.023
-0.01
0.002
0.009
0.013
0.017
0.021
0.024
0.026
0.028
0.029
0.029
0.029
0.028
0.027
0.026
0.024
0.021
0.019
0.017
0.015
0.013
0.012
0.01
0.009
0.009
0.008
0.006
0.004
0.002
0.0
-0.002
-0.004
-0.006
-0.008
-0.011
-0.015
-0.02
-0.027
-0.044
-0.079
-0.103
-0.12
-0.12
-0.097
-0.035
0.092
0.28
0.511
0.748
0.949
1.062
1.074
1.023
0.866
0.653
0.425
0.223
0.072
-0.02
-0.048
-0.056
-0.061
-0.064
-0.065
-0.062
-0.057
-0.053
-0.051
-0.049
-0.048
-0.046
-0.044
-0.042
-0.04
-0.039
-0.039
-0.038
-0.037
-0.036
-0.035
-0.035
-0.034
-0.033
-0.032
-0.031
-0.029
-0.027
-0.024
-0.02
-0.016
-0.01
0.003
0.012
0.018
0.021
0.023
0.026
0.027
0.029
0.031
0.032
0.034
0.037
0.039
0.041
0.044
0.047
0.05
0.054
0.059
0.065
0.07
0.077
0.084
0.093
0.103
0.116
0.134
0.149
0.162
0.174
0.187
0.201
0.217
0.228
0.238
0.245
0.251
0.253
0.254
0.254
0.255
0.255
0.256
0.257
0.258
0.258
0.256
0.25
0.242
0.228
0.204
0.18
0.159
0.128
0.093
0.053
0.029
0.005
-0.016
-0.034
-0.055
-0.071
-0.08
-0.086
-0.092
-0.097
-0.103
-0.111
-0.115
-0.117
-0.118
-0.118
-0.119
-0.119
-0.12
-0.121
-0.122
-0.123
-0.124
-0.125
-0.127
-0.128
-0.129
-0.13
-0.131
-0.132
-0.134
-0.136
-0.137
-0.138
-0.137
-0.134
-0.128
-0.123
-0.119
-0.116
-0.114
-0.111
-0.109
-0.107
-0.105
-0.103
-0.102
-0.101
-0.1
-0.098
-0.096
-0.095
-0.094
-0.093
-0.092
-0.09
-0.089
-0.087
-0.086
-0.085
-0.084
-0.083
-0.082
-0.081
-0.08
-0.078
-0.077
-0.075
-0.073
-0.072
-0.07
-0.069
-0.068
-0.067
-0.067
-0.066
-0.066
-0.066
-0.066
-0.065
-0.065
-0.064
-0.063
-0.062
-0.06
-0.059
-0.057
-0.055
-0.053
-0.051
-0.048
-0.043
-0.038
-0.034
-0.029
-0.024
-0.018
-0.012
-0.006
0.0
0.004
0.008
0.011
0.015
0.021
0.03
0.04
0.046
0.052
0.055
0.057
0.056
0.053
0.048
0.041
0.033
0.02
0.005
-0.001
-0.005
-0.008
-0.011
-0.014
-0.016
-0.018
-0.02
-0.023
-0.025
-0.026
-0.028
-0.03
-0.032
-0.035
-0.044
-0.062
-0.081
-0.096
-0.107
-0.115
-0.101
-0.058
0.042
0.203
0.415
0.656
0.891
1.073
1.138
1.13
1.026
0.841
0.623
0.4
0.203
0.054
-0.04
-0.07
-0.081
-0.084
-0.079
-0.07
-0.065
-0.062
-0.059
-0.056
-0.054
-0.052
-0.05
-0.047
-0.044
-0.041
-0.039
-0.037
-0.035
-0.033
-0.03
-0.024
-0.018
-0.013
-0.009
-0.004
0.001
0.009
0.01
0.004
-0.001
-0.007
-0.006
0.004
0.013
0.023
0.032
0.041
0.047
0.053
0.059
0.061
0.061
0.059
0.056
0.053
0.048
0.06
0.074
0.087
0.098
0.106
0.112
0.118
0.124
0.131
0.139
0.148
0.156
0.164
0.177
0.197
0.216
0.229
0.242
0.252
0.259
0.265
0.271
0.278
0.286
0.295
0.301
0.306
0.311
0.316
0.318
0.313
0.3
0.28
0.254
0.232
0.212
0.194
0.171
0.145
0.118
0.095
0.079
0.067
0.051
0.032
0.013
-0.009
-0.027
-0.037
-0.044
-0.05
-0.054
-0.056
-0.057
-0.058
-0.059
-0.06
-0.062
-0.063
-0.065
-0.067
-0.069
-0.07
-0.072
-0.074
-0.074
-0.075
-0.075
-0.075
-0.075
-0.077
-0.079
-0.081
-0.084
-0.086
-0.088
-0.089
-0.09
-0.089
-0.087
-0.085
-0.081
-0.078
-0.074
-0.071
-0.069
-0.067
-0.065
-0.063
-0.062
-0.061
-0.059
-0.058
-0.057
-0.057
-0.056
-0.055
-0.055
-0.054
-0.054
-0.054
-0.053
-0.052
-0.051
-0.05
-0.049
-0.049
-0.048
-0.048
-0.048
-0.047
-0.047
-0.047
-0.047
-0.047
-0.048
-0.048
-0.048
-0.048
-0.049
-0.049
-0.05
-0.051
-0.052
-0.053
-0.054
-0.055
-0.056
-0.057
-0.058
-0.06
-0.063
-0.066
-0.068
-0.065
-0.058
-0.051
-0.044
-0.037
-0.029
-0.022
-0.015
-0.009
-0.005
-0.002
0.0
0.003
0.006
0.009
0.011
0.012
0.014
0.016
0.017
0.017
0.016
0.015
0.013
0.011
0.009
0.006
0.003
0.0
-0.002
-0.005
-0.009
-0.017
-0.024
-0.028
-0.03
-0.032
-0.034
-0.036
-0.037
-0.039
-0.042
-0.044
-0.045
-0.047
-0.049
-0.052
-0.055
-0.064
-0.084
-0.11
-0.13
-0.147
-0.148
-0.122
-0.036
0.113
0.331
0.596
0.865
1.083
1.184
1.184
1.088
0.88
0.628
0.387
0.192
0.049
-0.044
-0.084
-0.1
-0.1
-0.09
-0.085
-0.081
-0.078
-0.075
-0.073
-0.071
-0.069
-0.066
-0.063
-0.06
-0.057
-0.054
-0.052
-0.05
-0.048
-0.045
-0.042
-0.039
-0.036
-0.033
-0.029
-0.026
-0.022
-0.018
-0.014
-0.01
-0.005
0.0
0.005
0.011
0.016
0.022
0.027
0.033
0.041
0.048
0.053
0.056
0.058
0.06
0.061
0.063
0.065
0.068
0.071
0.076
0.08
0.086
0.094
0.106
0.114
0.121
0.131
0.148
0.165
0.178
0.19
0.199
0.208
0.218
0.231
0.24
0.248
0.255
0.262
0.27
0.276
0.283
0.289
0.295
0.3
0.3
0.296
0.29
0.282
0.271
0.254
0.237
0.214
0.187
0.161
0.133
0.108
0.09
0.073
0.058
0.041
0.023
0.007
-0.006
-0.017
-0.028
-0.037
-0.045
-0.052
-0.057
-0.062
-0.065
-0.067
-0.067
-0.068
-0.069
-0.069
-0.07
-0.07
-0.071
-0.072
-0.073
-0.073
-0.073
-0.074
-0.074
-0.074
-0.075
-0.075
-0.076
-0.076
-0.077
-0.078
-0.079
-0.08
-0.082
-0.083
-0.084
-0.084
-0.084
-0.084
-0.084
-0.084
-0.084
-0.085
-0.086
-0.088
-0.09
-0.091
-0.09
-0.087
-0.084
-0.081
-0.076
-0.072
-0.071
-0.073
-0.075
-0.076
-0.077
-0.078
-0.079
-0.08
-0.081
-0.081
-0.082
-0.081
-0.08
-0.079
-0.078
-0.076
-0.075
-0.073
-0.071
-0.07
-0.07
-0.07
-0.07
-0.071
-0.071
-0.072
-0.073
-0.073
-0.074
-0.074
-0.075
-0.075
-0.076
-0.077
-0.077
-0.078
-0.077
-0.076
-0.073
-0.071
-0.068
-0.065
-0.062
-0.058
-0.055
-0.051
-0.047
-0.044
-0.041
-0.037
-0.032
-0.027
-0.022
-0.018
-0.014
-0.012
-0.01
-0.009
-0.009
-0.011
-0.014
-0.018
-0.023
-0.028
-0.032
-0.037
-0.041
-0.045
-0.049
-0.052
-0.056
-0.06
-0.064
-0.068
-0.071
-0.075
-0.078
-0.08
-0.083
-0.084
-0.086
-0.088
-0.091
-0.096
-0.11
-0.129
-0.148
-0.165
-0.166
-0.153
-0.118
-0.006
0.169
0.392
0.634
0.859
1.027
1.092
1.037
0.89
0.696
0.485
0.283
0.107
-0.026
-0.11
-0.146
-0.159
-0.158
-0.143
-0.135
-0.131
-0.128
-0.125
-0.123
-0.121
-0.118
-0.116
-0.113
-0.109
-0.106
-0.103
-0.1
-0.098
-0.097
-0.096
-0.094
-0.091
-0.088
-0.085
-0.082
-0.079
-0.076
-0.073
-0.07
-0.067
-0.064
-0.062
-0.06
-0.058
-0.055
-0.051
-0.046
-0.036
-0.026
-0.018
-0.012
-0.006
-0.002
0.001
0.004
0.008
0.012
0.017
0.022
0.028
0.035
0.044
0.054
0.063
0.072
0.081
0.089
0.097
0.104
0.112
0.12
0.132
0.15
0.168
0.182
0.192
0.202
0.211
0.22
0.232
0.249
0.259
0.266
0.272
0.276
0.277
0.275
0.268
0.258
0.241
0.213
0.185
0.158
0.131
0.107
0.086
0.066
0.045
0.022
-0.004
-0.029
-0.053
-0.077
-0.095
-0.107
-0.113
-0.118
-0.12
-0.122
-0.124
-0.125
-0.125
-0.125
-0.125
-0.124
-0.123
-0.122
-0.12
-0.119
-0.118
-0.116
-0.114
-0.113
-0.112
-0.112
-0.113
-0.115
-0.117
-0.119
-0.122
-0.124
-0.127
-0.13
-0.134
-0.137
-0.138
-0.137
-0.135
-0.131
-0.127
-0.121
-0.114
-0.103
-0.094
-0.088
-0.084
-0.082
-0.08
-0.079
-0.078
-0.077
-0.076
-0.076
-0.076
-0.075
-0.074
-0.073
-0.073
-0.072
-0.07
-0.068
-0.066
-0.063
-0.06
-0.057
-0.055
-0.052
-0.05
-0.048
-0.046
-0.044
-0.043
-0.042
-0.04
-0.039
-0.037
-0.035
-0.033
-0.031
-0.03
-0.028
-0.027
-0.026
-0.024
-0.023
-0.022
-0.02
-0.019
-0.017
-0.014
-0.011
-0.007
-0.003
0.001
0.005
0.009
0.014
0.019
0.025
0.031
0.037
0.043
0.049
0.053
0.057
0.061
0.064
0.064
0.062
0.056
0.049
0.043
0.04
0.037
0.035
0.032
0.029
0.027
0.024
0.021
0.019
0.017
0.014
0.012
0.011
0.011
0.011
0.011
0.009
0.007
0.0
-0.021
-0.041
-0.055
-0.055
-0.032
0.032
0.184
0.399
0.649
0.884
1.056
1.107
1.094
0.978
0.789
0.575
0.371
0.202
0.08
0.002
-0.012
-0.012
-0.011
-0.012
-0.013
-0.013
-0.011
-0.009
-0.007
-0.006
-0.006
-0.005
-0.003
-0.001
0.0
0.001
0.003
0.005
0.008
0.011
0.015
0.019
0.023
0.026
0.03
0.034
0.038
0.043
0.048
0.053
0.058
0.062
0.066
0.069
0.074
0.078
0.085
0.096
0.105
0.113
0.117
0.119
0.121
0.123
0.125
0.127
0.129
0.132
0.135
0.138
0.141
0.145
0.149
0.154
0.161
0.173
0.183
0.19
0.196
0.205
0.218
0.232
0.245
0.256
0.266
0.276
0.287
0.299
0.302
0.303
0.304
0.304
0.305
0.304
0.298
0.288
0.276
0.26
0.242
0.224
0.206
0.189
0.167
0.142
0.121
0.1
0.078
0.057
0.036
0.015
-0.006
-0.029
-0.055
-0.08
-0.103
-0.129
-0.159
-0.188
-0.211
-0.227
-0.238
-0.244
-0.25
-0.254
-0.256
-0.252
-0.243
-0.233
-0.226
-0.219
-0.213
-0.207
-0.202
-0.196
-0.192
-0.187
-0.182
-0.176
-0.169
-0.162
-0.153
-0.145
-0.14
-0.137
-0.135
-0.132
-0.13
-0.127
-0.124
-0.12
-0.115
-0.111
-0.106
-0.101
-0.096
-0.093
-0.089
-0.086
-0.084
-0.081
-0.078
-0.076
-0.074
-0.071
-0.068
-0.065
-0.062
-0.06
-0.057
-0.055
-0.054
-0.052
-0.051
-0.05
-0.048
-0.047
-0.045
-0.043
-0.04
-0.037
-0.033
-0.03
-0.027
-0.025
-0.022
-0.019
-0.016
-0.013
-0.012
-0.01
-0.009
-0.007
-0.006
-0.005
-0.003
-0.002
0.0
0.001
0.003
0.005
0.007
0.009
0.011
0.013
0.015
0.018
0.022
0.027
0.035
0.05
0.063
0.072
0.082
0.092
0.104
0.118
0.128
0.135
0.141
0.145
0.148
0.147
0.144
0.138
0.13
0.121
0.109
0.088
0.078
0.074
0.071
0.069
0.067
0.066
0.064
0.062
0.059
0.057
0.055
0.052
0.05
0.048
0.044
0.039
0.026
-0.002
-0.032
-0.06
-0.084
-0.1
-0.089
-0.057
0.039
0.196
0.408
0.655
0.897
1.088
1.171
1.171
1.087
0.91
0.693
0.475
0.284
0.131
0.014
-0.063
-0.09
-0.1
-0.1
-0.085
-0.077
-0.072
-0.068
-0.065
-0.062
-0.059
-0.056
-0.052
-0.047
-0.043
-0.039
-0.035
-0.031
-0.028
-0.024
-0.02
-0.015
-0.01
-0.005
0.0
0.005
0.009
0.013
0.017
0.022
0.029
0.038
0.046
0.053
0.058
0.062
0.065
0.067
0.069
0.071
0.074
0.077
0.08
0.082
0.085
0.089
0.095
0.104
0.121
0.136
0.147
0.154
0.16
0.168
0.176
0.185
0.196
0.209
0.222
0.236
0.249
0.261
0.27
0.276
0.281
0.285
0.287
0.29
0.292
0.293
0.295
0.295
0.295
0.294
0.291
0.287
0.281
0.274
0.267
0.254
0.23
0.211
0.193
0.174
0.153
0.125
0.095
0.07
0.041
0.014
-0.005
-0.027
-0.046
-0.063
-0.074
-0.081
-0.085
-0.087
-0.09
-0.092
-0.093
-0.093
-0.093
-0.093
-0.093
-0.092
-0.09
-0.088
-0.085
-0.082
-0.08
-0.077
-0.074
-0.07
-0.065
-0.062
-0.062
-0.07
-0.081
-0.094
-0.105
-0.117
-0.129
-0.14
-0.151
-0.161
-0.169
-0.173
-0.175
-0.178
-0.18
-0.182
-0.184
-0.186
-0.187
-0.188
-0.189
-0.191
-0.193
-0.194
-0.196
-0.196
-0.197
-0.197
-0.198
-0.199
-0.2
-0.2
-0.199
-0.2
-0.2
-0.201
-0.201
-0.201
-0.2
-0.2
-0.2
-0.2
-0.201
-0.202
-0.202
-0.202
-0.202
-0.202
-0.203
-0.203
-0.203
-0.203
-0.202
-0.201
-0.202
-0.204
-0.205
-0.206
-0.204
-0.198
-0.191
-0.185
-0.182
-0.18
-0.178
-0.175
-0.172
-0.17
-0.167
-0.164
-0.161
-0.158
-0.154
-0.15
-0.147
-0.144
-0.141
-0.138
-0.134
-0.13
-0.126
-0.121
-0.117
-0.111
-0.106
-0.1
-0.096
-0.093
-0.091
-0.092
-0.094
-0.097
-0.101
-0.105
-0.108
-0.112
-0.115
-0.117
-0.12
-0.121
-0.123
-0.126
-0.129
-0.132
-0.136
-0.139
-0.141
-0.143
-0.144
-0.146
-0.147
-0.15
-0.154
-0.165
-0.186
-0.201
-0.21
-0.189
-0.125
0.008
0.212
0.466
0.739
0.986
1.157
1.222
1.172
1.025
0.811
0.572
0.349
0.167
0.04
-0.009
-0.021
-0.029
-0.036
-0.04
-0.043
-0.045
-0.046
-0.046
-0.045
-0.043
-0.04
-0.035
-0.028
-0.022
-0.016
-0.009
0.0
0.01
0.02
0.032
0.041
0.047
0.051
0.055
0.058
0.061
0.063
0.066
0.069
0.071
0.074
0.077
0.079
0.081
0.082
0.084
0.087
0.089
0.093
0.097
0.102
0.109
0.116
0.124
0.132
0.14
0.15
0.16
0.172
0.184
0.192
0.199
0.205
0.213
0.221
0.23
0.24
0.252
0.264
0.278
0.293
0.308
0.326
0.347
0.369
0.384
0.396
0.405
0.412
0.418
0.423
0.429
0.436
0.442
0.442
0.435
0.425
0.409
0.381
0.351
0.317
0.278
0.239
0.199
0.16
0.121
0.087
0.055
0.023
-0.004
-0.025
-0.047
-0.063
-0.075
-0.085
-0.095
-0.103
-0.107
-0.11
-0.113
-0.115
-0.118
-0.12
-0.123
-0.125
-0.127
-0.128
-0.128
-0.129
-0.129
-0.129
-0.127
-0.124
-0.121
-0.117
-0.113
-0.109
-0.106
-0.104
-0.101
-0.097
-0.095
-0.092
-0.089
-0.085
-0.081
-0.076
-0.071
-0.066
-0.062
-0.058
-0.055
-0.053
-0.051
-0.049
-0.047
-0.046
-0.045
-0.045
-0.045
-0.044
-0.043
-0.042
-0.04
-0.039
-0.038
-0.037
-0.037
-0.036
-0.035
-0.035
-0.034
-0.034
-0.033
-0.032
-0.03
-0.028
-0.026
-0.024
-0.022
-0.021
-0.019
-0.017
-0.015
-0.013
-0.012
-0.011
-0.01
-0.009
-0.008
-0.008
-0.007
-0.006
-0.006
-0.006
-0.007
-0.007
-0.008
-0.009
-0.011
-0.012
-0.015
-0.017
-0.019
-0.021
-0.022
-0.024
-0.025
-0.027
-0.028
-0.029
-0.029
-0.03
-0.031
-0.033
-0.034
-0.036
-0.038
-0.041
-0.044
-0.049
-0.054
-0.061
-0.068
-0.077
-0.092
-0.104
-0.112
-0.118
-0.121
-0.124
-0.127
-0.13
-0.133
-0.135
-0.138
-0.141
-0.144
-0.147
-0.15
-0.155
-0.16
-0.166
-0.175
-0.194
-0.196
-0.18
-0.137
-0.017
0.163
0.379
0.602
0.806
0.94
0.959
0.923
0.783
0.599
0.398
0.197
0.031
-0.081
-0.13
-0.146
-0.152
-0.146
-0.133
-0.111
-0.076
-0.06
-0.054
-0.05
-0.047
-0.044
-0.041
-0.039
-0.037
-0.035
-0.034
-0.032
-0.03
-0.027
-0.026
-0.025
-0.024
-0.023
-0.021
-0.019
-0.016
-0.012
-0.008
-0.002
0.003
0.008
0.01
0.011
0.012
0.012
0.013
0.014
0.015
0.016
0.017
0.018
0.019
0.02
0.023
0.026
0.03
0.035
0.042
0.057
0.076
0.091
0.102
0.112
0.122
0.131
0.142
0.154
0.167
0.18
0.196
0.214
0.231
0.245
0.255
0.262
0.266
0.269
0.272
0.274
0.276
0.278
0.279
0.279
0.277
0.273
0.268
0.261
0.251
0.233
0.215
0.196
0.178
0.163
0.142
0.119
0.099
0.074
0.049
0.032
0.019
0.006
-0.006
-0.023
-0.039
-0.055
-0.069
-0.082
-0.092
-0.104
-0.117
-0.125
-0.132
-0.139
-0.144
-0.147
-0.15
-0.151
-0.152
-0.153
-0.154
-0.156
-0.157
-0.158
-0.158
-0.159
-0.159
-0.16
-0.16
-0.161
-0.16
-0.16
-0.159
-0.158
-0.157
-0.155
-0.153
-0.151
-0.149
-0.147
-0.144
-0.141
-0.138
-0.134
-0.129
-0.123
-0.111
-0.1
-0.093
-0.086
-0.084
-0.082
-0.08
-0.079
-0.078
-0.077
-0.076
-0.076
-0.076
-0.076
-0.076
-0.076
-0.076
-0.076
-0.077
-0.077
-0.077
-0.077
-0.076
-0.075
-0.074
-0.074
-0.073
-0.072
-0.071
-0.07
-0.069
-0.068
-0.067
-0.066
-0.066
-0.065
-0.065
-0.064
-0.062
-0.061
-0.058
-0.056
-0.054
-0.052
-0.05
-0.049
-0.046
-0.044
-0.041
-0.039
-0.036
-0.033
-0.028
-0.024
-0.019
-0.014
-0.01
-0.006
-0.003
-0.001
0.001
0.003
0.003
0.004
0.004
0.005
0.006
0.007
0.009
0.01
0.012
0.014
0.016
0.017
0.017
0.016
0.014
0.012
0.01
0.007
0.005
0.002
0.0
-0.004
-0.009
-0.013
-0.029
-0.054
-0.068
-0.077
-0.058
0.0
0.12
0.302
0.531
0.772
0.99
1.148
1.211
1.16
1.011
0.804
0.574
0.35
0.169
0.039
-0.038
-0.057
-0.059
-0.061
-0.061
-0.055
-0.044
-0.036
-0.029
-0.023
-0.017
-0.011
-0.005
0.001
0.008
0.013
0.018
0.022
0.025
0.029
0.032
0.034
0.036
0.039
0.042
0.047
0.051
0.054
0.054
0.05
0.045
0.04
0.036
0.032
0.027
0.023
0.021
0.023
0.029
0.038
0.046
0.054
0.062
0.07
0.078
0.084
0.089
0.094
0.097
0.102
0.106
0.112
0.118
0.128
0.137
0.144
0.15
0.156
0.161
0.167
0.173
0.177
0.182
0.188
0.198
0.215
0.229
0.243
0.257
0.267
0.274
0.28
0.284
0.284
0.279
0.272
0.264
0.255
0.246
0.235
0.218
0.193
0.167
0.142
0.116
0.09
0.065
0.035
0.002
-0.031
-0.055
-0.069
-0.079
-0.089
-0.098
-0.105
-0.111
-0.117
-0.121
-0.124
-0.126
-0.128
-0.129
-0.13
-0.132
-0.134
-0.136
-0.138
-0.14
-0.141
-0.141
-0.142
-0.142
-0.142
-0.14
-0.138
-0.136
-0.133
-0.131
-0.129
-0.127
-0.125
-0.123
-0.121
-0.118
-0.114
-0.11
-0.106
-0.102
-0.1
-0.097
-0.095
-0.093
-0.092
-0.09
-0.09
-0.089
-0.089
-0.089
-0.088
-0.088
-0.088
-0.087
-0.086
-0.085
-0.083
-0.082
-0.08
-0.078
-0.076
-0.073
-0.07
-0.067
-0.063
-0.057
-0.045
-0.038
-0.035
-0.033
-0.031
-0.03
-0.029
-0.029
-0.028
-0.027
-0.026
-0.026
-0.024
-0.023
-0.022
-0.021
-0.02
-0.019
-0.018
-0.016
-0.014
-0.012
-0.008
-0.005
-0.001
0.002
0.006
0.011
0.015
0.02
0.024
0.029
0.033
0.039
0.046
0.054
0.061
0.067
0.074
0.081
0.089
0.098
0.107
0.115
0.123
0.13
0.137
0.143
0.145
0.142
0.134
0.124
0.111
0.093
0.076
0.061
0.045
0.028
0.019
0.014
0.01
0.007
0.003
0.001
0.0
-0.003
-0.005
-0.007
-0.008
-0.01
-0.012
-0.014
-0.021
-0.042
-0.074
-0.102
-0.125
-0.14
-0.125
-0.079
0.033
0.206
0.435
0.693
0.933
1.108
1.163
1.151
1.033
0.831
0.587
0.341
0.143
0.013
-0.045
-0.063
-0.074
-0.083
-0.092
-0.099
-0.105
-0.112
-0.116
-0.116
-0.112
-0.106
-0.099
-0.094
-0.089
-0.086
-0.082
-0.078
-0.073
-0.067
-0.061
-0.055
-0.048
-0.039
-0.03
-0.022
-0.014
-0.01
-0.007
-0.004
-0.002
0.0
0.001
0.003
0.005
0.007
0.009
0.011
0.013
0.015
0.017
0.019
0.021
0.024
0.028
0.032
0.038
0.043
0.048
0.052
0.057
0.062
0.067
0.073
0.079
0.084
0.091
0.099
0.11
0.119
0.128
0.139
0.152
0.167
0.188
0.213
0.23
0.24
0.246
0.25
0.253
0.256
0.258
0.26
0.262
0.263
0.263
0.261
0.257
0.251
0.243
0.228
0.2
0.173
0.145
0.118
0.09
0.066
0.049
0.033
0.012
-0.017
-0.039
-0.051
-0.059
-0.064
-0.067
-0.069
-0.07
-0.07
-0.07
-0.069
-0.069
-0.07
-0.07
-0.071
-0.072
-0.073
-0.074
-0.076
-0.078
-0.08
-0.082
-0.083
-0.085
-0.087
-0.088
-0.09
-0.091
-0.092
-0.094
-0.097
-0.099
-0.101
-0.103
-0.103
-0.103
-0.101
-0.099
-0.097
-0.095
-0.093
-0.091
-0.088
-0.087
-0.085
-0.085
-0.084
-0.084
-0.083
-0.083
-0.082
-0.083
-0.084
-0.085
-0.086
-0.088
-0.089
-0.09
-0.091
-0.092
-0.093
-0.093
-0.093
-0.093
-0.093
-0.093
-0.093
-0.093
-0.093
-0.093
-0.093
-0.094
-0.095
-0.096
-0.097
-0.097
-0.098
-0.098
-0.099
-0.1
-0.101
-0.103
-0.104
-0.106
-0.108
-0.11
-0.112
-0.114
-0.116
-0.115
-0.111
-0.106
-0.101
-0.096
-0.092
-0.088
-0.085
-0.081
-0.077
-0.073
-0.069
-0.065
-0.061
-0.058
-0.055
-0.052
-0.049
-0.047
-0.044
-0.042
-0.037
-0.033
-0.028
-0.024
-0.021
-0.02
-0.021
-0.024
-0.029
-0.035
-0.042
-0.049
-0.056
-0.064
-0.072
-0.079
-0.085
-0.09
-0.094
-0.097
-0.101
-0.105
-0.109
-0.112
-0.116
-0.122
-0.128
-0.137
-0.149
-0.175
-0.206
-0.222
-0.233
-0.212
-0.151
-0.021
0.174
0.422
0.683
0.91
1.062
1.112
1.061
0.922
0.722
0.49
0.265
0.073
-0.069
-0.159
-0.185
-0.192
-0.197
-0.181
-0.163
-0.15
-0.137
-0.123
-0.116
-0.112
-0.109
-0.106
-0.104
-0.101
-0.098
-0.095
-0.092
-0.089
-0.086
-0.084
-0.081
-0.078
-0.074
-0.071
-0.066
-0.058
-0.049
-0.041
-0.033
-0.025
-0.018
-0.01
-0.003
0.004
0.011
0.019
0.028
0.038
0.051
0.068
0.078
0.085
0.091
0.096
0.1
0.104
0.108
0.112
0.116
0.121
0.126
0.132
0.142
0.152
0.163
0.175
0.19
0.209
0.229
0.247
0.262
0.278
0.295
0.304
0.31
0.316
0.32
0.324
0.328
0.33
0.331
0.331
0.331
0.33
0.329
0.326
0.323
0.318
0.312
0.304
0.289
0.261
0.238
0.212
0.189
0.171
0.152
0.135
0.122
0.109
0.097
0.085
0.072
0.06
0.047
0.032
0.014
-0.001
-0.018
-0.034
-0.047
-0.051
-0.053
-0.055
-0.056
-0.058
-0.058
-0.059
-0.061
-0.063
-0.065
-0.067
-0.069
-0.071
-0.073
-0.075
-0.077
-0.078
-0.08
-0.081
-0.083
-0.084
-0.086
-0.088
-0.09
-0.091
-0.093
-0.094
-0.095
-0.096
-0.097
-0.099
-0.1
-0.1
-0.101
-0.101
-0.102
-0.102
-0.102
-0.102
-0.101
-0.101
-0.1
-0.099
-0.1
-0.101
-0.104
-0.106
-0.108
-0.108
-0.107
-0.105
-0.104
-0.103
-0.103
-0.102
-0.101
-0.1
-0.099
-0.099
-0.099
-0.099
-0.1
-0.1
-0.101
-0.101
-0.101
-0.101
-0.1
-0.099
-0.098
-0.096
-0.094
-0.092
-0.089
-0.086
-0.083
-0.08
-0.077
-0.072
-0.067
-0.06
-0.054
-0.048
-0.044
-0.039
-0.034
-0.028
-0.02
-0.008
-0.002
0.001
0.004
0.007
0.01
0.011
0.007
-0.001
-0.011
-0.018
-0.025
-0.031
-0.037
-0.042
-0.048
-0.052
-0.056
-0.06
-0.063
-0.067
-0.071
-0.075
-0.079
-0.082
-0.084
-0.087
-0.09
-0.096
-0.108
-0.132
-0.158
-0.174
-0.183
-0.19
-0.162
-0.077
0.065
0.262
0.501
0.742
0.941
1.049
1.057
0.993
0.833
0.621
0.389
0.178
0.024
-0.067
-0.094
-0.104
-0.104
-0.093
-0.086
-0.08
-0.074
-0.071
-0.071
-0.075
-0.081
-0.087
-0.091
-0.095
-0.1
-0.104
-0.107
-0.107
-0.105
-0.1
-0.094
-0.086
-0.077
-0.066
-0.054
-0.043
-0.033
-0.025
-0.019
-0.013
-0.008
-0.004
-0.001
0.002
0.005
0.009
0.012
0.016
0.019
0.023
0.027
0.032
0.037
0.043
0.049
0.058
0.072
0.084
0.095
0.101
0.106
0.11
0.113
0.117
0.121
0.126
0.13
0.136
0.143
0.155
0.176
0.193
0.21
0.227
0.242
0.255
0.267
0.274
0.28
0.284
0.287
0.29
0.292
0.293
0.293
0.29
0.286
0.278
0.269
0.249
0.221
0.199
0.176
0.152
0.127
0.101
0.072
0.046
0.027
0.008
-0.007
-0.02
-0.034
-0.049
-0.058
-0.065
-0.071
-0.077
-0.081
-0.083
-0.085
-0.085
-0.086
-0.087
-0.088
-0.089
-0.09
-0.09
-0.091
-0.092
-0.093
-0.094
-0.094
-0.094
-0.093
-0.092
-0.092
-0.09
-0.089
-0.087
-0.084
-0.081
-0.078
-0.075
-0.072
-0.068
-0.063
-0.057
-0.051
-0.045
-0.04
-0.034
-0.028
-0.023
-0.019
-0.016
-0.014
-0.013
-0.012
-0.01
-0.008
-0.005
-0.002
0.0
0.003
0.005
0.007
0.008
0.01
0.011
0.012
0.014
0.017
0.022
0.035
0.046
0.056
0.063
0.068
0.073
0.077
0.081
0.084
0.088
0.092
0.096
0.099
0.102
0.105
0.107
0.109
0.111
0.113
0.116
0.119
0.121
0.124
0.127
0.13
0.132
0.133
0.135
0.136
0.138
0.14
0.143
0.147
0.152
0.158
0.169
0.181
0.194
0.206
0.214
0.221
0.227
0.233
0.236
0.237
0.235
0.231
0.226
0.22
0.214
0.209
0.201
0.193
0.186
0.178
0.171
0.165
0.16
0.157
0.154
0.152
0.149
0.147
0.144
0.141
0.137
0.135
0.133
0.131
0.128
0.124
0.118
0.105
0.076
0.048
0.032
0.043
0.077
0.196
0.381
0.617
0.873
1.107
1.279
1.331
1.315
1.186
0.975
0.731
0.488
0.281
0.136
0.074
0.054
0.043
0.04
0.042
0.049
0.055
0.057
0.058
0.059
0.06
0.061
0.063
0.065
0.067
0.067
0.067
0.067
0.067
0.066
0.066
0.065
0.065
0.065
0.064
0.064
0.065
0.065
0.066
0.067
0.067
0.068
0.069
0.069
0.071
0.072
0.073
0.075
0.076
0.077
0.078
0.079
0.079
0.079
0.079
0.079
0.079
0.079
0.079
0.08
0.081
0.082
0.084
0.085
0.086
0.087
0.089
0.09
0.09
0.091
0.092
0.096
0.102
0.107
0.111
0.111
0.109
0.104
0.098
0.092
0.086
0.079
0.071
0.063
0.055
0.048
0.039
0.026
0.006
-0.009
-0.031
-0.06
-0.092
-0.125
-0.159
-0.192
-0.217
-0.237
-0.26
-0.284
-0.308
-0.331
-0.351
-0.367
-0.383
-0.398
-0.418
-0.438
-0.444
-0.446
-0.448
-0.449
-0.45
-0.451
-0.449
-0.442
-0.434
-0.427
-0.421
-0.417
-0.411
-0.406
-0.4
-0.395
-0.39
-0.385
-0.381
-0.377
-0.374
-0.37
-0.365
-0.358
-0.344
-0.336
-0.331
-0.329
-0.327
-0.325
-0.324
-0.323
-0.322
-0.321
-0.321
-0.322
-0.322
-0.322
-0.323
-0.325
-0.326
-0.326
-0.326
-0.326
-0.325
-0.324
-0.323
-0.323
-0.322
-0.32
-0.319
-0.318
-0.317
-0.315
-0.313
-0.31
-0.307
-0.303
-0.3
-0.296
-0.291
-0.281
-0.27
-0.263
-0.258
-0.254
-0.245
-0.235
-0.253
-0.283
-0.319
-0.358
-0.385
-0.396
-0.404
-0.407
-0.403
-0.39
-0.353
-0.301
-0.243
-0.199
-0.162
-0.141
-0.127
-0.116
-0.107
-0.099
-0.09
-0.081
-0.071
-0.059
-0.046
-0.031
-0.017
-0.004
0.004
0.011
0.016
0.021
0.026
0.03
0.034
0.038
0.041
0.045
0.051
0.057
0.059
0.054
0.043
0.03
0.014
-0.005
-0.016
-0.022
-0.027
-0.032
-0.036
-0.038
-0.035
-0.027
-0.016
-0.006
0.004
0.017
0.029
0.042
0.056
0.072
0.087
0.101
0.122
0.153
