ECG
0.158
0.2
0.24
0.281
0.311
0.323
0.33
0.335
0.338
0.338
0.336
0.33
0.324
0.316
0.308
0.298
0.288
0.28
0.274
0.268
0.261
0.256
0.258
0.266
0.279
0.294
0.315
0.339
0.351
0.357
0.362
0.366
0.369
0.371
0.372
0.374
0.376
0.379
0.382
0.385
0.387
0.389
0.39
0.391
0.393
0.396
0.401
0.413
0.419
0.414
0.404
0.375
0.306
0.209
0.085
-0.057
-0.206
-0.336
-0.431
-0.462
-0.454
-0.38
-0.255
-0.111
0.042
0.202
0.356
0.485
0.577
0.619
0.633
0.612
0.575
0.542
0.522
0.509
0.498
0.488
0.481
0.476
0.471
0.465
0.457
0.447
0.437
0.426
0.412
0.399
0.391
0.383
0.374
0.362
0.343
0.327
0.315
0.305
0.301
0.3
0.299
0.297
0.293
0.301
0.31
0.317
0.32
0.316
0.306
0.297
0.286
0.275
0.262
0.252
0.245
0.238
0.23
0.221
0.21
0.2
0.19
0.18
0.171
0.163
0.157
0.152
0.147
0.141
0.13
0.112
0.096
0.08
0.064
0.04
0.022
0.009
0.0
-0.008
-0.014
-0.02
-0.03
-0.043
-0.054
-0.061
-0.067
-0.071
-0.073
-0.074
-0.071
-0.065
-0.056
-0.046
-0.037
-0.024
-0.012
-0.005
0.0
0.004
0.007
0.01
0.013
0.016
0.019
0.021
0.025
0.029
0.034
0.037
0.041
0.043
0.045
0.047
0.048
0.05
0.052
0.054
0.056
0.058
0.06
0.063
0.064
0.066
0.067
0.068
0.069
0.068
0.067
0.065
0.063
0.06
0.058
0.056
0.054
0.052
0.05
0.048
0.046
0.043
0.038
0.031
0.024
0.017
0.01
0.002
-0.003
-0.009
-0.015
-0.022
-0.029
-0.035
-0.04
-0.044
-0.048
-0.053
-0.057
-0.061
-0.061
-0.058
-0.05
-0.042
-0.034
-0.028
-0.021
-0.014
-0.007
-0.004
-0.005
-0.007
-0.011
-0.013
-0.015
-0.017
-0.02
-0.024
-0.028
-0.032
-0.036
-0.04
-0.044
-0.049
-0.053
-0.057
-0.058
-0.06
-0.06
-0.061
-0.062
-0.063
-0.066
-0.069
-0.072
-0.076
-0.078
-0.08
-0.081
-0.083
-0.085
-0.088
-0.09
-0.092
-0.095
-0.1
-0.112
-0.125
-0.138
-0.145
-0.151
-0.157
-0.161
-0.165
-0.167
-0.167
-0.167
-0.167
-0.166
-0.166
-0.165
-0.164
-0.163
-0.163
-0.162
-0.162
-0.161
-0.159
-0.157
-0.157
-0.163
-0.17
-0.175
-0.18
-0.186
-0.19
-0.191
-0.19
-0.187
-0.184
-0.182
-0.181
-0.181
-0.18
-0.179
-0.178
-0.176
-0.174
-0.171
-0.169
-0.167
-0.166
-0.165
-0.163
-0.159
-0.154
-0.141
-0.112
-0.092
-0.079
-0.074
-0.077
-0.085
-0.108
-0.162
-0.256
-0.378
-0.516
-0.656
-0.783
-0.878
-0.914
-0.912
-0.868
-0.784
-0.655
-0.494
-0.332
-0.184
-0.054
0.046
0.101
0.121
0.122
0.107
0.087
0.057
0.035
0.023
0.013
0.003
-0.006
-0.016
-0.025
-0.033
-0.04
-0.046
-0.05
-0.053
-0.057
-0.061
-0.065
-0.066
-0.065
-0.061
-0.056
-0.051
-0.048
-0.045
-0.042
-0.039
-0.036
-0.035
-0.037
-0.041
-0.046
-0.05
-0.053
-0.056
-0.06
-0.064
-0.067
-0.07
-0.072
-0.074
-0.076
-0.078
-0.08
-0.081
-0.08
-0.079
-0.078
-0.079
-0.081
-0.084
-0.087
-0.089
-0.092
-0.095
-0.101
-0.107
-0.114
-0.122
-0.13
-0.14
-0.149
-0.157
-0.165
-0.173
-0.182
-0.189
-0.19
-0.185
-0.179
-0.176
-0.173
-0.17
-0.168
-0.166
-0.163
-0.159
-0.155
-0.15
-0.146
-0.14
-0.134
-0.122
-0.101
-0.084
-0.072
-0.064
-0.057
-0.05
-0.042
-0.034
-0.027
-0.022
-0.017
-0.012
-0.005
0.001
0.009
0.017
0.026
0.036
0.045
0.051
0.056
0.059
0.062
0.065
0.067
0.069
0.07
0.069
0.064
0.058
0.051
0.045
0.04
0.034
0.029
0.023
0.019
0.016
0.014
0.015
0.017
0.019
0.021
0.024
0.029
0.035
0.042
0.052
0.06
0.06
0.057
0.053
0.051
0.05
0.048
0.046
0.045
0.047
0.052
0.059
0.063
0.065
0.067
0.07
0.073
0.075
0.076
0.077
0.078
0.079
0.081
0.082
0.083
0.083
0.082
0.081
0.081
0.081
0.081
0.081
0.08
0.081
0.081
0.081
0.08
0.079
0.079
0.079
0.08
0.08
0.081
0.082
0.083
0.084
0.085
0.088
0.09
0.091
0.093
0.095
0.096
0.099
0.107
0.114
0.113
0.102
0.089
0.084
0.079
0.075
0.071
0.068
0.064
0.061
0.057
0.054
0.051
0.048
0.046
0.044
0.043
0.042
0.04
0.038
0.036
0.032
0.027
0.022
0.018
0.014
0.012
0.011
0.012
0.014
0.018
0.023
0.028
0.033
0.038
0.045
0.058
0.069
0.073
0.077
0.081
0.087
0.091
0.09
0.086
0.082
0.079
0.076
0.075
0.079
0.089
0.101
0.114
0.131
0.141
0.143
0.144
0.146
0.137
0.087
0.013
-0.089
-0.223
-0.38
-0.55
-0.714
-0.845
-0.882
-0.864
-0.729
-0.512
-0.25
0.012
0.218
0.341
0.371
0.38
0.365
0.348
0.332
0.32
0.293
0.245
0.199
0.152
0.131
0.123
0.12
0.117
0.115
0.114
0.112
0.111
0.109
0.108
0.107
0.107
0.108
0.109
0.11
0.111
0.111
0.112
0.113
0.113
0.113
0.113
0.112
0.111
0.11
0.109
0.107
0.104
0.1
0.095
0.09
0.083
0.076
0.062
0.051
0.044
0.038
0.032
0.025
0.02
0.019
0.021
0.024
0.029
0.035
0.035
0.024
0.016
0.01
0.003
-0.006
-0.018
-0.039
-0.071
-0.091
-0.103
-0.111
-0.117
-0.123
-0.127
-0.132
-0.137
-0.14
-0.142
-0.143
-0.144
-0.144
-0.142
-0.139
-0.135
-0.129
-0.122
-0.115
-0.107
-0.094
-0.082
-0.071
-0.06
-0.044
-0.024
-0.005
0.008
0.018
0.026
0.033
0.038
0.041
0.042
0.043
0.044
0.045
0.046
0.047
0.048
0.049
0.05
0.049
0.048
0.047
0.047
0.046
0.046
0.046
0.046
0.047
0.048
0.049
0.049
0.049
0.05
0.049
0.049
0.049
0.049
0.049
0.048
0.048
0.048
0.048
0.048
0.048
0.047
0.047
0.046
0.046
0.046
0.045
0.044
0.043
0.042
0.04
0.039
0.039
0.039
0.039
0.039
0.039
0.038
0.038
0.038
0.037
0.036
0.035
0.034
0.034
0.037
0.041
0.046
0.05
0.054
0.057
0.061
0.065
0.068
0.07
0.071
0.069
0.067
0.063
0.06
0.055
0.051
0.046
0.043
0.039
0.034
0.029
0.025
0.023
0.023
0.024
0.026
0.028
0.031
0.034
0.038
0.043
0.047
0.048
0.045
0.04
0.036
0.034
0.032
0.03
0.028
0.026
0.024
0.022
0.021
0.018
0.015
0.012
0.01
0.009
0.007
0.005
0.002
-0.002
-0.008
-0.02
-0.04
-0.04
-0.042
-0.043
-0.044
-0.045
-0.045
-0.045
-0.045
-0.045
-0.044
-0.042
-0.037
-0.032
-0.026
-0.021
-0.017
-0.014
-0.01
-0.005
0.0
0.003
0.007
0.012
0.015
0.019
0.023
0.026
0.029
0.033
0.039
0.049
0.06
0.073
0.085
0.097
0.102
0.096
0.079
0.031
-0.047
-0.159
-0.301
-0.464
-0.637
-0.804
-0.939
-0.994
-0.983
-0.876
-0.661
-0.395
-0.142
0.061
0.197
0.256
0.274
0.285
0.289
0.289
0.285
0.278
0.266
0.228
0.176
0.125
0.092
0.074
0.064
0.058
0.053
0.048
0.044
0.04
0.038
0.037
0.036
0.034
0.031
0.027
0.024
0.021
0.022
0.026
0.032
0.038
0.044
0.054
0.06
0.054
0.043
0.037
0.033
0.029
0.026
0.022
0.018
0.013
0.007
0.002
-0.002
-0.007
-0.012
-0.018
-0.024
-0.029
-0.034
-0.039
-0.044
-0.049
-0.053
-0.057
-0.061
-0.065
-0.071
-0.079
-0.088
-0.098
-0.11
-0.126
-0.145
-0.16
-0.167
-0.173
-0.178
-0.182
-0.184
-0.185
-0.187
-0.187
-0.187
-0.186
-0.184
-0.181
-0.177
-0.173
-0.169
-0.164
-0.158
-0.148
-0.138
-0.13
-0.125
-0.119
-0.113
-0.105
-0.095
-0.081
-0.06
-0.037
-0.017
0.003
0.016
0.022
0.027
0.031
0.032
0.031
0.028
0.024
0.019
0.016
0.012
0.007
0.004
0.004
0.006
0.011
0.017
0.025
0.038
0.048
0.054
0.059
0.064
0.067
0.068
0.065
0.06
0.056
0.052
0.049
0.045
0.041
0.038
0.035
0.034
0.033
0.033
0.034
0.035
0.037
0.04
0.042
0.045
0.046
0.048
0.05
0.054
0.059
0.062
0.063
0.06
0.056
0.052
0.048
0.042
0.037
0.034
0.035
0.04
0.044
0.047
0.05
0.053
0.056
0.059
0.062
0.065
0.067
0.069
0.071
0.072
0.073
0.074
0.076
0.081
0.084
0.078
0.065
0.054
0.043
0.036
0.034
0.033
0.03
0.026
0.037
0.052
0.066
0.082
0.094
0.103
0.11
0.11
0.102
0.092
0.083
0.072
0.064
0.062
0.06
0.059
0.057
0.055
0.054
0.055
0.056
0.057
0.059
0.06
0.048
0.038
0.032
0.029
0.024
0.018
0.012
0.005
0.0
-0.006
-0.012
-0.016
-0.019
-0.019
-0.017
-0.013
-0.008
-0.002
0.009
0.029
0.039
0.045
0.05
0.053
0.055
0.055
0.055
0.052
0.049
0.045
0.042
0.038
0.033
0.026
0.024
0.026
0.034
0.046
0.066
0.098
0.117
0.129
0.134
0.129
0.114
0.07
-0.008
-0.122
-0.263
-0.429
-0.604
-0.771
-0.904
-0.961
-0.954
-0.859
-0.662
-0.411
-0.157
0.059
0.219
0.307
0.328
0.331
0.333
0.331
0.316
0.274
0.218
0.159
0.105
0.075
0.064
0.06
0.057
0.053
0.05
0.048
0.048
0.048
0.047
0.047
0.046
0.046
0.047
0.047
0.046
0.045
0.043
0.04
0.037
0.034
0.031
0.029
0.026
0.023
0.02
0.017
0.014
0.009
0.002
-0.004
-0.011
-0.018
-0.023
-0.027
-0.031
-0.034
-0.038
-0.041
-0.044
-0.046
-0.049
-0.051
-0.053
-0.055
-0.059
-0.064
-0.069
-0.074
-0.08
-0.086
-0.094
-0.103
-0.112
-0.119
-0.124
-0.131
-0.143
-0.16
-0.172
-0.184
-0.196
-0.206
-0.212
-0.218
-0.222
-0.223
-0.22
-0.212
-0.202
-0.194
-0.187
-0.179
-0.172
-0.164
-0.157
-0.148
-0.136
-0.122
-0.108
-0.095
-0.08
-0.064
-0.048
-0.039
-0.034
-0.031
-0.028
-0.024
-0.021
-0.017
-0.011
-0.006
0.0
0.005
0.01
0.018
0.029
0.039
0.043
0.042
0.042
0.041
0.04
0.039
0.038
0.029
0.014
0.005
0.0
-0.007
-0.013
-0.016
-0.018
-0.016
-0.011
-0.004
0.004
0.013
0.022
0.037
0.051
0.054
0.055
0.055
0.056
0.059
0.058
0.049
0.046
0.044
0.042
0.039
0.037
0.036
0.035
0.033
0.032
0.031
0.031
0.031
0.032
0.033
0.034
0.034
0.034
0.034
0.034
0.035
0.035
0.034
0.035
0.035
0.036
0.038
0.039
0.04
0.041
0.043
0.045
0.047
0.047
0.048
0.048
0.049
0.051
0.053
0.055
0.057
0.062
0.068
0.073
0.074
0.07
0.064
0.055
0.044
0.029
0.022
0.02
0.019
0.018
0.016
0.016
0.016
0.016
0.016
0.015
0.015
0.013
0.012
0.012
0.011
0.011
0.009
0.006
0.003
0.0
-0.002
-0.006
-0.009
-0.014
-0.021
-0.028
-0.032
-0.034
-0.035
-0.035
-0.036
-0.038
-0.041
-0.043
-0.035
-0.02
-0.011
-0.007
-0.003
0.0
0.003
0.007
0.011
0.016
0.02
0.022
0.024
0.028
0.031
0.035
0.04
0.05
0.061
0.076
0.087
0.098
0.107
0.111
0.107
0.098
0.083
0.035
-0.049
-0.158
-0.294
-0.454
-0.624
-0.785
-0.907
-0.938
-0.922
-0.804
-0.594
-0.326
-0.061
0.165
0.313
0.351
0.348
0.298
0.239
0.212
0.197
0.189
0.181
0.168
0.15
0.127
0.099
0.083
0.077
0.075
0.073
0.072
0.07
0.069
0.068
0.068
0.067
0.066
0.064
0.062
0.061
0.06
0.059
0.059
0.059
0.057
0.056
0.054
0.052
0.049
0.046
0.042
0.038
0.033
0.028
0.025
0.022
0.02
0.017
0.014
0.012
0.01
0.008
0.006
0.003
0.0
-0.002
-0.006
-0.01
-0.014
-0.019
-0.025
-0.032
-0.043
-0.064
-0.082
-0.098
-0.112
-0.126
-0.141
-0.149
-0.155
-0.159
-0.164
-0.167
-0.169
-0.171
-0.172
-0.173
-0.174
-0.174
-0.174
-0.173
-0.172
-0.17
-0.168
-0.166
-0.163
-0.159
-0.155
-0.149
-0.138
-0.126
-0.112
-0.092
-0.063
-0.04
-0.024
-0.013
-0.009
-0.006
-0.004
-0.002
0.0
0.002
0.006
0.009
0.014
0.018
0.023
0.027
0.031
0.033
0.035
0.038
0.041
0.045
0.049
0.054
0.058
0.061
0.064
0.065
0.066
0.065
0.063
0.06
0.056
0.052
0.049
0.046
0.044
0.042
0.04
0.039
0.038
0.036
0.034
0.032
0.029
0.026
0.023
0.021
0.021
0.022
0.025
0.028
0.032
0.035
0.039
0.043
0.046
0.05
0.053
0.055
0.057
0.06
0.063
0.066
0.069
0.071
0.072
0.073
0.073
0.071
0.069
0.066
0.062
0.058
0.054
0.051
0.049
0.047
0.046
0.045
0.043
0.04
0.038
0.036
0.034
0.032
0.031
0.029
0.028
0.027
0.027
0.026
0.026
0.025
0.024
0.023
0.021
0.02
0.019
0.019
0.018
0.017
0.015
0.013
0.01
0.002
-0.002
0.005
0.018
0.027
0.035
0.042
0.047
0.049
0.047
0.042
0.035
0.026
0.014
-0.005
-0.022
-0.035
-0.045
-0.055
-0.064
-0.072
-0.079
-0.088
-0.094
-0.093
-0.085
-0.073
-0.059
-0.04
-0.023
-0.011
-0.001
0.006
0.015
0.023
0.028
0.031
0.035
0.038
0.041
0.043
0.046
0.049
0.051
0.054
0.057
0.06
0.063
0.067
0.074
0.086
0.093
0.09
0.08
0.053
0.0
-0.084
-0.2
-0.339
-0.495
-0.656
-0.803
-0.917
-0.963
-0.913
-0.766
-0.55
-0.309
-0.081
0.101
0.228
0.308
0.343
0.357
0.357
0.342
0.3
0.236
0.167
0.132
0.123
0.118
0.114
0.11
0.103
0.097
0.09
0.083
0.076
0.068
0.057
0.048
0.048
0.05
0.051
0.051
0.051
0.051
0.05
0.049
0.048
0.047
0.047
0.046
0.044
0.042
0.038
0.035
0.031
0.027
0.023
0.017
0.011
0.005
0.0
-0.005
-0.009
-0.013
-0.015
-0.018
-0.02
-0.022
-0.023
-0.025
-0.027
-0.029
-0.032
-0.034
-0.037
-0.039
-0.042
-0.045
-0.05
-0.055
-0.07
-0.098
-0.124
-0.153
-0.177
-0.193
-0.202
-0.208
-0.213
-0.218
-0.221
-0.223
-0.222
-0.218
-0.21
-0.202
-0.195
-0.188
-0.18
-0.172
-0.167
-0.161
-0.154
-0.141
-0.12
-0.099
-0.077
-0.053
-0.027
-0.013
-0.008
-0.003
0.0
0.002
0.005
0.009
0.013
0.017
0.021
0.025
0.029
0.032
0.034
0.035
0.036
0.037
0.038
0.04
0.043
0.045
0.047
0.049
0.05
0.052
0.052
0.053
0.054
0.054
0.054
0.053
0.052
0.052
0.051
0.05
0.049
0.048
0.047
0.047
0.047
0.048
0.048
0.048
0.048
0.048
0.049
0.049
0.049
0.049
0.048
0.047
0.047
0.048
0.051
0.053
0.055
0.056
0.056
0.056
0.056
0.055
0.053
0.048
0.048
0.055
0.059
0.063
0.066
0.068
0.069
0.067
0.064
0.061
0.06
0.058
0.057
0.056
0.055
0.054
0.054
0.053
0.052
0.05
0.048
0.046
0.045
0.044
0.043
0.043
0.041
0.04
0.038
0.037
0.035
0.033
0.029
0.025
0.022
0.018
0.015
0.014
0.013
0.012
0.011
0.012
0.013
0.015
0.017
0.019
0.021
0.023
0.025
0.029
0.033
0.036
0.037
0.034
0.029
0.022
0.013
-0.003
-0.035
-0.052
-0.062
-0.07
-0.075
-0.077
-0.076
-0.073
-0.068
-0.061
-0.055
-0.047
-0.037
-0.027
-0.016
-0.006
0.0
0.003
0.007
0.011
0.015
0.019
0.023
0.026
0.03
0.033
0.036
0.039
0.043
0.047
0.057
0.075
0.083
0.089
0.094
0.092
0.072
0.019
-0.071
-0.195
-0.348
-0.52
-0.692
-0.845
-0.949
-0.964
-0.933
-0.793
-0.587
-0.341
-0.094
0.11
0.248
0.29
0.303
0.281
0.253
0.23
0.22
0.209
0.19
0.165
0.135
0.107
0.089
0.08
0.076
0.074
0.072
0.071
0.07
0.067
0.064
0.059
0.054
0.05
0.047
0.045
0.043
0.041
0.039
0.037
0.034
0.03
0.027
0.023
0.021
0.019
0.016
0.013
0.009
0.002
-0.01
-0.016
-0.018
-0.02
-0.023
-0.024
-0.021
-0.012
-0.005
0.002
0.008
0.008
0.0
-0.01
-0.03
-0.059
-0.075
-0.083
-0.09
-0.098
-0.106
-0.113
-0.12
-0.129
-0.142
-0.154
-0.165
-0.172
-0.176
-0.18
-0.183
-0.186
-0.189
-0.191
-0.192
-0.192
-0.191
-0.189
-0.188
-0.185
-0.181
-0.176
-0.172
-0.166
-0.158
-0.149
-0.145
-0.14
-0.13
-0.112
-0.092
-0.078
-0.069
-0.06
-0.05
-0.034
-0.023
-0.017
-0.013
-0.009
-0.006
-0.001
0.003
0.007
0.01
0.013
0.015
0.018
0.021
0.023
0.025
0.026
0.028
0.029
0.031
0.031
0.032
0.031
0.03
0.029
0.028
0.028
0.028
0.028
0.028
0.028
0.028
0.028
0.027
0.026
0.024
0.022
0.019
0.019
0.021
0.023
0.024
0.026
0.028
0.03
0.031
0.033
0.035
0.038
0.04
0.043
0.046
0.049
0.051
0.053
0.056
0.059
0.062
0.065
0.067
0.069
0.07
0.069
0.068
0.067
0.065
0.062
0.059
0.058
0.057
0.056
0.055
0.054
0.053
0.052
0.051
0.051
0.05
0.049
0.048
0.047
0.046
0.046
0.046
0.046
0.047
0.047
0.047
0.046
0.046
0.047
0.047
0.047
0.047
0.047
0.046
0.045
0.045
0.045
0.045
0.044
0.043
0.041
0.041
0.04
0.039
0.038
0.036
0.033
0.029
0.026
0.023
0.02
0.015
0.008
0.002
-0.004
-0.009
-0.013
-0.017
-0.021
-0.026
-0.029
-0.03
-0.029
-0.026
-0.021
-0.015
-0.01
-0.004
0.004
0.014
0.021
0.029
0.039
0.051
0.056
0.059
0.063
0.065
0.066
0.061
0.053
0.045
0.034
0.034
0.048
0.067
0.096
0.132
0.155
0.17
0.168
0.131
0.055
-0.057
-0.204
-0.371
-0.546
-0.715
-0.848
-0.918
-0.922
-0.865
-0.711
-0.498
-0.258
-0.035
0.139
0.261
0.309
0.324
0.311
0.297
0.288
0.276
0.26
0.233
0.201
0.172
0.143
0.126
0.118
0.111
0.107
0.102
0.097
0.093
0.089
0.084
0.077
0.066
0.059
0.056
0.055
0.055
0.054
0.054
0.054
0.053
0.053
0.052
0.051
0.05
0.05
0.049
0.047
0.045
0.043
0.041
0.039
0.037
0.034
0.029
0.017
0.004
-0.001
-0.004
-0.006
-0.009
-0.011
-0.013
-0.017
-0.02
-0.023
-0.025
-0.028
-0.032
-0.036
-0.041
-0.049
-0.067
-0.079
-0.091
-0.104
-0.118
-0.132
-0.145
-0.153
-0.159
-0.163
-0.167
-0.171
-0.174
-0.178
-0.181
-0.184
-0.188
-0.19
-0.19
-0.185
-0.177
-0.167
-0.155
-0.135
-0.121
-0.11
-0.102
-0.093
-0.084
-0.073
-0.054
-0.025
-0.006
0.005
0.012
0.018
0.021
0.024
0.027
0.029
0.031
0.032
0.033
0.033
0.033
0.033
0.033
0.034
0.035
0.038
0.04
0.036
0.027
0.024
0.021
0.018
0.015
0.012
0.008
0.005
0.003
0.001
0.0
0.0
0.001
0.003
0.006
0.008
0.011
0.014
0.017
0.019
0.021
0.022
0.022
0.023
0.023
0.024
0.025
0.027
0.029
0.03
0.031
0.032
0.033
0.033
0.033
0.032
0.031
0.031
0.03
0.029
0.03
0.031
0.031
0.031
0.031
0.031
0.031
0.031
0.031
0.032
0.032
0.033
0.034
0.037
0.039
0.042
0.044
0.046
0.048
0.05
0.052
0.053
0.054
0.054
0.055
0.058
0.061
0.06
0.05
0.038
0.031
0.025
0.02
0.016
0.013
0.01
0.009
0.009
0.01
0.013
0.017
0.02
0.024
0.028
0.032
0.038
0.043
0.045
0.044
0.04
0.033
0.024
0.013
-0.002
-0.01
-0.014
-0.018
-0.021
-0.024
-0.026
-0.027
-0.028
-0.028
-0.028
-0.027
-0.026
-0.023
-0.02
-0.016
-0.013
-0.01
-0.006
-0.002
0.0
0.003
0.006
0.009
0.012
0.016
0.02
0.025
0.028
0.032
0.035
0.039
0.042
0.047
0.054
0.068
0.079
0.088
0.098
0.108
0.111
0.106
0.093
0.057
-0.023
-0.14
-0.286
-0.455
-0.632
-0.798
-0.931
-0.979
-0.965
-0.845
-0.614
-0.333
-0.054
0.17
0.312
0.353
0.366
0.343
0.304
0.271
0.252
0.237
0.217
0.191
0.157
0.128
0.107
0.09
0.081
0.075
0.07
0.068
0.066
0.065
0.065
0.065
0.066
0.067
0.07
0.072
0.075
0.077
0.078
0.079
0.081
0.083
0.085
0.085
0.081
0.074
0.065
0.058
0.052
0.046
0.039
0.032
0.025
0.018
0.013
0.01
0.007
0.005
0.003
0.002
0.0
-0.001
-0.003
-0.005
-0.007
-0.009
-0.013
-0.017
-0.022
-0.027
-0.033
-0.041
-0.053
-0.075
-0.089
-0.103
-0.117
-0.134
-0.145
-0.152
-0.158
-0.163
-0.168
-0.172
-0.174
-0.176
-0.179
-0.183
-0.186
-0.188
-0.188
-0.183
-0.176
-0.169
-0.161
-0.152
-0.142
-0.134
-0.126
-0.115
-0.101
-0.083
-0.063
-0.044
-0.026
-0.016
-0.01
-0.005
0.0
0.003
0.008
0.012
0.017
0.021
0.025
0.03
0.034
0.039
0.043
0.047
0.051
0.055
0.057
0.058
0.056
0.054
0.05
0.047
0.044
0.04
0.037
0.033
0.029
0.025
0.021
0.019
0.019
0.019
0.019
0.018
0.018
0.018
0.019
0.021
0.022
0.024
0.026
0.028
0.031
0.034
0.037
0.039
0.04
0.041
0.043
0.045
0.049
0.052
0.054
0.054
0.053
0.051
0.049
0.048
0.046
0.043
0.041
0.037
0.035
0.032
0.03
0.029
0.028
0.028
0.029
0.029
0.029
0.028
0.027
0.026
0.026
0.028
0.03
0.031
0.031
0.032
0.033
0.035
0.037
0.039
0.04
0.04
0.041
0.042
0.042
0.041
0.039
0.036
0.034
0.032
0.03
0.028
0.026
0.023
0.02
0.017
0.014
0.008
0.002
0.002
0.006
0.011
0.016
0.02
0.024
0.027
0.028
0.026
0.022
0.015
0.007
0.0
-0.009
-0.021
-0.033
-0.041
-0.045
-0.049
-0.054
-0.058
-0.063
-0.065
-0.065
-0.059
-0.049
-0.039
-0.029
-0.018
-0.006
0.003
0.012
0.019
0.023
0.027
0.03
0.034
0.036
0.039
0.042
0.045
0.049
0.051
0.054
0.057
0.06
0.063
0.068
0.075
0.089
0.095
0.091
0.079
0.049
-0.034
-0.155
-0.306
-0.474
-0.644
-0.8
-0.92
-0.964
-0.954
-0.856
-0.664
-0.418
-0.166
0.062
0.245
0.334
0.363
0.338
0.305
0.278
0.258
0.239
0.22
0.205
0.187
0.158
0.125
0.088
0.064
0.051
0.042
0.037
0.036
0.04
0.047
0.054
0.061
0.068
0.073
0.075
0.071
0.064
0.056
0.049
0.04
0.032
0.026
0.022
0.019
0.017
0.014
0.01
0.007
0.006
0.006
0.007
0.01
0.014
0.017
0.02
0.026
0.031
0.032
0.024
0.012
0.0
-0.015
-0.03
-0.045
-0.054
-0.06
-0.066
-0.072
-0.077
-0.083
-0.088
-0.094
-0.099
-0.107
-0.118
-0.14
-0.161
-0.178
-0.192
-0.199
-0.2
-0.201
-0.202
-0.203
-0.203
-0.202
-0.191
-0.178
-0.166
-0.153
-0.142
-0.135
-0.129
-0.124
-0.12
-0.117
-0.115
-0.112
-0.107
-0.102
-0.096
-0.089
-0.08
-0.069
-0.052
-0.036
-0.021
-0.001
0.018
0.025
0.027
0.028
0.029
0.03
0.031
0.032
0.033
0.035
0.035
0.036
0.036
0.036
0.037
0.038
0.038
0.039
0.039
0.04
0.04
0.04
0.04
0.04
0.039
0.039
0.039
0.038
0.038
0.036
0.035
0.034
0.034
0.033
0.033
0.032
0.03
0.028
0.027
0.027
0.027
0.027
0.027
0.027
0.027
0.027
0.027
0.027
0.027
0.027
0.027
0.028
0.029
0.031
0.032
0.032
0.033
0.035
0.035
0.036
0.037
0.037
0.037
0.036
0.036
0.036
0.037
0.039
0.042
0.044
0.047
0.049
0.05
0.05
0.049
0.048
0.046
0.043
0.041
0.039
0.037
0.034
0.03
0.026
0.022
0.019
0.016
0.013
0.012
0.011
0.012
0.016
0.021
0.025
0.028
0.032
0.036
0.041
0.045
0.048
0.05
0.051
0.052
0.052
0.052
0.049
0.045
0.039
0.033
0.028
0.023
0.018
0.01
0.002
-0.004
-0.01
-0.014
-0.018
-0.022
-0.027
-0.032
-0.035
-0.037
-0.036
-0.033
-0.029
-0.024
-0.018
-0.01
0.0
0.018
0.028
0.034
0.037
0.041
0.044
0.046
0.048
0.047
0.044
0.041
0.036
0.031
0.032
0.049
0.076
0.099
0.11
0.117
0.115
0.094
0.036
-0.041
-0.148
-0.282
-0.438
-0.611
-0.779
-0.91
-0.951
-0.935
-0.807
-0.581
-0.319
-0.077
0.098
0.213
0.28
0.303
0.31
0.305
0.293
0.258
0.189
0.148
0.115
0.092
0.081
0.075
0.071
0.067
0.064
0.061
0.059
0.06
0.062
0.064
0.066
0.067
0.068
0.07
0.073
0.075
0.076
0.074
0.069
0.061
0.052
0.044
0.035
0.025
0.015
0.006
0.002
0.0
0.0
0.0
0.0
-0.001
-0.002
-0.003
-0.004
-0.005
-0.006
-0.008
-0.011
-0.015
-0.02
-0.024
-0.028
-0.033
-0.038
-0.048
-0.058
-0.066
-0.07
-0.073
-0.077
-0.082
-0.087
-0.093
-0.101
-0.114
-0.128
-0.142
-0.158
-0.17
-0.172
-0.172
-0.171
-0.17
-0.17
-0.17
-0.171
-0.172
-0.173
-0.173
-0.172
-0.17
-0.167
-0.163
-0.157
-0.15
-0.143
-0.133
-0.12
-0.106
-0.092
-0.077
-0.06
-0.04
-0.02
0.0
0.008
0.012
0.015
0.018
0.021
0.024
0.027
0.028
0.03
0.032
0.034
0.036
0.038
0.039
0.039
0.04
0.04
0.039
0.039
0.038
0.037
0.036
0.035
0.034
0.033
0.033
0.034
0.035
0.036
0.037
0.039
0.04
0.041
0.041
0.041
0.04
0.039
0.038
0.038
0.037
0.038
0.04
0.043
0.046
0.049
0.052
0.054
0.055
0.057
0.058
0.058
0.057
0.056
0.054
0.054
0.054
0.055
0.056
0.057
0.055
0.051
0.046
0.041
0.038
0.033
0.027
0.022
0.019
0.02
0.025
0.031
0.039
0.044
0.049
0.053
0.058
0.063
0.067
0.07
0.072
0.073
0.072
0.071
0.069
0.066
0.062
0.058
0.055
0.052
0.05
0.049
0.048
0.047
0.048
0.048
0.05
0.051
0.052
0.053
0.053
0.052
0.052
0.052
0.051
0.051
0.05
0.049
0.047
0.045
0.042
0.04
0.037
0.032
0.025
0.016
0.007
0.0
-0.007
-0.013
-0.018
-0.023
-0.029
-0.033
-0.036
-0.038
-0.038
-0.035
-0.029
-0.021
-0.011
0.0
0.011
0.03
0.042
0.043
0.043
0.044
0.045
0.047
0.048
0.051
0.054
0.056
0.06
0.065
0.071
0.079
0.086
0.095
0.109
0.121
0.121
0.115
0.105
0.074
-0.002
-0.115
-0.255
-0.416
-0.587
-0.751
-0.885
-0.939
-0.93
-0.828
-0.632
-0.381
-0.125
0.077
0.213
0.285
0.308
0.321
0.325
0.324
0.319
0.308
0.274
0.217
0.157
0.117
0.098
0.09
0.084
0.078
0.073
0.07
0.067
0.065
0.064
0.062
0.06
0.058
0.056
0.054
0.051
0.049
0.046
0.044
0.041
0.039
0.037
0.036
0.035
0.035
0.035
0.034
0.033
0.033
0.032
0.031
0.029
0.026
0.023
0.019
0.016
0.013
0.011
0.008
0.004
0.0
-0.004
-0.009
-0.016
-0.026
-0.04
-0.052
-0.063
-0.073
-0.083
-0.092
-0.102
-0.112
-0.122
-0.131
-0.139
-0.145
-0.152
-0.158
-0.164
-0.169
-0.174
-0.178
-0.182
-0.185
-0.189
-0.194
-0.202
-0.209
-0.209
-0.201
-0.19
-0.176
-0.158
-0.138
-0.124
-0.113
-0.104
-0.093
-0.084
-0.076
-0.068
-0.06
-0.052
-0.044
-0.036
-0.029
-0.023
-0.018
-0.013
-0.007
0.0
0.006
0.013
0.018
0.021
0.025
0.028
0.032
0.036
0.039
0.041
0.043
0.046
0.048
0.051
0.053
0.054
0.054
0.055
0.055
0.057
0.059
0.061
0.061
0.06
0.055
0.049
0.042
0.035
0.03
0.023
0.016
0.009
0.004
0.001
0.002
0.003
0.006
0.01
0.014
0.018
0.022
0.027
0.032
0.036
0.041
0.045
0.049
0.053
0.057
0.061
0.066
0.071
0.077
0.08
0.078
0.073
0.066
0.059
0.053
0.045
0.037
0.033
0.032
0.032
0.032
0.031
0.03
0.029
0.028
0.028
0.031
0.035
0.037
0.039
0.04
0.042
0.044
0.046
0.048
0.05
0.051
0.051
0.052
0.052
0.05
0.047
0.044
0.041
0.037
0.034
0.032
0.03
0.029
0.028
0.028
0.029
0.028
0.027
0.025
0.023
0.02
0.017
0.013
0.008
0.003
-0.001
-0.005
-0.009
-0.012
-0.016
-0.021
-0.026
-0.031
-0.035
-0.037
-0.039
-0.04
-0.042
-0.044
-0.046
-0.046
-0.046
-0.048
-0.044
-0.026
-0.018
-0.012
-0.008
-0.004
-0.001
0.0
0.002
0.005
0.008
0.011
0.013
0.016
0.018
0.019
0.021
0.024
0.028
0.039
0.069
0.092
0.106
0.114
0.116
0.113
0.105
0.08
0.017
-0.072
-0.193
-0.341
-0.508
-0.685
-0.858
-0.993
-1.048
-0.996
-0.833
-0.581
-0.293
-0.021
0.181
0.311
0.353
0.367
0.344
0.307
0.266
0.229
0.19
0.167
0.155
0.146
0.137
0.127
0.116
0.106
0.095
0.08
0.068
0.065
0.064
0.065
0.066
0.066
0.066
0.065
0.061
0.055
0.049
0.046
0.045
0.044
0.043
0.042
0.04
0.038
0.035
0.031
0.026
0.022
0.018
0.015
0.013
0.011
0.008
0.005
0.002
0.0
-0.004
-0.008
-0.013
-0.018
-0.023
-0.027
-0.031
-0.035
-0.038
-0.041
-0.045
-0.051
-0.062
-0.074
-0.083
-0.091
-0.101
-0.111
-0.123
-0.137
-0.154
-0.171
-0.18
-0.184
-0.187
-0.19
-0.191
-0.193
-0.194
-0.194
-0.192
-0.189
-0.186
-0.182
-0.177
-0.171
-0.165
-0.157
-0.148
-0.139
-0.128
-0.116
-0.1
-0.086
-0.073
-0.061
-0.05
-0.04
-0.03
-0.022
-0.016
-0.011
-0.008
-0.005
-0.002
0.001
0.005
0.008
0.011
0.014
0.017
0.021
0.027
0.037
0.043
0.047
0.049
0.051
0.053
0.055
0.056
0.054
0.051
0.047
0.043
0.041
0.039
0.036
0.034
0.032
0.03
0.028
0.027
0.027
0.028
0.029
0.03
0.031
0.032
0.033
0.034
0.036
0.037
0.037
0.038
0.037
0.037
0.038
0.039
0.039
0.039
0.038
0.037
0.037
0.038
0.039
0.039
0.039
0.04
0.039
0.039
0.039
0.039
0.039
0.039
0.038
0.038
0.038
0.039
0.039
0.04
0.04
0.04
0.04
0.041
0.041
0.04
0.039
0.041
0.046
0.051
0.056
0.059
0.052
0.038
0.021
0.003
-0.003
-0.007
-0.012
-0.015
-0.016
-0.012
-0.004
0.008
0.026
0.034
0.038
0.041
0.045
0.047
0.048
0.046
0.043
0.039
0.035
0.031
0.027
0.021
0.014
0.007
0.0
-0.007
-0.015
-0.024
-0.033
-0.04
-0.044
-0.047
-0.05
-0.053
-0.056
-0.059
-0.061
-0.061
-0.057
-0.053
-0.047
-0.04
-0.031
-0.016
-0.005
0.005
0.016
0.023
0.026
0.028
0.03
0.033
0.035
0.038
0.04
0.043
0.045
0.048
0.052
0.058
0.071
0.092
0.103
0.111
0.114
0.11
0.1
0.072
0.004
-0.098
-0.227
-0.377
-0.539
-0.702
-0.845
-0.934
-0.94
-0.879
-0.703
-0.464
-0.198
0.04
0.209
0.272
0.295
0.294
0.276
0.256
0.236
0.22
0.2
0.17
0.136
0.109
0.094
0.083
0.078
0.082
0.09
0.096
0.101
0.106
0.109
0.106
0.099
0.092
0.087
0.082
0.078
0.073
0.069
0.064
0.058
0.052
0.046
0.041
0.035
0.028
0.021
0.016
0.013
0.015
0.019
0.024
0.029
0.034
0.04
0.046
0.049
0.047
0.041
0.033
0.021
0.003
-0.015
-0.027
-0.034
-0.04
-0.045
-0.05
-0.055
-0.059
-0.062
-0.066
-0.071
-0.078
-0.087
-0.096
-0.106
-0.114
-0.122
-0.129
-0.135
-0.139
-0.143
-0.145
-0.147
-0.149
-0.152
-0.155
-0.158
-0.159
-0.16
-0.16
-0.16
-0.16
-0.158
-0.155
-0.151
-0.144
-0.137
-0.128
-0.119
-0.103
-0.071
-0.05
-0.031
-0.011
0.013
0.025
0.033
0.04
0.045
0.049
0.051
0.051
0.051
0.05
0.049
0.048
0.046
0.045
0.044
0.043
0.042
0.041
0.04
0.039
0.038
0.036
0.036
0.035
0.035
0.035
0.036
0.037
0.039
0.041
0.042
0.043
0.044
0.044
0.044
0.044
0.044
0.043
0.042
0.04
0.039
0.038
0.037
0.037
0.036
0.035
0.034
0.033
0.032
0.03
0.029
0.028
0.027
0.025
0.024
0.024
0.024
0.024
0.025
0.025
0.027
0.029
0.031
0.034
0.036
0.038
0.039
0.041
0.043
0.045
0.046
0.047
0.047
0.047
0.045
0.044
0.042
0.04
0.038
0.035
0.033
0.03
0.028
0.025
0.023
0.022
0.022
0.023
0.025
0.026
0.027
0.029
0.031
0.032
0.034
0.035
0.035
0.034
0.033
0.031
0.029
0.027
0.024
0.022
0.019
0.017
0.015
0.01
0.006
0.002
0.002
0.004
0.008
0.011
0.015
0.02
0.024
0.023
0.013
0.0
-0.016
-0.036
-0.043
-0.046
-0.048
-0.051
-0.053
-0.055
-0.056
-0.056
-0.052
-0.044
-0.036
-0.028
-0.021
-0.012
-0.003
0.005
0.011
0.016
0.02
0.024
0.027
0.031
0.035
0.039
0.043
0.047
0.051
0.057
0.063
0.07
0.08
0.095
0.103
0.099
0.091
0.068
0.01
-0.074
-0.192
-0.342
-0.514
-0.688
-0.842
-0.947
-0.962
-0.935
-0.794
-0.583
-0.334
-0.089
0.11
0.249
0.327
0.357
0.37
0.38
0.379
0.355
0.289
0.211
0.139
0.089
0.076
0.067
0.062
0.059
0.057
0.055
0.054
0.054
0.053
0.053
0.052
0.051
0.051
0.05
0.05
0.05
0.049
0.049
0.048
0.048
0.048
0.048
0.048
0.048
0.046
0.044
0.042
0.039
0.036
0.032
0.028
0.025
0.022
0.018
0.013
0.001
-0.008
-0.014
-0.018
-0.02
-0.023
-0.025
-0.028
-0.031
-0.033
-0.036
-0.04
-0.045
-0.051
-0.057
-0.065
-0.073
-0.085
-0.098
-0.108
-0.116
-0.125
-0.136
-0.15
-0.159
-0.165
-0.168
-0.17
-0.172
-0.173
-0.174
-0.175
-0.175
-0.175
-0.175
-0.173
-0.171
-0.167
-0.162
-0.154
-0.146
-0.131
-0.098
-0.077
-0.066
-0.057
-0.049
-0.042
-0.036
-0.03
-0.025
-0.02
-0.014
-0.006
0.003
0.014
0.023
0.028
0.032
0.036
0.04
0.042
0.044
0.047
0.049
0.052
0.054
0.056
0.057
0.058
0.058
0.058
0.059
0.058
0.057
0.056
0.055
0.053
0.051
0.048
0.046
0.043
0.04
0.037
0.034
0.032
0.029
0.028
0.027
0.025
0.02
0.013
0.008
0.008
0.015
0.023
0.031
0.034
0.037
0.041
0.044
0.048
0.05
0.053
0.055
0.057
0.059
0.06
0.06
0.059
0.057
0.056
0.054
0.053
0.052
0.051
0.05
0.05
0.05
0.05
0.05
0.05
0.048
0.047
0.046
0.045
0.045
0.045
0.045
0.044
0.044
0.043
0.043
0.043
0.042
0.041
0.041
0.041
0.04
0.04
0.04
0.04
0.039
0.039
0.038
0.037
0.036
0.036
0.035
0.036
0.036
0.036
0.034
0.033
0.031
0.028
0.019
0.014
0.019
0.028
0.035
0.045
0.05
0.044
0.031
0.019
0.007
-0.006
-0.02
-0.028
-0.034
-0.04
-0.045
-0.05
-0.053
-0.053
-0.05
-0.047
-0.042
-0.038
-0.033
-0.027
-0.018
-0.008
0.0
0.011
0.021
0.027
0.032
0.037
0.042
0.046
0.051
0.056
0.062
0.067
0.072
0.078
0.083
0.089
0.097
0.109
0.122
0.127
0.125
0.118
0.107
0.074
-0.011
-0.127
-0.269
-0.425
-0.586
-0.738
-0.864
-0.93
-0.931
-0.87
-0.729
-0.544
-0.327
-0.098
0.107
0.269
0.367
0.392
0.399
0.385
0.335
0.29
0.247
0.205
0.166
0.126
0.091
0.069
0.066
0.064
0.061
0.059
0.058
0.058
0.058
0.059
0.059
0.057
0.056
0.055
0.055
0.056
0.056
0.053
0.045
0.035
0.026
0.021
0.017
0.013
0.01
0.007
0.005
0.003
0.002
0.0
-0.001
-0.003
-0.006
-0.008
-0.01
-0.011
-0.011
-0.012
-0.014
-0.016
-0.018
-0.02
-0.023
-0.026
-0.031
-0.04
-0.051
-0.061
-0.07
-0.077
-0.086
-0.103
-0.136
-0.152
-0.159
-0.164
-0.169
-0.172
-0.174
-0.176
-0.177
-0.179
-0.18
-0.18
-0.181
-0.181
-0.18
-0.18
-0.179
-0.179
-0.18
-0.182
-0.18
-0.169
-0.153
-0.132
-0.119
-0.111
-0.103
-0.095
-0.087
-0.074
-0.048
-0.027
-0.016
-0.007
0.001
0.009
0.013
0.016
0.019
0.022
0.025
0.028
0.031
0.033
0.034
0.036
0.038
0.04
0.041
0.042
0.043
0.045
0.049
0.053
0.056
0.053
0.045
0.038
0.033
0.029
0.025
0.021
0.018
0.015
0.012
0.011
0.01
0.009
0.008
0.008
0.007
0.004
0.0
0.018
0.034
0.045
0.053
0.057
0.059
0.061
0.063
0.066
0.068
0.068
0.059
0.049
0.043
0.039
0.035
0.031
0.028
0.026
0.026
0.027
0.028
0.031
0.033
0.035
0.037
0.039
0.041
0.044
0.046
0.047
0.048
0.048
0.048
0.048
0.048
0.047
0.045
0.042
0.039
0.037
0.035
0.03
0.027
0.033
0.044
0.051
0.058
0.065
0.07
0.071
0.067
0.061
0.053
0.041
0.025
0.025
0.025
0.024
0.023
0.023
0.024
0.027
0.028
0.03
0.033
0.021
0.011
0.007
0.003
0.0
-0.004
-0.008
-0.012
-0.014
-0.016
-0.017
-0.02
-0.022
-0.024
-0.026
-0.027
-0.027
-0.028
-0.029
-0.03
-0.029
-0.027
-0.025
-0.023
-0.022
-0.019
-0.016
-0.012
-0.007
0.004
0.021
0.024
0.026
0.027
0.029
0.031
0.033
0.036
0.039
0.041
0.044
0.047
0.052
0.061
0.086
0.107
0.121
0.126
0.122
0.111
0.081
0.008
-0.106
-0.255
-0.426
-0.604
-0.771
-0.905
-0.971
-0.97
-0.901
-0.738
-0.523
-0.276
-0.019
0.211
0.369
0.417
0.418
0.377
0.325
0.274
0.226
0.198
0.168
0.137
0.102
0.081
0.074
0.071
0.068
0.066
0.063
0.061
0.058
0.055
0.051
0.048
0.046
0.048
0.053
0.059
0.065
0.071
0.076
0.076
0.068
0.058
0.052
0.047
0.043
0.039
0.035
0.032
0.028
0.025
0.023
0.021
0.019
0.018
0.016
0.015
0.014
0.013
0.011
0.009
0.006
0.002
-0.001
-0.006
-0.011
-0.017
-0.028
-0.05
-0.068
-0.078
-0.086
-0.091
-0.095
-0.099
-0.104
-0.108
-0.113
-0.12
-0.127
-0.135
-0.142
-0.148
-0.154
-0.159
-0.163
-0.165
-0.168
-0.171
-0.173
-0.175
-0.176
-0.172
-0.166
-0.157
-0.146
-0.13
-0.112
-0.1
-0.093
-0.086
-0.08
-0.074
-0.068
-0.061
-0.053
-0.042
-0.025
-0.009
0.006
0.014
0.021
0.026
0.032
0.037
0.041
0.045
0.047
0.049
0.05
0.051
0.053
0.055
0.057
0.058
0.06
0.062
0.063
0.064
0.062
0.059
0.054
0.049
0.045
0.042
0.04
0.038
0.035
0.032
0.029
0.027
0.025
0.023
0.021
0.021
0.02
0.021
0.022
0.024
0.025
0.025
0.024
0.024
0.022
0.018
0.018
0.028
0.033
0.035
0.038
0.041
0.043
0.046
0.047
0.049
0.051
0.052
0.053
0.054
0.055
0.054
0.054
0.055
0.057
0.059
0.058
0.054
0.046
0.038
0.029
0.015
0.01
0.008
0.006
0.004
0.002
0.001
0.002
0.006
0.013
0.021
0.029
0.035
0.042
0.049
0.056
0.059
0.058
0.054
0.047
0.04
0.034
0.03
0.024
0.017
0.01
0.006
0.005
0.006
0.01
0.015
0.021
0.027
0.033
0.043
0.052
0.056
0.053
0.045
0.034
0.016
-0.012
-0.033
-0.049
-0.062
-0.07
-0.076
-0.081
-0.085
-0.086
-0.084
-0.078
-0.069
-0.061
-0.053
-0.042
-0.03
-0.019
-0.008
-0.001
0.003
0.008
0.012
0.016
0.018
0.02
0.019
0.019
0.018
0.017
0.017
0.016
0.013
0.009
0.025
0.04
0.051
0.061
0.069
0.076
0.087
0.098
0.087
0.05
-0.024
-0.13
-0.266
-0.43
-0.611
-0.787
-0.928
-0.981
-0.969
-0.855
-0.663
-0.427
-0.171
0.053
0.21
0.26
0.275
0.284
0.288
0.289
0.287
0.281
0.272
0.258
0.222
0.175
0.132
0.106
0.091
0.08
0.07
0.059
0.049
0.041
0.031
0.023
0.017
0.015
0.017
0.024
0.031
0.039
0.045
0.052
0.059
0.064
0.066
0.063
0.056
0.047
0.04
0.036
0.032
0.029
0.026
0.022
0.019
0.016
0.013
0.01
0.008
0.005
0.004
0.002
0.001
0.0
-0.001
-0.003
-0.004
-0.006
-0.011
-0.024
-0.046
-0.059
-0.068
-0.074
-0.08
-0.087
-0.093
-0.099
-0.104
-0.109
-0.116
-0.125
-0.134
-0.143
-0.151
-0.159
-0.168
-0.175
-0.175
-0.167
-0.157
-0.15
-0.146
-0.142
-0.139
-0.135
-0.131
-0.126
-0.12
-0.114
-0.108
-0.101
-0.094
-0.084
-0.067
-0.037
-0.01
0.0
0.006
0.01
0.014
0.017
0.02
0.023
0.025
0.028
0.031
0.035
0.039
0.042
0.043
0.045
0.046
0.048
0.05
0.052
0.053
0.055
0.057
0.06
0.064
0.067
0.069
0.07
0.069
0.066
0.063
0.06
0.057
0.052
0.047
0.043
0.04
0.037
0.035
0.032
0.029
0.026
0.023
0.022
0.023
0.024
0.025
0.026
0.028
0.03
0.033
0.036
0.039
0.04
0.04
0.04
0.041
0.042
0.043
0.045
0.046
0.047
0.049
0.05
0.051
0.052
0.052
0.051
0.05
0.05
0.05
0.05
0.051
0.05
0.05
0.051
0.051
0.052
0.053
0.054
0.053
0.051
0.048
0.045
0.042
0.041
0.039
0.037
0.034
0.032
0.031
0.03
0.031
0.031
0.031
0.031
0.03
0.03
0.031
0.031
0.031
0.03
0.029
0.028
0.028
0.028
0.029
0.029
0.029
0.029
0.029
0.029
0.029
0.028
0.026
0.024
0.022
0.019
0.015
0.012
0.009
0.006
-0.001
-0.022
-0.033
-0.039
-0.044
-0.048
-0.052
-0.055
-0.058
-0.059
-0.059
-0.055
-0.05
-0.042
-0.033
-0.02
0.001
0.022
0.034
0.044
0.053
0.059
0.062
0.062
0.061
0.059
0.058
0.057
0.054
0.05
0.047
0.048
0.058
0.072
0.085
0.101
0.107
0.102
0.091
0.061
-0.022
-0.132
-0.265
-0.426
-0.604
-0.776
-0.909
-0.969
-0.963
-0.873
-0.673
-0.427
-0.166
0.072
0.243
0.318
0.344
0.353
0.346
0.331
0.308
0.268
0.22
0.175
0.137
0.112
0.106
0.103
0.1
0.097
0.095
0.092
0.09
0.087
0.084
0.08
0.075
0.07
0.066
0.062
0.057
0.05
0.044
0.039
0.038
0.039
0.04
0.043
0.046
0.049
0.052
0.056
0.06
0.061
0.054
0.043
0.032
0.024
0.018
0.012
0.006
0.002
-0.002
-0.008
-0.014
-0.019
-0.023
-0.026
-0.028
-0.03
-0.034
-0.038
-0.043
-0.048
-0.054
-0.063
-0.072
-0.083
-0.094
-0.105
-0.117
-0.129
-0.144
-0.158
-0.166
-0.172
-0.175
-0.178
-0.181
-0.184
-0.188
-0.191
-0.193
-0.192
-0.188
-0.182
-0.175
-0.168
-0.161
-0.152
-0.142
-0.131
-0.122
-0.111
-0.097
-0.077
-0.058
-0.044
-0.035
-0.026
-0.017
-0.009
-0.002
0.001
0.005
0.007
0.01
0.013
0.017
0.02
0.022
0.025
0.028
0.03
0.033
0.035
0.037
0.04
0.042
0.045
0.047
0.05
0.053
0.056
0.058
0.061
0.062
0.062
0.061
0.059
0.056
0.052
0.048
0.045
0.042
0.038
0.035
0.033
0.03
0.027
0.023
0.019
0.016
0.012
0.01
0.008
0.007
0.007
0.007
0.009
0.012
0.015
0.018
0.02
0.022
0.024
0.025
0.025
0.027
0.03
0.033
0.034
0.034
0.034
0.032
0.029
0.026
0.023
0.017
0.012
0.008
0.01
0.014
0.02
0.024
0.029
0.035
0.039
0.039
0.035
0.03
0.024
0.019
0.015
0.01
0.006
0.002
0.0
0.0
0.002
0.005
0.009
0.013
0.018
0.025
0.032
0.037
0.038
0.035
0.029
0.024
0.02
0.018
0.015
0.013
0.011
0.01
0.008
0.007
0.005
0.003
0.0
-0.002
-0.005
-0.007
-0.01
-0.013
-0.018
-0.022
-0.026
-0.03
-0.034
-0.041
-0.049
-0.057
-0.062
-0.061
-0.056
-0.048
-0.039
-0.032
-0.024
-0.015
-0.004
0.003
0.008
0.011
0.012
0.014
0.016
0.019
0.021
0.023
0.025
0.027
0.029
0.033
0.038
0.043
0.05
0.058
0.072
0.096
0.106
0.116
0.124
0.109
0.066
-0.013
-0.133
-0.285
-0.459
-0.638
-0.8
-0.926
-0.973
-0.963
-0.859
-0.655
-0.398
-0.134
0.086
0.243
0.323
0.35
0.332
0.301
0.269
0.246
0.228
0.207
0.186
0.165
0.146
0.121
0.09
0.076
0.071
0.068
0.066
0.065
0.065
0.065
0.064
0.062
0.06
0.056
0.053
0.05
0.049
0.048
0.046
0.045
0.045
0.045
0.045
0.044
0.043
0.041
0.039
0.036
0.034
0.031
0.027
0.022
0.018
0.015
0.014
0.013
0.011
0.009
0.005
0.002
-0.001
-0.005
-0.013
-0.022
-0.031
-0.041
-0.05
-0.058
-0.065
-0.071
-0.076
-0.081
-0.085
-0.09
-0.095
-0.1
-0.107
-0.114
-0.12
-0.127
-0.133
-0.14
-0.149
-0.159
-0.168
-0.173
-0.174
-0.173
-0.173
-0.173
-0.173
-0.172
-0.17
-0.165
-0.152
-0.138
-0.122
-0.103
-0.084
-0.065
-0.047
-0.037
-0.03
-0.026
-0.023
-0.019
-0.015
-0.01
-0.005
0.0
0.005
0.009
0.015
0.024
0.032
0.039
0.045
0.049
0.053
0.057
0.061
0.064
0.067
0.067
0.065
0.061
0.057
0.053
0.048
0.044
0.04
0.036
0.032
0.029
0.028
0.027
0.027
0.027
0.027
0.028
0.029
0.031
0.034
0.036
0.038
0.04
0.042
0.043
0.045
0.047
0.049
0.05
0.051
0.052
0.052
0.051
0.05
0.049
0.047
0.045
0.043
0.042
0.041
0.04
0.038
0.037
0.037
0.036
0.036
0.035
0.035
0.035
0.035
0.035
0.036
0.037
0.037
0.038
0.039
0.041
0.042
0.042
0.042
0.042
0.042
0.043
0.044
0.045
0.045
0.045
0.045
0.045
0.046
0.047
0.047
0.046
0.045
0.044
0.044
0.044
0.043
0.043
0.042
0.042
0.042
0.041
0.04
0.04
0.039
0.038
0.037
0.036
0.035
0.033
0.031
0.029
0.027
0.023
0.018
0.012
0.006
0.0
-0.006
-0.013
-0.022
-0.03
-0.035
-0.037
-0.039
-0.041
-0.045
-0.048
-0.051
-0.05
-0.044
-0.035
-0.026
-0.014
-0.003
0.007
0.014
0.019
0.025
0.029
0.031
0.034
0.037
0.041
0.045
0.05
0.056
0.06
0.063
0.069
0.075
0.08
0.084
0.086
0.084
0.081
0.074
0.066
0.055
0.012
-0.067
-0.179
-0.32
-0.485
-0.661
-0.82
-0.923
-0.936
-0.902
-0.752
-0.531
-0.285
-0.055
0.133
0.261
0.307
0.324
0.323
0.305
0.288
0.268
0.245
0.215
0.177
0.135
0.104
0.093
0.086
0.081
0.077
0.074
0.072
0.07
0.067
0.065
0.063
0.062
0.061
0.059
0.057
0.054
0.049
0.045
0.043
0.043
0.045
0.047
0.05
0.054
0.061
0.06
0.043
0.031
0.022
0.014
0.007
0.0
-0.006
-0.011
-0.015
-0.018
-0.021
-0.024
-0.026
-0.028
-0.03
-0.032
-0.035
-0.038
-0.041
-0.044
-0.046
-0.05
-0.054
-0.061
-0.071
-0.083
-0.093
-0.102
-0.111
-0.119
-0.127
-0.136
-0.145
-0.153
-0.159
-0.165
-0.17
-0.175
-0.178
-0.18
-0.18
-0.178
-0.176
-0.172
-0.168
-0.161
-0.152
-0.136
-0.119
-0.107
-0.098
-0.09
-0.081
-0.074
-0.069
-0.064
-0.059
-0.055
-0.049
-0.042
-0.034
-0.026
-0.018
-0.011
-0.002
0.005
0.012
0.019
0.025
0.033
0.044
0.054
0.061
0.066
0.073
0.08
0.083
0.077
0.064
0.052
0.038
0.028
0.021
0.015
0.008
0.004
0.004
0.011
0.021
0.027
0.035
0.042
0.047
0.048
0.045
0.039
0.033
0.027
0.017
0.01
0.009
0.014
0.019
0.022
0.024
0.026
0.029
0.032
0.034
0.037
0.039
0.042
0.044
0.047
0.048
0.048
0.048
0.048
0.049
0.05
0.052
0.052
0.052
0.05
0.049
0.048
0.047
0.046
0.045
0.044
0.043
0.041
0.04
0.039
0.038
0.038
0.038
0.039
0.04
0.04
0.04
0.04
0.04
0.039
0.038
0.037
0.036
0.034
0.032
0.031
0.03
0.028
0.026
0.024
0.021
0.019
0.017
0.016
0.016
0.017
0.018
0.019
0.021
0.024
0.028
0.028
0.024
0.02
0.018
0.017
0.015
0.014
0.012
0.01
0.006
0.003
0.0
-0.002
-0.004
-0.007
-0.01
-0.014
-0.022
-0.038
-0.056
-0.068
-0.078
-0.085
-0.085
-0.079
-0.069
-0.057
-0.039
-0.016
-0.002
0.007
0.013
0.019
0.024
0.027
0.03
0.032
0.035
0.038
0.04
0.042
0.045
0.048
0.051
0.054
0.06
0.067
0.076
0.092
0.116
0.122
0.129
0.125
0.088
0.024
-0.073
-0.207
-0.374
-0.559
-0.736
-0.886
-0.983
-0.996
-0.965
-0.816
-0.586
-0.309
-0.035
0.182
0.314
0.347
0.358
0.342
0.318
0.294
0.271
0.25
0.216
0.172
0.118
0.09
0.08
0.076
0.073
0.071
0.069
0.068
0.067
0.065
0.062
0.06
0.057
0.055
0.054
0.054
0.054
0.054
0.053
0.053
0.052
0.05
0.048
0.045
0.041
0.038
0.033
0.029
0.024
0.019
0.015
0.013
0.011
0.01
0.008
0.006
0.003
0.0
-0.002
-0.005
-0.009
-0.012
-0.016
-0.019
-0.022
-0.025
-0.029
-0.035
-0.046
-0.058
-0.071
-0.081
-0.089
-0.098
-0.107
-0.116
-0.124
-0.132
-0.141
-0.15
-0.161
-0.172
-0.179
-0.184
-0.188
-0.192
-0.195
-0.198
-0.198
-0.197
-0.195
-0.19
-0.184
-0.176
-0.168
-0.157
-0.137
-0.119
-0.102
-0.084
-0.062
-0.037
-0.025
-0.017
-0.01
-0.005
-0.001
0.002
0.006
0.011
0.016
0.019
0.022
0.024
0.027
0.028
0.03
0.032
0.035
0.037
0.039
0.043
0.047
0.051
0.053
0.055
0.055
0.056
0.056
0.056
0.056
0.056
0.056
0.057
0.06
0.065
0.069
0.068
0.062
0.056
0.052
0.048
0.043
0.039
0.035
0.03
0.028
0.027
0.028
0.03
0.032
0.035
0.038
0.041
0.044
0.046
0.048
0.049
0.049
0.051
0.053
0.055
0.058
0.059
0.06
0.061
0.061
0.06
0.059
0.056
0.052
0.047
0.043
0.04
0.035
0.03
0.025
0.022
0.022
0.026
0.03
0.036
0.041
0.044
0.048
0.052
0.056
0.06
0.062
0.064
0.064
0.064
0.062
0.059
0.056
0.051
0.046
0.041
0.036
0.033
0.031
0.029
0.028
0.027
0.026
0.024
0.022
0.02
0.019
0.017
0.015
0.013
0.012
0.011
0.01
0.008
0.007
0.006
0.004
0.002
0.0
-0.001
-0.003
-0.006
-0.008
-0.011
-0.014
-0.017
-0.02
-0.023
-0.025
-0.029
-0.033
-0.036
-0.039
-0.041
-0.042
-0.041
-0.039
-0.036
-0.032
-0.029
-0.024
-0.019
-0.014
-0.009
-0.004
0.0
0.005
0.01
0.016
0.022
0.027
0.031
0.034
0.038
0.043
0.049
0.061
0.083
0.091
0.099
0.106
0.105
0.083
0.024
-0.065
-0.189
-0.34
-0.512
-0.69
-0.848
-0.951
-0.964
-0.928
-0.785
-0.584
-0.361
-0.15
0.032
0.169
0.257
0.292
0.308
0.32
0.317
0.292
0.256
0.214
0.176
0.141
0.11
0.076
0.061
0.055
0.05
0.046
0.043
0.041
0.039
0.038
0.037
0.037
0.038
0.037
0.037
0.037
0.037
0.036
0.035
0.034
0.032
0.029
0.027
0.026
0.025
0.025
0.025
0.025
0.025
0.024
0.022
0.02
0.017
0.013
0.009
0.005
0.0
-0.004
-0.008
-0.013
-0.017
-0.023
-0.03
-0.041
-0.053
-0.062
-0.069
-0.076
-0.084
-0.093
-0.102
-0.111
-0.119
-0.127
-0.133
-0.138
-0.142
-0.147
-0.15
-0.154
-0.157
-0.159
-0.162
-0.165
-0.167
-0.17
-0.173
-0.177
-0.183
-0.186
-0.186
-0.181
-0.171
-0.16
-0.147
-0.129
-0.115
-0.104
-0.092
-0.08
-0.067
-0.052
-0.041
-0.033
-0.025
-0.017
-0.009
-0.002
0.002
0.006
0.01
0.014
0.018
0.022
0.026
0.029
0.032
0.036
0.04
0.043
0.046
0.049
0.052
0.056
0.059
0.061
0.06
0.056
0.051
0.045
0.041
0.037
0.033
0.027
0.021
0.018
0.018
0.02
0.023
0.027
0.029
0.03
0.031
0.033
0.034
0.036
0.036
0.036
0.037
0.038
0.039
0.04
0.041
0.041
0.04
0.04
0.04
0.041
0.041
0.04
0.039
0.037
0.035
0.034
0.034
0.034
0.034
0.033
0.033
0.034
0.035
0.035
0.035
0.032
0.028
0.025
0.026
0.032
0.038
0.044
0.05
0.056
0.06
0.06
0.06
0.059
0.058
0.056
0.054
0.051
0.049
0.048
0.048
0.049
0.05
0.054
0.056
0.051
0.041
0.037
0.034
0.031
0.028
0.026
0.023
0.02
0.019
0.018
0.019
0.02
0.021
0.022
0.024
0.027
0.029
0.032
0.034
0.035
0.036
0.038
0.04
0.042
0.041
0.036
0.027
0.016
0.001
-0.02
-0.036
-0.046
-0.055
-0.061
-0.063
-0.06
-0.052
-0.042
-0.029
-0.01
0.006
0.013
0.016
0.018
0.02
0.022
0.024
0.026
0.029
0.031
0.034
0.037
0.039
0.041
0.044
0.045
0.047
0.051
0.058
0.073
0.086
0.098
0.112
0.125
0.126
0.113
0.076
-0.007
-0.128
-0.283
-0.458
-0.639
-0.806
-0.928
-0.954
-0.934
-0.806
-0.598
-0.352
-0.106
0.096
0.24
0.317
0.346
0.347
0.328
0.301
0.268
0.244
0.226
0.209
0.187
0.16
0.135
0.106
0.077
0.059
0.055
0.053
0.05
0.048
0.047
0.049
0.055
0.062
0.067
0.075
0.082
0.085
0.084
0.079
0.073
0.07
0.067
0.065
0.062
0.058
0.055
0.051
0.046
0.042
0.038
0.035
0.031
0.026
0.022
0.017
0.011
0.004
-0.002
-0.008
-0.013
-0.019
-0.025
-0.031
-0.036
-0.041
-0.045
-0.05
-0.055
-0.061
-0.068
-0.076
-0.084
-0.094
-0.105
-0.115
-0.126
-0.135
-0.144
-0.153
-0.161
-0.167
-0.172
-0.176
-0.179
-0.182
-0.185
-0.188
-0.191
-0.192
-0.192
-0.189
-0.183
-0.175
-0.166
-0.154
-0.133
-0.115
-0.101
-0.09
-0.079
-0.066
-0.053
-0.041
-0.031
-0.02
-0.01
0.0
0.008
0.014
0.017
0.019
0.021
0.023
0.025
0.027
0.028
0.03
0.032
0.035
0.037
0.039
0.04
0.039
0.039
0.039
0.039
0.039
0.037
0.036
0.035
0.033
0.032
0.032
0.031
0.03
0.029
0.027
0.027
0.026
0.024
0.023
0.021
0.019
0.017
0.014
0.01
0.007
0.006
0.008
0.014
0.02
0.025
0.028
0.031
0.034
0.036
0.038
0.04
0.042
0.043
0.045
0.046
0.047
0.048
0.048
0.049
0.05
0.05
0.05
0.048
0.046
0.044
0.042
0.041
0.041
0.041
0.04
0.04
0.04
0.04
0.041
0.042
0.042
0.042
0.04
0.039
0.039
0.04
0.04
0.04
0.039
0.04
0.041
0.042
0.043
0.044
0.044
0.043
0.042
0.04
0.037
0.034
0.031
0.028
0.026
0.025
0.024
0.024
0.024
0.024
0.024
0.024
0.024
0.025
0.025
0.025
0.025
0.025
0.025
0.024
0.023
0.021
0.019
0.017
0.015
0.013
0.009
0.005
-0.002
-0.019
-0.028
-0.032
-0.035
-0.038
-0.04
-0.042
-0.043
-0.044
-0.044
-0.043
-0.04
-0.035
-0.028
-0.02
-0.011
0.0
0.021
0.031
0.036
0.039
0.041
0.043
0.045
0.046
0.048
0.052
0.055
0.059
0.063
0.067
0.072
0.077
0.085
0.098
0.108
0.107
0.097
0.078
0.021
-0.093
-0.24
-0.411
-0.593
-0.767
-0.907
-0.972
-0.966
-0.87
-0.668
-0.415
-0.157
0.067
0.228
0.29
0.31
0.321
0.325
0.322
0.313
0.297
0.271
0.224
0.171
0.128
0.107
0.095
0.085
0.079
0.074
0.071
0.069
0.067
0.066
0.064
0.063
0.063
0.063
0.064
0.064
0.063
0.062
0.06
0.059
0.058
0.058
0.057
0.057
0.056
0.055
0.053
0.051
0.049
0.047
0.044
0.04
0.036
0.032
0.027
0.022
0.016
0.01
0.004
-0.002
-0.008
-0.014
-0.021
-0.029
-0.037
-0.045
-0.051
-0.056
-0.061
-0.067
-0.076
-0.089
-0.105
-0.125
-0.138
-0.148
-0.156
-0.163
-0.169
-0.174
-0.179
-0.182
-0.185
-0.188
-0.192
-0.196
-0.199
-0.202
-0.202
-0.197
-0.189
-0.179
-0.17
-0.161
-0.15
-0.139
-0.13
-0.123
-0.117
-0.111
-0.104
-0.097
-0.089
-0.08
-0.072
-0.063
-0.045
-0.013
0.015
0.034
0.04
0.045
0.048
0.05
0.051
0.05
0.048
0.045
0.039
0.033
0.032
0.038
0.042
0.046
0.049
0.05
0.049
0.046
0.043
0.042
0.041
0.039
0.035
0.031
0.028
0.027
0.027
0.027
0.028
0.027
0.027
0.029
0.031
0.034
0.036
0.037
0.036
0.033
0.03
0.027
0.023
0.017
0.016
0.023
0.025
0.027
0.029
0.032
0.034
0.037
0.039
0.041
0.043
0.046
0.048
0.05
0.051
0.052
0.053
0.055
0.058
0.062
0.065
0.067
0.067
0.065
0.06
0.054
0.047
0.04
0.034
0.027
0.018
0.011
0.006
0.006
0.008
0.012
0.017
0.021
0.024
0.027
0.031
0.034
0.036
0.038
0.039
0.039
0.039
0.04
0.039
0.038
0.036
0.034
0.032
0.029
0.026
0.023
0.015
0.008
0.004
0.004
0.006
0.008
0.01
0.011
0.013
0.014
0.016
0.018
0.019
0.019
0.018
0.015
0.011
0.006
0.0
-0.008
-0.021
-0.034
-0.049
-0.057
-0.064
-0.07
-0.074
-0.077
-0.077
-0.076
-0.073
-0.068
-0.061
-0.053
-0.038
-0.007
0.022
0.045
0.057
0.065
0.07
0.07
0.061
0.048
0.039
0.028
0.018
0.013
0.018
0.028
0.04
0.054
0.072
0.082
0.088
0.095
0.102
0.101
0.086
0.043
-0.023
-0.122
-0.253
-0.411
-0.587
-0.761
-0.905
-0.972
-0.97
-0.889
-0.708
-0.47
-0.206
0.036
0.22
0.332
0.358
0.366
0.345
0.313
0.277
0.239
0.203
0.17
0.136
0.108
0.088
0.079
0.075
0.073
0.071
0.07
0.068
0.067
0.065
0.064
0.062
0.059
0.057
0.056
0.055
0.054
0.054
0.054
0.054
0.052
0.05
0.047
0.044
0.041
0.038
0.035
0.032
0.028
0.024
0.021
0.019
0.017
0.016
0.014
0.012
0.01
0.008
0.005
0.001
-0.002
-0.006
-0.011
-0.016
-0.022
-0.029
-0.042
-0.066
-0.082
-0.092
-0.099
-0.106
-0.114
-0.123
-0.131
-0.139
-0.145
-0.151
-0.156
-0.16
-0.164
-0.167
-0.17
-0.172
-0.175
-0.179
-0.182
-0.185
-0.186
-0.186
-0.181
-0.172
-0.162
-0.151
-0.141
-0.129
-0.115
-0.103
-0.094
-0.086
-0.079
-0.073
-0.067
-0.062
-0.056
-0.05
-0.044
-0.037
-0.03
-0.022
-0.014
-0.006
0.001
0.008
0.014
0.019
0.024
0.028
0.032
0.034
0.034
0.034
0.035
0.036
0.037
0.038
0.039
0.04
0.041
0.042
0.043
0.043
0.043
0.042
0.041
0.039
0.037
0.035
0.033
0.031
0.03
0.029
0.028
0.028
0.028
0.028
0.029
0.031
0.032
0.032
0.032
0.031
0.03
0.03
0.029
0.029
0.029
0.029
0.03
0.032
0.035
0.038
0.04
0.041
0.041
0.042
0.042
0.042
0.042
0.041
0.04
0.038
0.036
0.036
0.036
0.037
0.037
0.036
0.034
0.032
0.031
0.03
0.029
0.028
0.026
0.024
0.022
0.021
0.022
0.022
0.023
0.023
0.024
0.027
0.029
0.033
0.036
0.038
0.038
0.037
0.035
0.033
0.03
0.026
0.024
0.025
0.029
0.033
0.038
0.043
0.048
0.053
0.055
0.052
0.044
0.035
0.027
0.023
0.019
0.014
0.008
0.003
-0.001
-0.005
-0.009
-0.012
-0.015
-0.017
-0.019
-0.021
-0.021
-0.022
-0.021
-0.021
-0.02
-0.018
-0.017
-0.015
-0.014
-0.013
-0.011
-0.009
-0.006
-0.003
0.0
0.002
0.005
0.009
0.013
0.018
0.024
0.03
0.036
0.042
0.048
0.054
0.062
0.071
0.087
0.1
0.107
0.114
0.121
0.129
0.133
0.124
0.099
0.028
-0.076
-0.218
-0.387
-0.563
-0.728
-0.864
-0.941
-0.946
-0.889
-0.719
-0.474
-0.201
0.04
0.211
0.273
0.294
0.301
0.294
0.281
0.267
0.248
0.23
0.206
0.174
0.142
0.11
0.097
0.091
0.087
0.085
0.083
0.081
0.079
0.077
0.075
0.072
0.069
0.066
0.063
0.062
0.061
0.06
0.06
0.059
0.057
0.054
0.052
0.049
0.047
0.044
0.042
0.04
0.037
0.035
0.033
0.032
0.031
0.029
0.028
0.027
0.026
0.025
0.024
0.022
0.02
0.016
0.013
0.01
0.007
0.002
-0.005
-0.016
-0.026
-0.036
-0.047
-0.059
-0.074
-0.092
-0.111
-0.125
-0.136
-0.145
-0.152
-0.155
-0.157
-0.158
-0.16
-0.162
-0.163
-0.165
-0.167
-0.169
-0.17
-0.171
-0.17
-0.168
-0.165
-0.16
-0.154
-0.149
-0.142
-0.133
-0.121
-0.108
-0.094
-0.079
-0.062
-0.046
-0.029
-0.014
0.0
0.011
0.023
0.032
0.038
0.043
0.047
0.051
0.055
0.059
0.062
0.063
0.063
0.063
0.062
0.059
0.056
0.051
0.047
0.041
0.036
0.031
0.027
0.023
0.018
0.013
0.008
0.003
-0.001
-0.004
-0.006
-0.008
-0.009
-0.009
-0.008
-0.006
-0.004
-0.001
0.0
0.001
0.003
0.004
0.007
0.009
0.012
0.014
0.016
0.019
0.02
0.022
0.023
0.024
0.025
0.026
0.027
0.027
0.027
0.027
0.027
0.028
0.03
0.031
0.032
0.033
0.035
0.037
0.039
0.041
0.041
0.041
0.041
0.04
0.041
0.042
0.043
0.044
0.046
0.052
0.057
0.053
0.043
0.036
0.028
0.021
0.018
0.022
0.031
0.04
0.047
0.055
0.063
0.068
0.069
0.065
0.059
0.054
0.051
0.05
0.048
0.046
0.044
0.041
0.039
0.038
0.036
0.035
0.035
0.034
0.034
0.034
0.034
0.034
0.033
0.031
0.03
0.029
0.028
0.027
0.024
0.022
0.019
0.016
0.013
0.01
0.007
0.002
-0.005
-0.023
-0.033
-0.038
-0.042
-0.046
-0.049
-0.051
-0.052
-0.048
-0.039
-0.029
-0.018
-0.008
0.003
0.016
0.024
0.029
0.033
0.038
0.042
0.046
0.05
0.053
0.055
0.054
0.052
0.05
0.049
0.045
0.04
0.066
0.093
0.114
0.123
0.118
0.104
0.065
-0.016
-0.134
-0.285
-0.454
-0.621
-0.768
-0.879
-0.934
-0.932
-0.863
-0.706
-0.48
-0.217
0.033
0.234
0.354
0.393
0.376
0.348
0.314
0.276
0.236
0.202
0.178
0.158
0.143
0.13
0.118
0.105
0.097
0.093
0.089
0.086
0.083
0.08
0.077
0.074
0.07
0.065
0.062
0.058
0.056
0.054
0.053
0.052
0.051
0.05
0.048
0.046
0.045
0.042
0.04
0.038
0.037
0.035
0.034
0.033
0.031
0.03
0.028
0.026
0.025
0.023
0.021
0.019
0.016
0.013
0.009
0.005
0.0
-0.007
-0.023
-0.039
-0.051
-0.062
-0.074
-0.085
-0.096
-0.108
-0.12
-0.128
-0.135
-0.14
-0.145
-0.15
-0.156
-0.162
-0.168
-0.173
-0.178
-0.183
-0.189
-0.196
-0.202
-0.205
-0.205
-0.202
-0.195
-0.186
-0.176
-0.161
-0.136
-0.118
-0.101
-0.082
-0.061
-0.039
-0.019
-0.008
-0.002
0.002
0.006
0.008
0.01
0.011
0.014
0.016
0.019
0.022
0.024
0.025
0.026
0.027
0.029
0.031
0.033
0.034
0.034
0.035
0.036
0.038
0.039
0.04
0.04
0.04
0.04
0.041
0.043
0.043
0.044
0.043
0.043
0.042
0.042
0.042
0.041
0.039
0.038
0.037
0.037
0.038
0.039
0.04
0.04
0.04
0.04
0.039
0.038
0.036
0.034
0.032
0.031
0.03
0.03
0.03
0.031
0.032
0.034
0.035
0.035
0.033
0.029
0.026
0.025
0.028
0.032
0.035
0.035
0.036
0.038
0.04
0.043
0.045
0.047
0.049
0.05
0.05
0.051
0.051
0.051
0.05
0.049
0.048
0.048
0.047
0.047
0.046
0.045
0.044
0.043
0.042
0.041
0.04
0.038
0.037
0.036
0.034
0.033
0.032
0.031
0.03
0.028
0.026
0.024
0.022
0.02
0.019
0.018
0.017
0.015
0.014
0.014
0.013
0.013
0.012
0.011
0.009
0.008
0.006
0.004
0.003
0.0
-0.002
-0.005
-0.008
-0.012
-0.019
-0.036
-0.057
-0.07
-0.08
-0.087
-0.093
-0.095
-0.092
-0.084
-0.073
-0.061
-0.052
-0.041
-0.031
-0.022
-0.016
-0.012
-0.01
-0.007
-0.004
-0.001
0.001
0.003
0.005
0.007
0.009
0.012
0.015
0.019
0.024
0.03
0.039
0.06
0.092
0.11
0.122
0.121
0.108
0.073
-0.001
-0.11
-0.246
-0.404
-0.577
-0.752
-0.903
-0.992
-0.995
-0.923
-0.717
-0.442
-0.168
0.052
0.196
0.249
0.266
0.275
0.277
0.275
0.27
0.261
0.232
0.176
0.123
0.089
0.075
0.07
0.065
0.062
0.059
0.056
0.053
0.051
0.051
0.051
0.051
0.051
0.051
0.052
0.052
0.052
0.051
0.05
0.049
0.048
0.046
0.045
0.045
0.044
0.044
0.044
0.043
0.042
0.041
0.038
0.035
0.031
0.024
0.017
0.009
0.002
-0.004
-0.012
-0.019
-0.025
-0.031
-0.036
-0.041
-0.045
-0.049
-0.053
-0.057
-0.06
-0.064
-0.069
-0.074
-0.08
-0.089
-0.1
-0.112
-0.127
-0.143
-0.154
-0.159
-0.162
-0.166
-0.169
-0.172
-0.174
-0.176
-0.177
-0.177
-0.177
-0.177
-0.175
-0.173
-0.17
-0.167
-0.162
-0.158
-0.153
-0.143
-0.113
-0.09
-0.077
-0.066
-0.055
-0.046
-0.037
-0.03
-0.023
-0.015
-0.005
0.004
0.013
0.019
0.023
0.027
0.032
0.036
0.04
0.043
0.046
0.047
0.048
0.049
0.049
0.05
0.05
0.048
0.047
0.046
0.044
0.044
0.043
0.044
0.044
0.045
0.044
0.043
0.042
0.041
0.039
0.037
0.035
0.032
0.031
0.03
0.03
0.031
0.032
0.033
0.035
0.038
0.04
0.043
0.045
0.046
0.047
0.048
0.048
0.049
0.048
0.048
0.047
0.047
0.048
0.05
0.052
0.052
0.049
0.044
0.039
0.036
0.033
0.029
0.025
0.022
0.02
0.021
0.023
0.026
0.029
0.032
0.035
0.04
0.045
0.049
0.051
0.049
0.046
0.041
0.038
0.036
0.035
0.034
0.032
0.03
0.029
0.028
0.027
0.026
0.024
0.022
0.021
0.02
0.02
0.02
0.02
0.02
0.02
0.019
0.018
0.018
0.016
0.01
0.006
0.011
0.023
0.031
0.039
0.045
0.049
0.049
0.043
0.036
0.028
0.02
0.01
0.001
-0.006
-0.011
-0.017
-0.024
-0.034
-0.043
-0.05
-0.055
-0.06
-0.063
-0.064
-0.061
-0.055
-0.046
-0.03
-0.007
0.0
0.003
0.004
0.005
0.006
0.007
0.008
0.009
0.011
0.013
0.015
0.016
0.018
0.019
0.02
0.021
0.023
0.025
0.029
0.038
0.057
0.072
0.084
0.095
0.101
0.097
0.087
0.058
-0.001
-0.088
-0.205
-0.35
-0.517
-0.691
-0.85
-0.96
-0.974
-0.94
-0.782
-0.55
-0.293
-0.062
0.108
0.211
0.256
0.27
0.278
0.28
0.278
0.269
0.255
0.232
0.199
0.171
0.144
0.12
0.09
0.075
0.07
0.065
0.06
0.056
0.053
0.051
0.05
0.049
0.048
0.046
0.045
0.044
0.043
0.043
0.043
0.043
0.043
0.043
0.042
0.04
0.039
0.038
0.037
0.036
0.033
0.03
0.026
0.021
0.016
0.012
0.009
0.006
0.004
0.002
0.0
-0.003
-0.006
-0.009
-0.014
-0.018
-0.024
-0.033
-0.052
-0.072
-0.086
-0.095
-0.102
-0.108
-0.113
-0.117
-0.121
-0.125
-0.128
-0.131
-0.134
-0.137
-0.14
-0.144
-0.149
-0.154
-0.16
-0.167
-0.178
-0.196
-0.203
-0.205
-0.208
-0.212
-0.202
-0.184
-0.164
-0.144
-0.123
-0.104
-0.089
-0.069
-0.053
-0.041
-0.03
-0.02
-0.011
-0.004
0.001
0.006
0.012
0.017
0.022
0.027
0.031
0.033
0.036
0.04
0.043
0.047
0.048
0.049
0.049
0.049
0.049
0.05
0.05
0.049
0.048
0.046
0.046
0.046
0.045
0.044
0.042
0.041
0.039
0.038
0.037
0.036
0.034
0.031
0.028
0.026
0.025
0.022
0.018
0.013
0.01
0.011
0.016
0.024
0.031
0.037
0.044
0.05
0.054
0.056
0.057
0.057
0.058
0.058
0.058
0.057
0.048
0.044
0.041
0.039
0.036
0.034
0.031
0.03
0.028
0.026
0.024
0.023
0.021
0.02
0.02
0.019
0.018
0.016
0.014
0.013
0.013
0.016
0.022
0.028
0.033
0.036
0.04
0.044
0.049
0.053
0.056
0.058
0.059
0.06
0.061
0.061
0.059
0.056
0.053
0.05
0.047
0.044
0.041
0.038
0.036
0.033
0.031
0.029
0.027
0.026
0.025
0.024
0.023
0.022
0.022
0.02
0.019
0.018
0.016
0.016
0.015
0.014
0.014
0.013
0.012
0.01
0.009
0.007
0.005
0.002
-0.001
-0.005
-0.009
-0.013
-0.017
-0.02
-0.024
-0.027
-0.03
-0.034
-0.041
-0.046
-0.045
-0.038
-0.028
-0.011
0.015
0.029
0.035
0.039
0.042
0.046
0.049
0.054
0.059
0.062
0.067
0.072
0.08
0.099
0.126
0.139
0.148
0.151
0.146
0.134
0.099
0.03
-0.07
-0.203
-0.357
-0.523
-0.687
-0.828
-0.911
-0.917
-0.861
-0.711
-0.506
-0.272
-0.039
0.154
0.292
0.338
0.353
0.336
0.314
0.296
0.282
0.247
0.195
0.137
0.105
0.097
0.092
0.088
0.085
0.083
0.081
0.077
0.074
0.071
0.068
0.065
0.064
0.063
0.063
0.061
0.059
0.058
0.057
0.056
0.055
0.054
0.053
0.051
0.05
0.049
0.047
0.046
0.043
0.041
0.038
0.037
0.035
0.033
0.028
0.022
0.017
0.013
0.011
0.008
0.006
0.003
0.0
-0.003
-0.006
-0.01
-0.014
-0.019
-0.026
-0.037
-0.054
-0.072
-0.091
-0.108
-0.119
-0.125
-0.129
-0.132
-0.135
-0.139
-0.143
-0.148
-0.155
-0.162
-0.168
-0.174
-0.181
-0.188
-0.194
-0.198
-0.198
-0.196
-0.191
-0.185
-0.177
-0.161
-0.134
-0.121
-0.114
-0.107
-0.098
-0.088
-0.077
-0.063
-0.047
-0.033
-0.023
-0.008
0.018
0.031
0.036
0.041
0.045
0.047
0.049
0.051
0.053
0.054
0.055
0.055
0.055
0.054
0.053
0.052
0.051
0.049
0.046
0.045
0.044
0.044
0.043
0.043
0.043
0.042
0.042
0.042
0.043
0.043
0.043
0.043
0.043
0.043
0.044
0.045
0.045
0.046
0.046
0.046
0.047
0.048
0.048
0.048
0.049
0.05
0.051
0.052
0.052
0.053
0.054
0.055
0.055
0.056
0.058
0.059
0.059
0.062
0.066
0.067
0.064
0.055
0.047
0.04
0.032
0.025
0.02
0.02
0.025
0.031
0.039
0.045
0.052
0.059
0.063
0.062
0.057
0.051
0.045
0.043
0.042
0.041
0.04
0.039
0.037
0.035
0.034
0.033
0.032
0.03
0.029
0.027
0.027
0.026
0.027
0.028
0.03
0.031
0.032
0.032
0.032
0.031
0.031
0.03
0.028
0.026
0.024
0.022
0.02
0.017
0.012
0.007
0.002
-0.003
-0.007
-0.012
-0.018
-0.025
-0.032
-0.037
-0.041
-0.043
-0.045
-0.048
-0.05
-0.052
-0.054
-0.056
-0.057
-0.059
-0.06
-0.06
-0.058
-0.052
-0.045
-0.038
-0.03
-0.023
-0.011
-0.001
0.005
0.008
0.011
0.014
0.019
0.023
0.024
0.023
0.02
0.017
0.013
0.01
0.01
0.018
0.031
0.052
0.079
0.095
0.107
0.106
0.091
0.049
-0.029
-0.141
-0.287
-0.454
-0.63
-0.792
-0.918
-0.968
-0.958
-0.861
-0.666
-0.423
-0.179
0.026
0.175
0.268
0.299
0.309
0.311
0.305
0.293
0.275
0.249
0.207
0.159
0.108
0.078
0.066
0.061
0.058
0.055
0.053
0.052
0.052
0.051
0.051
0.051
0.051
0.05
0.051
0.051
0.052
0.052
0.051
0.05
0.049
0.048
0.047
0.045
0.043
0.041
0.039
0.036
0.033
0.03
0.025
0.013
0.003
0.0
-0.003
-0.005
-0.007
-0.009
-0.01
-0.011
-0.012
-0.013
-0.014
-0.016
-0.018
-0.021
-0.023
-0.026
-0.03
-0.036
-0.048
-0.062
-0.079
-0.098
-0.12
-0.142
-0.154
-0.161
-0.168
-0.173
-0.176
-0.179
-0.181
-0.182
-0.184
-0.186
-0.187
-0.189
-0.192
-0.197
-0.2
-0.195
-0.184
-0.176
-0.167
-0.157
-0.146
-0.133
-0.109
-0.079
-0.059
-0.043
-0.029
-0.015
-0.003
0.005
0.008
0.009
0.011
0.012
0.013
0.014
0.015
0.016
0.018
0.019
0.021
0.022
0.022
0.021
0.021
0.021
0.021
0.022
0.022
0.023
0.024
0.026
0.028
0.031
0.033
0.035
0.036
0.036
0.036
0.036
0.035
0.035
0.035
0.036
0.038
0.04
0.041
0.039
0.037
0.036
0.035
0.034
0.033
0.032
0.031
0.03
0.03
0.03
0.031
0.032
0.034
0.037
0.041
0.044
0.046
0.047
0.049
0.052
0.054
0.056
0.056
0.056
0.053
0.05
0.046
0.042
0.037
0.027
0.022
0.027
0.037
0.043
0.047
0.052
0.055
0.058
0.06
0.061
0.061
0.061
0.058
0.056
0.054
0.053
0.052
0.051
0.05
0.05
0.048
0.047
0.046
0.045
0.045
0.044
0.043
0.043
0.042
0.04
0.038
0.036
0.033
0.032
0.031
0.03
0.029
0.027
0.026
0.024
0.022
0.019
0.016
0.012
0.007
0.004
0.001
-0.001
-0.003
-0.005
-0.008
-0.01
-0.012
-0.015
-0.018
-0.02
-0.023
-0.025
-0.025
-0.023
-0.019
-0.015
-0.011
-0.008
-0.005
-0.002
0.0
0.002
0.004
0.005
0.006
0.008
0.01
0.012
0.014
0.015
0.016
0.018
0.02
0.021
0.023
0.026
0.029
0.033
0.042
0.052
0.063
0.081
0.1
0.112
0.12
0.109
0.073
0.012
-0.08
-0.211
-0.379
-0.569
-0.754
-0.903
-0.972
-0.971
-0.895
-0.724
-0.504
-0.268
-0.057
0.099
0.209
0.276
0.297
0.306
0.313
0.303
0.273
0.234
0.19
0.14
0.09
0.05
0.036
0.029
0.028
0.033
0.04
0.043
0.046
0.049
0.051
0.053
0.054
0.054
0.054
0.054
0.052
0.049
0.047
0.044
0.041
0.038
0.035
0.032
0.03
0.027
0.025
0.022
0.019
0.016
0.013
0.01
0.008
0.005
0.002
0.0
-0.006
-0.011
-0.017
-0.022
-0.029
-0.036
-0.043
-0.051
-0.058
-0.065
-0.071
-0.075
-0.079
-0.082
-0.085
-0.088
-0.091
-0.095
-0.099
-0.104
-0.109
-0.114
-0.119
-0.127
-0.138
-0.149
-0.157
-0.164
-0.17
-0.175
-0.181
-0.184
-0.185
-0.183
-0.179
-0.172
-0.164
-0.151
-0.135
-0.12
-0.107
-0.095
-0.083
-0.075
-0.069
-0.065
-0.061
-0.057
-0.053
-0.049
-0.046
-0.042
-0.036
-0.028
-0.017
-0.004
0.011
0.028
0.037
0.04
0.042
0.044
0.045
0.046
0.047
0.047
0.048
0.048
0.048
0.049
0.05
0.05
0.051
0.051
0.052
0.052
0.053
0.053
0.052
0.051
0.05
0.049
0.047
0.046
0.045
0.044
0.043
0.042
0.041
0.04
0.04
0.039
0.037
0.033
0.029
0.026
0.024
0.025
0.027
0.03
0.033
0.036
0.039
0.044
0.048
0.052
0.055
0.056
0.058
0.059
0.06
0.061
0.062
0.062
0.062
0.063
0.064
0.066
0.067
0.067
0.064
0.059
0.054
0.05
0.046
0.043
0.039
0.035
0.032
0.03
0.028
0.027
0.026
0.025
0.023
0.02
0.018
0.013
0.005
0.02
0.03
0.036
0.042
0.046
0.049
0.049
0.044
0.038
0.031
0.025
0.022
0.019
0.015
0.012
0.009
0.007
0.005
0.004
0.002
0.0
-0.002
-0.004
-0.005
-0.004
-0.005
-0.005
-0.006
-0.008
-0.01
-0.011
-0.013
-0.017
-0.028
-0.043
-0.055
-0.065
-0.072
-0.074
-0.076
-0.079
-0.083
-0.069
-0.058
-0.05
-0.044
-0.038
-0.033
-0.027
-0.015
0.001
0.008
0.011
0.013
0.014
0.016
0.017
0.02
0.023
0.025
0.028
0.031
0.036
0.042
0.057
0.082
0.096
0.106
0.106
0.098
0.079
0.029
-0.053
-0.169
-0.317
-0.48
-0.643
-0.795
-0.918
-0.97
-0.961
-0.861
-0.664
-0.418
-0.163
0.066
0.243
0.351
0.371
0.365
0.317
0.274
0.233
0.189
0.165
0.149
0.139
0.13
0.12
0.114
0.109
0.106
0.103
0.1
0.096
0.091
0.087
0.083
0.079
0.075
0.07
0.066
0.062
0.058
0.054
0.051
0.047
0.043
0.039
0.036
0.033
0.032
0.03
0.029
0.027
0.025
0.024
0.023
0.022
0.02
0.018
0.016
0.014
0.012
0.012
0.011
0.01
0.009
0.007
0.004
0.001
-0.003
-0.011
-0.028
-0.037
-0.048
-0.065
-0.084
-0.104
-0.115
-0.12
-0.124
-0.127
-0.13
-0.133
-0.137
-0.14
-0.143
-0.147
-0.152
-0.16
-0.175
-0.187
-0.196
-0.204
-0.209
-0.209
-0.201
-0.188
-0.172
-0.151
-0.133
-0.114
-0.095
-0.077
-0.065
-0.058
-0.052
-0.047
-0.041
-0.036
-0.032
-0.026
-0.019
-0.01
-0.001
0.006
0.014
0.021
0.027
0.034
0.039
0.044
0.046
0.048
0.05
0.051
0.053
0.054
0.056
0.057
0.058
0.058
0.057
0.056
0.055
0.054
0.052
0.051
0.05
0.048
0.047
0.047
0.047
0.047
0.047
0.047
0.046
0.045
0.043
0.042
0.041
0.04
0.039
0.037
0.037
0.038
0.039
0.039
0.038
0.037
0.034
0.032
0.031
0.034
0.038
0.043
0.048
0.055
0.062
0.063
0.06
0.054
0.051
0.046
0.042
0.039
0.038
0.04
0.042
0.044
0.046
0.049
0.05
0.052
0.054
0.056
0.057
0.058
0.058
0.057
0.054
0.05
0.046
0.042
0.038
0.034
0.032
0.031
0.031
0.031
0.031
0.03
0.03
0.029
0.027
0.026
0.025
0.024
0.023
0.023
0.023
0.024
0.024
0.025
0.025
0.025
0.026
0.026
0.025
0.024
0.023
0.022
0.02
0.019
0.018
0.016
0.014
0.012
0.01
0.008
0.006
0.004
0.0
-0.007
-0.017
-0.025
-0.032
-0.038
-0.042
-0.047
-0.052
-0.055
-0.058
-0.058
-0.056
-0.052
-0.048
-0.043
-0.038
-0.031
-0.019
-0.007
0.006
0.029
0.045
0.048
0.051
0.053
0.054
0.053
0.049
0.043
0.037
0.03
0.026
0.031
0.042
0.059
0.083
0.099
0.111
0.111
0.095
0.05
-0.028
-0.148
-0.309
-0.498
-0.696
-0.873
-0.996
-1.04
-0.985
-0.835
-0.606
-0.338
-0.089
0.105
0.231
0.303
0.326
0.333
0.338
0.337
0.328
0.304
0.248
0.185
0.128
0.082
0.043
0.028
0.022
0.016
0.019
0.037
0.052
0.068
0.075
0.076
0.077
0.077
0.076
0.076
0.076
0.076
0.073
0.069
0.062
0.052
0.03
0.018
0.015
0.012
0.01
0.008
0.007
0.005
0.004
0.003
0.002
0.001
-0.001
-0.003
-0.004
-0.005
-0.005
-0.005
-0.005
-0.006
-0.008
-0.01
-0.013
-0.016
-0.02
-0.026
-0.032
-0.039
-0.047
-0.055
-0.064
-0.08
-0.104
-0.116
-0.127
-0.138
-0.157
-0.173
-0.185
-0.194
-0.199
-0.203
-0.206
-0.209
-0.212
-0.211
-0.202
-0.19
-0.175
-0.154
-0.139
-0.131
-0.126
-0.122
-0.119
-0.115
-0.11
-0.104
-0.099
-0.094
-0.087
-0.077
-0.06
-0.044
-0.027
-0.011
0.005
0.012
0.016
0.02
0.024
0.027
0.03
0.033
0.036
0.038
0.04
0.042
0.044
0.045
0.045
0.046
0.046
0.047
0.049
0.051
0.053
0.054
0.054
0.053
0.051
0.048
0.045
0.041
0.039
0.036
0.033
0.03
0.027
0.025
0.022
0.021
0.021
0.021
0.023
0.025
0.027
0.029
0.032
0.034
0.037
0.039
0.04
0.04
0.039
0.04
0.04
0.041
0.042
0.043
0.043
0.044
0.044
0.043
0.042
0.041
0.039
0.038
0.037
0.036
0.036
0.036
0.036
0.036
0.035
0.035
0.036
0.036
0.037
0.037
0.038
0.038
0.039
0.039
0.041
0.042
0.044
0.045
0.046
0.047
0.048
0.049
0.05
0.052
0.053
0.057
0.06
0.055
0.045
0.042
0.04
0.038
0.037
0.035
0.034
0.033
0.032
0.031
0.029
0.028
0.027
0.027
0.026
0.024
0.023
0.021
0.02
0.019
0.018
0.017
0.015
0.012
0.01
0.008
0.005
0.002
-0.001
-0.005
-0.013
-0.033
-0.04
-0.045
-0.05
-0.053
-0.048
-0.037
-0.026
-0.013
-0.005
0.0
0.005
0.01
0.014
0.014
0.012
0.007
0.002
-0.003
-0.001
0.015
0.028
0.038
0.046
0.054
0.06
0.067
0.077
0.089
0.1
0.11
0.119
0.129
0.134
0.129
0.114
0.071
-0.013
-0.133
-0.287
-0.462
-0.641
-0.807
-0.929
-0.981
-0.94
-0.81
-0.612
-0.371
-0.127
0.071
0.202
0.286
0.324
0.338
0.339
0.331
0.307
0.26
0.193
0.125
0.086
0.071
0.066
0.071
0.082
0.091
0.101
0.108
0.107
0.095
0.083
0.076
0.071
0.067
0.063
0.058
0.053
0.048
0.044
0.041
0.038
0.035
0.032
0.031
0.031
0.031
0.031
0.031
0.031
0.03
0.03
0.029
0.027
0.024
0.021
0.019
0.017
0.017
0.017
0.016
0.014
0.011
0.006
-0.006
-0.016
-0.023
-0.028
-0.034
-0.041
-0.051
-0.06
-0.072
-0.086
-0.099
-0.111
-0.121
-0.13
-0.137
-0.14
-0.14
-0.14
-0.139
-0.137
-0.134
-0.132
-0.138
-0.152
-0.167
-0.184
-0.19
-0.194
-0.198
-0.2
-0.195
-0.184
-0.173
-0.161
-0.148
-0.134
-0.123
-0.112
-0.101
-0.092
-0.083
-0.071
-0.056
-0.032
-0.015
-0.003
0.006
0.012
0.016
0.018
0.02
0.022
0.023
0.024
0.025
0.026
0.026
0.027
0.028
0.029
0.03
0.031
0.031
0.031
0.031
0.03
0.029
0.029
0.028
0.026
0.025
0.024
0.023
0.022
0.021
0.02
0.018
0.014
0.005
0.0
0.007
0.019
0.026
0.033
0.039
0.044
0.047
0.047
0.047
0.045
0.042
0.039
0.037
0.034
0.031
0.028
0.026
0.024
0.022
0.021
0.021
0.022
0.023
0.025
0.027
0.03
0.031
0.032
0.033
0.034
0.035
0.035
0.036
0.037
0.038
0.038
0.039
0.04
0.04
0.04
0.039
0.039
0.039
0.038
0.038
0.037
0.037
0.036
0.036
0.037
0.038
0.038
0.038
0.038
0.038
0.038
0.038
0.038
0.037
0.036
0.035
0.035
0.035
0.035
0.035
0.034
0.033
0.032
0.03
0.03
0.029
0.027
0.025
0.022
0.02
0.018
0.016
0.013
0.011
0.008
0.005
0.003
0.001
0.0
-0.002
-0.005
-0.008
-0.011
-0.013
-0.015
-0.019
-0.023
-0.028
-0.032
-0.035
-0.034
-0.031
-0.025
-0.018
-0.011
-0.004
0.003
0.014
0.025
0.031
0.033
0.034
0.035
0.037
0.039
0.041
0.044
0.045
0.047
0.05
0.055
0.063
0.072
0.082
0.094
0.115
0.125
0.119
0.102
0.056
-0.04
-0.171
-0.327
-0.497
-0.67
-0.823
-0.932
-0.949
-0.927
-0.787
-0.57
-0.311
-0.069
0.116
0.244
0.315
0.338
0.339
0.34
0.342
0.325
0.27
0.217
0.179
0.146
0.125
0.11
0.099
0.091
0.085
0.08
0.077
0.074
0.071
0.067
0.064
0.061
0.058
0.055
0.053
0.051
0.049
0.047
0.046
0.044
0.043
0.043
0.042
0.042
0.042
0.041
0.04
0.04
0.039
0.039
0.038
0.037
0.036
0.035
0.033
0.033
0.033
0.032
0.029
0.025
0.019
0.009
-0.001
-0.01
-0.02
-0.03
-0.041
-0.052
-0.062
-0.071
-0.079
-0.089
-0.098
-0.106
-0.112
-0.117
-0.124
-0.131
-0.139
-0.147
-0.155
-0.161
-0.165
-0.169
-0.174
-0.179
-0.183
-0.184
-0.183
-0.18
-0.176
-0.172
-0.168
-0.163
-0.155
-0.145
-0.133
-0.119
-0.101
-0.079
-0.064
-0.049
-0.034
-0.017
-0.008
-0.001
0.003
0.008
0.011
0.012
0.012
0.012
0.011
0.011
0.01
0.008
0.006
0.012
0.023
0.032
0.039
0.046
0.049
0.049
0.045
0.04
0.035
0.03
0.025
0.019
0.014
0.013
0.016
0.021
0.027
0.033
0.036
0.04
0.044
0.049
0.052
0.053
0.053
0.052
0.052
0.052
0.052
0.051
0.05
0.049
0.048
0.047
0.046
0.045
0.044
0.043
0.042
0.042
0.042
0.043
0.044
0.045
0.046
0.047
0.049
0.05
0.052
0.052
0.052
0.052
0.052
0.052
0.052
0.052
0.052
0.052
0.052
0.054
0.056
0.057
0.054
0.048
0.044
0.041
0.039
0.037
0.035
0.032
0.031
0.029
0.029
0.029
0.029
0.03
0.031
0.032
0.033
0.034
0.034
0.034
0.034
0.033
0.033
0.032
0.03
0.029
0.028
0.027
0.026
0.025
0.023
0.022
0.02
0.018
0.015
0.012
0.009
0.006
0.003
0.0
-0.003
-0.007
-0.011
-0.015
-0.018
-0.02
-0.023
-0.026
-0.028
-0.031
-0.034
-0.037
-0.043
-0.05
-0.054
-0.057
-0.057
-0.059
-0.063
-0.068
-0.049
-0.029
-0.014
-0.003
0.003
0.017
0.033
0.043
0.051
0.05
0.035
0.025
0.017
0.011
0.006
0.004
0.006
0.013
0.022
0.035
0.06
0.093
0.109
0.121
0.12
0.11
0.079
0.015
-0.078
-0.203
-0.358
-0.532
-0.709
-0.869
-0.972
-0.982
-0.934
-0.777
-0.551
-0.289
-0.044
0.147
0.25
0.286
0.294
0.301
0.309
0.309
0.291
0.241
0.178
0.117
0.087
0.082
0.077
0.074
0.072
0.07
0.069
0.067
0.067
0.067
0.066
0.063
0.061
0.059
0.058
0.057
0.055
0.053
0.051
0.049
0.047
0.046
0.045
0.044
0.043
0.041
0.038
0.035
0.032
0.028
0.024
0.021
0.017
0.013
0.01
0.007
0.003
0.0
-0.004
-0.012
-0.022
-0.029
-0.034
-0.038
-0.042
-0.046
-0.049
-0.054
-0.058
-0.062
-0.067
-0.073
-0.08
-0.089
-0.103
-0.118
-0.133
-0.141
-0.147
-0.152
-0.157
-0.162
-0.165
-0.168
-0.17
-0.17
-0.171
-0.173
-0.174
-0.175
-0.177
-0.181
-0.184
-0.183
-0.175
-0.164
-0.153
-0.14
-0.128
-0.118
-0.1
-0.072
-0.053
-0.043
-0.036
-0.029
-0.021
-0.014
-0.007
0.0
0.005
0.011
0.015
0.017
0.018
0.019
0.021
0.023
0.025
0.028
0.028
0.026
0.023
0.021
0.02
0.018
0.017
0.016
0.015
0.015
0.014
0.014
0.016
0.018
0.021
0.024
0.027
0.028
0.029
0.03
0.031
0.032
0.034
0.035
0.035
0.036
0.036
0.037
0.037
0.038
0.038
0.037
0.036
0.036
0.036
0.036
0.036
0.036
0.036
0.037
0.037
0.038
0.038
0.038
0.038
0.038
0.038
0.039
0.039
0.039
0.039
0.039
0.039
0.04
0.041
0.041
0.041
0.042
0.042
0.042
0.042
0.042
0.042
0.042
0.041
0.041
0.04
0.04
0.039
0.038
0.038
0.037
0.037
0.037
0.036
0.036
0.036
0.036
0.036
0.037
0.037
0.037
0.037
0.036
0.037
0.037
0.037
0.038
0.038
0.038
0.038
0.037
0.037
0.037
0.038
0.038
0.038
0.037
0.037
0.036
0.034
0.033
0.031
0.028
0.025
0.021
0.016
0.011
0.004
-0.004
-0.019
-0.03
-0.038
-0.045
-0.052
-0.057
-0.057
-0.05
-0.038
-0.025
-0.009
0.003
0.014
0.02
0.024
0.027
0.03
0.033
0.035
0.038
0.04
0.044
0.047
0.049
0.051
0.054
0.057
0.062
0.068
0.08
0.1
0.106
0.111
0.116
0.114
0.102
0.067
0.007
-0.084
-0.202
-0.341
-0.496
-0.651
-0.798
-0.916
-0.945
-0.925
-0.79
-0.566
-0.313
-0.072
0.127
0.264
0.314
0.332
0.331
0.313
0.288
0.259
0.236
0.209
0.18
0.145
0.118
0.101
0.09
0.085
0.082
0.079
0.077
0.074
0.071
0.068
0.064
0.06
0.056
0.054
0.053
0.052
0.052
0.051
0.05
0.049
0.046
0.043
0.04
0.038
0.037
0.035
0.033
0.032
0.031
0.03
0.029
0.027
0.024
0.021
0.017
0.013
0.009
0.005
0.0
-0.003
-0.007
-0.012
-0.016
-0.02
-0.025
-0.032
-0.039
-0.048
-0.057
-0.067
-0.078
-0.09
-0.106
-0.119
-0.129
-0.137
-0.145
-0.154
-0.162
-0.167
-0.17
-0.174
-0.177
-0.179
-0.181
-0.182
-0.182
-0.18
-0.176
-0.171
-0.166
-0.161
-0.154
-0.147
-0.141
-0.135
-0.129
-0.119
-0.106
-0.093
-0.084
-0.077
-0.072
-0.065
-0.058
-0.051
-0.043
-0.032
-0.02
-0.005
0.0
0.004
0.008
0.011
0.013
0.016
0.018
0.02
0.021
0.022
0.023
0.024
0.025
0.026
0.026
0.026
0.025
0.025
0.024
0.023
0.023
0.022
0.023
0.024
0.025
0.026
0.027
0.028
0.028
0.03
0.031
0.032
0.034
0.034
0.035
0.035
0.036
0.038
0.039
0.039
0.038
0.037
0.035
0.035
0.034
0.032
0.03
0.027
0.026
0.026
0.029
0.034
0.039
0.043
0.046
0.049
0.054
0.059
0.062
0.065
0.066
0.066
0.066
0.065
0.064
0.063
0.062
0.059
0.057
0.056
0.056
0.056
0.055
0.055
0.054
0.053
0.053
0.052
0.052
0.05
0.049
0.047
0.046
0.045
0.045
0.045
0.046
0.046
0.047
0.047
0.048
0.049
0.048
0.047
0.045
0.044
0.043
0.043
0.045
0.047
0.05
0.053
0.058
0.063
0.062
0.053
0.042
0.034
0.028
0.021
0.015
0.01
0.005
0.002
0.0
-0.002
-0.005
-0.008
-0.012
-0.018
-0.026
-0.035
-0.043
-0.052
-0.06
-0.06
-0.054
-0.045
-0.036
-0.026
-0.013
0.0
0.011
0.02
0.029
0.036
0.041
0.044
0.047
0.049
0.051
0.053
0.056
0.058
0.061
0.063
0.065
0.069
0.073
0.079
0.089
0.105
0.11
0.116
0.112
0.077
0.014
-0.078
-0.208
-0.376
-0.57
-0.764
-0.927
-1.023
-1.03
-0.964
-0.782
-0.534
-0.253
0.006
0.196
0.307
0.341
0.351
0.338
0.316
0.294
0.26
0.221
0.182
0.143
0.105
0.085
0.074
0.066
0.061
0.059
0.061
0.067
0.074
0.08
0.089
0.094
0.087
0.075
0.065
0.056
0.048
0.041
0.035
0.028
0.02
0.016
0.019
0.024
0.026
0.028
0.03
0.032
0.034
0.035
0.036
0.036
0.037
0.037
0.037
0.035
0.033
0.031
0.027
0.024
0.017
0.0
-0.018
-0.038
-0.05
-0.056
-0.062
-0.068
-0.075
-0.081
-0.088
-0.095
-0.102
-0.108
-0.115
-0.121
-0.127
-0.132
-0.137
-0.142
-0.147
-0.153
-0.157
-0.161
-0.165
-0.169
-0.172
-0.175
-0.177
-0.177
-0.176
-0.175
-0.173
-0.169
-0.165
-0.159
-0.151
-0.134
-0.116
-0.102
-0.092
-0.083
-0.074
-0.065
-0.054
-0.038
-0.022
-0.01
-0.003
0.003
0.011
0.018
0.024
0.029
0.035
0.04
0.045
0.049
0.053
0.056
0.058
0.059
0.061
0.063
0.065
0.065
0.064
0.064
0.063
0.062
0.062
0.062
0.062
0.061
0.061
0.06
0.06
0.058
0.056
0.054
0.052
0.049
0.047
0.044
0.042
0.039
0.037
0.035
0.033
0.03
0.027
0.023
0.019
0.018
0.019
0.022
0.026
0.03
0.035
0.039
0.045
0.051
0.056
0.059
0.06
0.057
0.053
0.047
0.041
0.033
0.022
0.013
0.012
0.017
0.025
0.039
0.056
0.063
0.067
0.07
0.073
0.074
0.072
0.067
0.061
0.053
0.043
0.026
0.022
0.023
0.025
0.027
0.029
0.025
0.015
0.007
0.0
-0.005
-0.007
-0.004
0.0
0.004
0.006
0.009
0.011
0.014
0.016
0.017
0.016
0.015
0.014
0.012
0.01
0.008
0.006
0.004
0.0
-0.002
-0.004
-0.006
-0.007
-0.008
-0.007
-0.005
-0.003
0.0
0.004
0.007
0.0
-0.014
-0.022
-0.028
-0.033
-0.038
-0.042
-0.045
-0.047
-0.048
-0.048
-0.047
-0.044
-0.04
-0.036
-0.032
-0.028
-0.024
-0.019
-0.014
-0.009
-0.003
0.002
0.007
0.011
0.015
0.019
0.022
0.025
0.028
0.03
0.033
0.038
0.048
0.068
0.09
0.105
0.117
0.114
0.078
0.002
-0.107
-0.251
-0.422
-0.608
-0.788
-0.935
-1.001
-0.996
-0.902
-0.713
-0.485
-0.251
-0.037
0.132
0.243
0.293
0.31
0.318
0.319
0.316
0.307
0.28
0.242
0.191
0.139
0.109
0.085
0.07
0.057
0.046
0.041
0.036
0.033
0.03
0.026
0.024
0.022
0.021
0.021
0.022
0.024
0.025
0.025
0.026
0.027
0.028
0.029
0.03
0.032
0.034
0.038
0.041
0.043
0.042
0.037
0.031
0.025
0.02
0.016
0.012
0.007
0.001
-0.003
-0.008
-0.012
-0.016
-0.021
-0.027
-0.034
-0.042
-0.049
-0.058
-0.068
-0.08
-0.091
-0.101
-0.111
-0.12
-0.128
-0.134
-0.139
-0.144
-0.148
-0.152
-0.158
-0.168
-0.177
-0.186
-0.196
-0.204
-0.208
-0.206
-0.2
-0.192
-0.184
-0.173
-0.162
-0.15
-0.141
-0.134
-0.128
-0.122
-0.115
-0.108
-0.101
-0.093
-0.082
-0.066
-0.052
-0.039
-0.028
-0.017
-0.006
0.004
0.013
0.018
0.023
0.027
0.03
0.033
0.035
0.036
0.037
0.036
0.036
0.036
0.036
0.036
0.035
0.035
0.036
0.036
0.036
0.035
0.033
0.03
0.028
0.029
0.031
0.033
0.034
0.035
0.037
0.04
0.043
0.046
0.047
0.047
0.045
0.044
0.042
0.04
0.037
0.035
0.034
0.034
0.035
0.036
0.037
0.038
0.038
0.037
0.036
0.034
0.03
0.023
0.022
0.029
0.032
0.035
0.037
0.039
0.041
0.042
0.044
0.046
0.049
0.052
0.053
0.053
0.053
0.053
0.054
0.054
0.055
0.055
0.056
0.057
0.06
0.062
0.064
0.063
0.059
0.053
0.046
0.04
0.036
0.031
0.027
0.022
0.019
0.017
0.016
0.016
0.017
0.019
0.021
0.024
0.028
0.032
0.037
0.043
0.051
0.059
0.064
0.06
0.052
0.043
0.039
0.035
0.031
0.026
0.022
0.018
0.013
0.008
0.004
0.0
-0.003
-0.007
-0.011
-0.015
-0.018
-0.022
-0.027
-0.031
-0.034
-0.036
-0.036
-0.033
-0.026
-0.019
-0.011
-0.005
0.0
0.004
0.008
0.013
0.017
0.021
0.024
0.028
0.032
0.037
0.041
0.043
0.044
0.046
0.047
0.049
0.051
0.055
0.06
0.074
0.1
0.117
0.128
0.129
0.114
0.075
-0.008
-0.125
-0.272
-0.445
-0.627
-0.791
-0.912
-0.942
-0.923
-0.802
-0.597
-0.353
-0.112
0.088
0.217
0.272
0.3
0.318
0.331
0.332
0.321
0.288
0.231
0.168
0.108
0.086
0.08
0.079
0.079
0.079
0.079
0.078
0.077
0.076
0.074
0.072
0.07
0.068
0.065
0.062
0.059
0.057
0.054
0.051
0.05
0.048
0.047
0.045
0.043
0.041
0.038
0.034
0.03
0.026
0.023
0.02
0.017
0.015
0.013
0.01
0.007
0.004
0.001
-0.005
-0.019
-0.03
-0.036
-0.041
-0.044
-0.047
-0.05
-0.053
-0.055
-0.059
-0.062
-0.067
-0.073
-0.08
-0.089
-0.102
-0.115
-0.128
-0.142
-0.156
-0.168
-0.178
-0.186
-0.194
-0.2
-0.202
-0.198
-0.188
-0.177
-0.167
-0.155
-0.143
-0.133
-0.123
-0.116
-0.111
-0.106
-0.102
-0.099
-0.095
-0.09
-0.086
-0.081
-0.076
-0.071
-0.064
-0.057
-0.046
-0.024
-0.01
-0.001
0.004
0.009
0.013
0.016
0.019
0.023
0.027
0.031
0.034
0.037
0.04
0.043
0.046
0.049
0.053
0.056
0.058
0.06
0.061
0.059
0.056
0.052
0.046
0.04
0.034
0.028
0.019
0.01
0.003
0.002
0.007
0.014
0.022
0.028
0.034
0.041
0.047
0.051
0.053
0.052
0.051
0.049
0.048
0.048
0.048
0.047
0.045
0.043
0.041
0.04
0.039
0.038
0.037
0.036
0.035
0.035
0.036
0.037
0.039
0.04
0.041
0.042
0.044
0.047
0.051
0.054
0.056
0.059
0.061
0.064
0.069
0.075
0.081
0.083
0.082
0.078
0.074
0.068
0.064
0.058
0.05
0.042
0.037
0.034
0.032
0.03
0.028
0.025
0.023
0.021
0.021
0.021
0.022
0.025
0.028
0.032
0.035
0.039
0.043
0.047
0.051
0.054
0.054
0.051
0.044
0.037
0.031
0.027
0.023
0.019
0.015
0.011
0.007
0.004
0.0
-0.004
-0.009
-0.013
-0.017
-0.019
-0.021
-0.022
-0.024
-0.027
-0.03
-0.033
-0.036
-0.038
-0.039
-0.039
-0.037
-0.033
-0.027
-0.021
-0.013
-0.002
0.019
0.034
0.042
0.046
0.051
0.054
0.057
0.061
0.064
0.068
0.071
0.074
0.078
0.082
0.086
0.093
0.106
0.112
0.105
0.089
0.044
-0.041
-0.159
-0.302
-0.465
-0.632
-0.789
-0.914
-0.966
-0.959
-0.875
-0.692
-0.45
-0.191
0.05
0.236
0.327
0.359
0.369
0.362
0.345
0.319
0.283
0.251
0.218
0.182
0.142
0.104
0.078
0.066
0.063
0.061
0.06
0.06
0.06
0.059
0.058
0.057
0.057
0.056
0.056
0.055
0.055
0.054
0.054
0.053
0.053
0.052
0.05
0.049
0.047
0.046
0.045
0.044
0.042
0.039
0.036
0.033
0.03
0.027
0.021
0.014
0.006
-0.001
-0.009
-0.017
-0.023
-0.029
-0.034
-0.039
-0.044
-0.048
-0.052
-0.056
-0.059
-0.063
-0.067
-0.072
-0.081
-0.094
-0.109
-0.124
-0.142
-0.163
-0.181
-0.193
-0.204
-0.212
-0.215
-0.211
-0.202
-0.194
-0.189
-0.186
-0.182
-0.178
-0.174
-0.17
-0.165
-0.161
-0.157
-0.152
-0.145
-0.138
-0.13
-0.116
-0.089
-0.071
-0.058
-0.048
-0.038
-0.024
-0.01
0.0
0.007
0.014
0.021
0.026
0.03
0.033
0.035
0.037
0.038
0.04
0.041
0.042
0.042
0.043
0.043
0.042
0.042
0.043
0.043
0.043
0.043
0.042
0.041
0.041
0.041
0.041
0.041
0.041
0.04
0.04
0.039
0.038
0.037
0.036
0.035
0.033
0.032
0.031
0.031
0.03
0.029
0.029
0.03
0.03
0.03
0.031
0.03
0.026
0.023
0.03
0.042
0.049
0.055
0.06
0.065
0.069
0.071
0.072
0.072
0.07
0.066
0.061
0.057
0.053
0.049
0.044
0.039
0.035
0.032
0.029
0.027
0.027
0.027
0.027
0.027
0.027
0.026
0.025
0.021
0.019
0.023
0.03
0.033
0.034
0.036
0.039
0.042
0.045
0.048
0.05
0.051
0.052
0.051
0.05
0.048
0.046
0.043
0.04
0.037
0.034
0.031
0.028
0.026
0.024
0.022
0.021
0.019
0.018
0.016
0.014
0.012
0.008
0.005
0.002
-0.001
-0.004
-0.007
-0.01
-0.014
-0.018
-0.022
-0.026
-0.03
-0.037
-0.046
-0.053
-0.058
-0.058
-0.056
-0.05
-0.043
-0.033
-0.014
0.013
0.023
0.028
0.032
0.035
0.038
0.039
0.04
0.04
0.04
0.038
0.035
0.033
0.029
0.022
0.011
0.012
0.028
0.047
0.067
0.087
0.106
0.122
0.123
0.111
0.079
-0.002
-0.121
-0.263
-0.417
-0.578
-0.735
-0.873
-0.946
-0.945
-0.864
-0.669
-0.413
-0.163
0.052
0.224
0.314
0.346
0.348
0.332
0.312
0.279
0.24
0.201
0.161
0.123
0.098
0.08
0.073
0.069
0.066
0.064
0.062
0.062
0.065
0.069
0.073
0.077
0.08
0.082
0.08
0.074
0.067
0.062
0.057
0.053
0.049
0.044
0.039
0.034
0.029
0.025
0.022
0.021
0.019
0.017
0.015
0.014
0.012
0.011
0.01
0.007
0.004
0.0
-0.001
-0.002
-0.003
-0.004
-0.006
-0.01
-0.014
-0.019
-0.024
-0.034
-0.045
-0.055
-0.065
-0.075
-0.085
-0.096
-0.105
-0.113
-0.119
-0.125
-0.132
-0.14
-0.152
-0.168
-0.179
-0.187
-0.195
-0.2
-0.203
-0.204
-0.202
-0.199
-0.194
-0.187
-0.179
-0.167
-0.145
-0.121
-0.102
-0.088
-0.077
-0.069
-0.064
-0.059
-0.055
-0.052
-0.049
-0.046
-0.041
-0.034
-0.027
-0.018
-0.009
0.004
0.015
0.022
0.027
0.034
0.042
0.048
0.053
0.057
0.06
0.063
0.065
0.066
0.066
0.064
0.06
0.056
0.052
0.048
0.045
0.042
0.038
0.035
0.032
0.03
0.028
0.026
0.024
0.023
0.022
0.022
0.023
0.025
0.026
0.027
0.028
0.028
0.029
0.029
0.03
0.03
0.031
0.031
0.031
0.032
0.034
0.036
0.038
0.04
0.042
0.043
0.044
0.045
0.046
0.047
0.048
0.048
0.049
0.049
0.052
0.055
0.057
0.058
0.056
0.052
0.046
0.042
0.039
0.037
0.035
0.031
0.028
0.025
0.024
0.023
0.023
0.023
0.024
0.024
0.025
0.027
0.03
0.033
0.034
0.035
0.036
0.037
0.039
0.041
0.043
0.045
0.045
0.045
0.044
0.044
0.043
0.041
0.038
0.034
0.029
0.025
0.021
0.018
0.015
0.013
0.011
0.01
0.008
0.005
0.002
0.0
-0.004
-0.007
-0.01
-0.013
-0.016
-0.02
-0.024
-0.029
-0.035
-0.047
-0.071
-0.086
-0.098
-0.109
-0.114
-0.109
-0.099
-0.084
-0.062
-0.038
-0.012
0.0
0.006
0.011
0.014
0.017
0.019
0.02
0.021
0.021
0.021
0.02
0.019
0.017
0.014
0.01
0.012
0.028
0.042
0.056
0.062
0.058
0.047
0.019
-0.041
-0.13
-0.25
-0.392
-0.546
-0.695
-0.828
-0.919
-0.93
-0.891
-0.734
-0.504
-0.246
-0.012
0.157
0.255
0.281
0.289
0.292
0.292
0.288
0.277
0.247
0.196
0.131
0.068
0.049
0.045
0.042
0.04
0.038
0.038
0.038
0.038
0.038
0.039
0.04
0.043
0.046
0.05
0.054
0.056
0.059
0.062
0.065
0.067
0.068
0.063
0.055
0.046
0.038
0.033
0.029
0.024
0.019
0.014
0.009
0.004
0.0
-0.004
-0.009
-0.014
-0.017
-0.02
-0.023
-0.025
-0.029
-0.032
-0.036
-0.04
-0.044
-0.048
-0.051
-0.054
-0.059
-0.063
-0.067
-0.073
-0.084
-0.094
-0.105
-0.114
-0.123
-0.132
-0.141
-0.151
-0.159
-0.167
-0.174
-0.18
-0.183
-0.185
-0.187
-0.19
-0.196
-0.194
-0.178
-0.164
-0.15
-0.134
-0.116
-0.103
-0.094
-0.086
-0.078
-0.07
-0.063
-0.057
-0.05
-0.043
-0.032
-0.022
-0.012
-0.003
0.004
0.009
0.014
0.018
0.023
0.029
0.035
0.041
0.045
0.049
0.054
0.058
0.063
0.066
0.068
0.068
0.066
0.063
0.059
0.056
0.053
0.049
0.047
0.044
0.042
0.039
0.037
0.036
0.035
0.034
0.033
0.033
0.033
0.033
0.033
0.034
0.034
0.034
0.035
0.036
0.037
0.038
0.04
0.042
0.043
0.045
0.046
0.047
0.047
0.048
0.048
0.048
0.048
0.047
0.046
0.046
0.046
0.046
0.046
0.046
0.047
0.047
0.048
0.049
0.051
0.052
0.052
0.051
0.051
0.051
0.051
0.051
0.051
0.051
0.051
0.051
0.052
0.054
0.056
0.057
0.057
0.058
0.058
0.058
0.058
0.059
0.059
0.059
0.058
0.059
0.061
0.063
0.064
0.065
0.063
0.059
0.054
0.048
0.043
0.039
0.034
0.029
0.024
0.02
0.018
0.017
0.018
0.02
0.021
0.023
0.025
0.027
0.03
0.033
0.036
0.038
0.038
0.032
0.023
0.012
0.003
-0.01
-0.022
-0.031
-0.038
-0.044
-0.051
-0.056
-0.058
-0.055
-0.048
-0.039
-0.028
-0.011
0.009
0.019
0.023
0.027
0.03
0.032
0.036
0.039
0.042
0.046
0.049
0.052
0.055
0.058
0.06
0.064
0.068
0.078
0.098
0.108
0.116
0.123
0.122
0.101
0.044
-0.051
-0.177
-0.325
-0.488
-0.653
-0.805
-0.92
-0.953
-0.939
-0.829
-0.628
-0.369
-0.105
0.123
0.282
0.334
0.353
0.353
0.337
0.315
0.284
0.25
0.218
0.186
0.154
0.134
0.125
0.117
0.111
0.106
0.102
0.098
0.094
0.09
0.085
0.079
0.075
0.073
0.074
0.076
0.079
0.081
0.086
0.093
0.075
0.065
0.06
0.056
0.053
0.051
0.049
0.046
0.042
0.037
0.033
0.029
0.025
0.021
0.018
0.014
0.01
0.005
0.001
-0.003
-0.008
-0.013
-0.019
-0.025
-0.031
-0.037
-0.044
-0.054
-0.064
-0.077
-0.089
-0.098
-0.104
-0.11
-0.116
-0.121
-0.126
-0.13
-0.133
-0.136
-0.14
-0.146
-0.155
-0.166
-0.182
-0.194
-0.206
-0.214
-0.214
-0.207
-0.196
-0.186
-0.174
-0.161
-0.149
-0.14
-0.133
-0.127
-0.121
-0.116
-0.111
-0.107
-0.1
-0.091
-0.076
-0.054
-0.039
-0.029
-0.021
-0.012
-0.003
0.005
0.013
0.022
0.033
0.042
0.045
0.045
0.045
0.045
0.044
0.044
0.045
0.047
0.048
0.049
0.05
0.05
0.05
0.049
0.047
0.045
0.042
0.039
0.036
0.033
0.031
0.03
0.029
0.028
0.026
0.024
0.022
0.021
0.021
0.022
0.025
0.028
0.03
0.032
0.033
0.035
0.036
0.038
0.04
0.041
0.043
0.044
0.046
0.047
0.047
0.047
0.046
0.045
0.045
0.044
0.044
0.044
0.044
0.043
0.043
0.043
0.043
0.043
0.043
0.043
0.042
0.041
0.039
0.038
0.038
0.037
0.037
0.038
0.038
0.039
0.039
0.04
0.04
0.04
0.039
0.037
0.035
0.034
0.033
0.032
0.032
0.031
0.031
0.031
0.03
0.03
0.03
0.029
0.027
0.024
0.022
0.019
0.016
0.014
0.011
0.009
0.007
0.006
0.005
0.005
0.005
0.005
0.004
0.003
0.002
0.001
0.0
-0.001
-0.004
-0.006
-0.008
-0.011
-0.013
-0.015
-0.018
-0.022
-0.025
-0.029
-0.032
-0.037
-0.041
-0.044
-0.046
-0.044
-0.039
-0.031
-0.023
-0.017
-0.011
-0.004
0.001
0.007
0.011
0.015
0.018
0.022
0.025
0.03
0.035
0.04
0.044
0.05
0.057
0.073
0.099
0.117
0.129
0.136
0.14
0.148
0.142
0.09
0.0
-0.121
-0.268
-0.434
-0.605
-0.763
-0.89
-0.941
-0.936
-0.857
-0.699
-0.483
-0.23
0.013
0.205
0.318
0.341
0.349
0.332
0.311
0.293
0.276
0.254
0.22
0.175
0.139
0.11
0.083
0.071
0.064
0.059
0.055
0.052
0.05
0.049
0.048
0.048
0.048
0.047
0.047
0.047
0.047
0.046
0.045
0.044
0.043
0.044
0.048
0.054
0.061
0.068
0.078
0.083
0.079
0.07
0.059
0.043
0.026
0.008
-0.008
-0.022
-0.028
-0.032
-0.036
-0.04
-0.043
-0.045
-0.047
-0.05
-0.053
-0.056
-0.059
-0.062
-0.065
-0.068
-0.074
-0.081
-0.089
-0.097
-0.103
-0.111
-0.119
-0.129
-0.14
-0.151
-0.162
-0.169
-0.175
-0.181
-0.187
-0.191
-0.193
-0.191
-0.188
-0.184
-0.18
-0.176
-0.172
-0.166
-0.158
-0.149
-0.137
-0.124
-0.11
-0.094
-0.082
-0.075
-0.069
-0.063
-0.057
-0.05
-0.042
-0.033
-0.021
-0.005
0.01
0.028
0.043
0.048
0.049
0.05
0.051
0.052
0.053
0.053
0.053
0.053
0.054
0.054
0.054
0.053
0.052
0.05
0.048
0.046
0.044
0.041
0.038
0.034
0.031
0.028
0.025
0.022
0.019
0.016
0.013
0.011
0.01
0.01
0.011
0.012
0.014
0.016
0.019
0.021
0.023
0.025
0.027
0.028
0.03
0.032
0.035
0.038
0.041
0.044
0.047
0.049
0.051
0.052
0.054
0.055
0.056
0.056
0.056
0.057
0.062
0.067
0.07
0.071
0.065
0.057
0.049
0.044
0.039
0.032
0.026
0.021
0.018
0.018
0.019
0.021
0.023
0.025
0.026
0.028
0.031
0.034
0.037
0.038
0.039
0.04
0.04
0.04
0.041
0.041
0.04
0.04
0.039
0.04
0.04
0.041
0.041
0.041
0.041
0.041
0.04
0.039
0.038
0.037
0.035
0.033
0.031
0.029
0.028
0.026
0.024
0.021
0.019
0.016
0.01
-0.006
-0.026
-0.041
-0.053
-0.061
-0.066
-0.069
-0.071
-0.074
-0.079
-0.075
-0.055
-0.038
-0.025
-0.012
-0.001
0.008
0.022
0.039
0.043
0.047
0.05
0.052
0.046
0.034
0.022
0.011
0.004
0.002
0.001
-0.002
-0.006
0.009
0.034
0.064
0.085
0.099
0.105
0.1
0.091
0.067
0.002
-0.094
-0.218
-0.36
-0.514
-0.673
-0.821
-0.928
-0.943
-0.914
-0.768
-0.561
-0.326
-0.095
0.1
0.245
0.337
0.358
0.366
0.365
0.35
0.305
0.243
0.179
0.12
0.075
0.062
0.053
0.049
0.048
0.048
0.049
0.05
0.05
0.05
0.05
0.051
0.051
0.052
0.053
0.054
0.053
0.052
0.051
0.051
0.05
0.049
0.048
0.046
0.044
0.042
0.04
0.038
0.035
0.031
0.027
0.023
0.019
0.016
0.012
0.007
0.002
-0.003
-0.009
-0.014
-0.022
-0.03
-0.035
-0.04
-0.045
-0.049
-0.052
-0.054
-0.057
-0.061
-0.066
-0.071
-0.076
-0.081
-0.089
-0.1
-0.121
-0.135
-0.153
-0.171
-0.179
-0.183
-0.186
-0.19
-0.192
-0.193
-0.192
-0.188
-0.184
-0.179
-0.173
-0.167
-0.159
-0.148
-0.135
-0.123
-0.115
-0.11
-0.105
-0.1
-0.095
-0.089
-0.084
-0.079
-0.073
-0.065
-0.054
-0.035
-0.02
-0.007
0.001
0.008
0.014
0.02
0.026
0.031
0.035
0.039
0.043
0.048
0.053
0.058
0.059
0.057
0.052
0.047
0.041
0.037
0.032
0.027
0.021
0.017
0.015
0.015
0.016
0.017
0.019
0.021
0.023
0.025
0.029
0.032
0.035
0.038
0.04
0.042
0.043
0.045
0.045
0.044
0.043
0.041
0.04
0.038
0.037
0.036
0.036
0.036
0.036
0.036
0.037
0.038
0.038
0.037
0.036
0.034
0.031
0.029
0.028
0.027
0.027
0.027
0.029
0.031
0.034
0.038
0.042
0.046
0.048
0.051
0.052
0.053
0.054
0.055
0.056
0.056
0.055
0.054
0.054
0.053
0.052
0.05
0.048
0.044
0.041
0.038
0.036
0.035
0.033
0.031
0.03
0.029
0.029
0.03
0.031
0.032
0.033
0.034
0.034
0.035
0.036
0.036
0.036
0.036
0.036
0.036
0.035
0.034
0.032
0.03
0.028
0.026
0.023
0.02
0.016
0.011
0.006
0.002
-0.003
-0.014
-0.026
-0.032
-0.033
-0.033
-0.033
-0.034
-0.034
-0.035
-0.035
-0.035
-0.029
-0.022
-0.013
-0.006
0.001
0.01
0.02
0.03
0.037
0.041
0.044
0.046
0.049
0.052
0.055
0.057
0.06
0.062
0.063
0.065
0.067
0.069
0.072
0.076
0.085
0.084
0.061
0.001
-0.086
-0.202
-0.348
-0.521
-0.707
-0.875
-0.983
-0.996
-0.952
-0.784
-0.537
-0.26
-0.001
0.196
0.314
0.348
0.36
0.338
0.302
0.262
0.228
0.203
0.182
0.163
0.143
0.123
0.105
0.089
0.08
0.076
0.075
0.074
0.074
0.073
0.073
0.072
0.072
0.071
0.071
0.07
0.069
0.068
0.067
0.067
0.066
0.065
0.063
0.061
0.058
0.055
0.053
0.049
0.046
0.041
0.036
0.03
0.026
0.022
0.018
0.013
0.009
0.005
0.001
-0.002
-0.005
-0.009
-0.013
-0.016
-0.02
-0.024
-0.028
-0.033
-0.037
-0.041
-0.045
-0.051
-0.058
-0.073
-0.105
-0.13
-0.149
-0.162
-0.169
-0.173
-0.177
-0.181
-0.183
-0.185
-0.186
-0.185
-0.184
-0.183
-0.181
-0.178
-0.175
-0.172
-0.168
-0.162
-0.156
-0.149
-0.14
-0.127
-0.111
-0.097
-0.079
-0.053
-0.035
-0.025
-0.018
-0.011
-0.005
0.0
0.003
0.006
0.009
0.012
0.015
0.019
0.022
0.025
0.028
0.031
0.034
0.036
0.038
0.04
0.042
0.045
0.048
0.051
0.054
0.056
0.058
0.058
0.059
0.058
0.057
0.055
0.053
0.051
0.049
0.046
0.044
0.043
0.041
0.041
0.04
0.04
0.039
0.038
0.037
0.035
0.034
0.033
0.033
0.033
0.033
0.033
0.035
0.037
0.04
0.042
0.045
0.051
0.054
0.052
0.047
0.044
0.041
0.038
0.035
0.033
0.032
0.032
0.034
0.037
0.04
0.044
0.052
0.057
0.055
0.051
0.05
0.05
0.05
0.049
0.049
0.048
0.047
0.046
0.044
0.042
0.041
0.039
0.038
0.037
0.035
0.034
0.033
0.032
0.031
0.03
0.027
0.024
0.02
0.017
0.015
0.014
0.013
0.013
0.014
0.014
0.015
0.016
0.017
0.018
0.019
0.02
0.02
0.021
0.02
0.017
0.013
0.007
0.002
-0.003
-0.008
-0.012
-0.017
-0.022
-0.027
-0.03
-0.032
-0.034
-0.034
-0.033
-0.03
-0.027
-0.024
-0.021
-0.018
-0.016
-0.014
-0.012
-0.01
-0.008
-0.006
-0.003
-0.001
0.001
0.003
0.005
0.007
0.009
0.011
0.013
0.016
0.019
0.023
0.03
0.047
0.058
0.073
0.095
0.112
0.122
0.127
0.121
0.106
0.065
-0.001
-0.09
-0.208
-0.357
-0.523
-0.686
-0.832
-0.941
-0.965
-0.948
-0.831
-0.623
-0.354
-0.079
0.137
0.276
0.331
0.35
0.332
0.303
0.272
0.247
0.227
0.209
0.19
0.171
0.156
0.138
0.114
0.091
0.066
0.047
0.035
0.029
0.027
0.026
0.024
0.023
0.022
0.021
0.021
0.022
0.023
0.024
0.025
0.025
0.026
0.028
0.03
0.031
0.031
0.031
0.03
0.028
0.025
0.022
0.019
0.015
0.012
0.009
0.006
0.003
0.0
-0.004
-0.01
-0.017
-0.023
-0.029
-0.036
-0.043
-0.05
-0.056
-0.062
-0.067
-0.072
-0.077
-0.083
-0.09
-0.098
-0.106
-0.114
-0.121
-0.127
-0.133
-0.14
-0.147
-0.154
-0.16
-0.166
-0.172
-0.179
-0.187
-0.192
-0.194
-0.192
-0.188
-0.183
-0.177
-0.171
-0.165
-0.157
-0.148
-0.138
-0.125
-0.108
-0.09
-0.074
-0.06
-0.048
-0.038
-0.031
-0.025
-0.019
-0.012
-0.005
0.003
0.011
0.021
0.03
0.036
0.041
0.045
0.049
0.051
0.053
0.055
0.056
0.057
0.058
0.057
0.056
0.054
0.052
0.049
0.047
0.045
0.044
0.041
0.039
0.037
0.035
0.033
0.03
0.028
0.025
0.024
0.023
0.022
0.022
0.022
0.022
0.02
0.019
0.018
0.019
0.023
0.029
0.033
0.034
0.036
0.038
0.04
0.042
0.043
0.044
0.045
0.046
0.047
0.047
0.047
0.047
0.046
0.046
0.046
0.045
0.045
0.044
0.043
0.043
0.042
0.042
0.041
0.041
0.04
0.04
0.04
0.04
0.039
0.039
0.038
0.038
0.038
0.038
0.039
0.04
0.04
0.04
0.041
0.042
0.043
0.043
0.044
0.045
0.046
0.047
0.047
0.048
0.049
0.051
0.054
0.058
0.058
0.051
0.043
0.039
0.037
0.034
0.032
0.03
0.026
0.023
0.02
0.016
0.013
0.01
0.006
0.003
0.0
-0.001
-0.003
-0.005
-0.008
-0.012
-0.016
-0.019
-0.023
-0.026
-0.028
-0.03
-0.031
-0.031
-0.03
-0.028
-0.026
-0.022
-0.019
-0.016
-0.012
-0.008
-0.003
0.001
0.005
0.009
0.013
0.018
0.022
0.026
0.03
0.034
0.037
0.04
0.044
0.047
0.052
0.057
0.063
0.075
0.093
0.098
0.103
0.107
0.085
0.02
-0.081
-0.217
-0.378
-0.549
-0.716
-0.859
-0.948
-0.957
-0.91
-0.763
-0.545
-0.283
-0.024
0.187
0.322
0.365
0.366
0.326
0.281
0.264
0.25
0.233
0.212
0.175
0.131
0.1
0.084
0.078
0.073
0.07
0.067
0.064
0.061
0.058
0.056
0.055
0.053
0.051
0.05
0.048
0.048
0.047
0.046
0.043
0.039
0.036
0.034
0.035
0.038
0.042
0.045
0.049
0.054
0.059
0.059
0.053
0.044
0.035
0.026
0.016
0.005
-0.006
-0.015
-0.024
-0.033
-0.04
-0.045
-0.05
-0.054
-0.058
-0.063
-0.067
-0.073
-0.079
-0.085
-0.091
-0.097
-0.103
-0.109
-0.115
-0.121
-0.125
-0.129
-0.134
-0.138
-0.143
-0.149
-0.157
-0.165
-0.172
-0.178
-0.185
-0.191
-0.197
-0.2
-0.199
-0.194
-0.187
-0.179
-0.169
-0.154
-0.13
-0.115
-0.1
-0.085
-0.069
-0.058
-0.051
-0.045
-0.038
-0.029
-0.021
-0.013
-0.007
0.0
0.006
0.013
0.018
0.021
0.024
0.026
0.028
0.031
0.035
0.039
0.041
0.042
0.043
0.045
0.046
0.047
0.047
0.046
0.045
0.043
0.042
0.042
0.042
0.04
0.038
0.036
0.034
0.033
0.031
0.031
0.031
0.031
0.032
0.032
0.033
0.034
0.033
0.033
0.033
0.033
0.033
0.033
0.033
0.034
0.034
0.035
0.036
0.037
0.039
0.04
0.041
0.042
0.043
0.043
0.044
0.044
0.045
0.045
0.045
0.045
0.046
0.047
0.048
0.049
0.049
0.049
0.049
0.05
0.05
0.05
0.05
0.049
0.048
0.047
0.046
0.045
0.043
0.039
0.036
0.039
0.044
0.048
0.05
0.052
0.054
0.056
0.057
0.058
0.057
0.054
0.051
0.049
0.047
0.044
0.042
0.038
0.035
0.031
0.029
0.027
0.026
0.025
0.024
0.023
0.023
0.023
0.022
0.021
0.019
0.017
0.013
0.01
0.008
0.005
0.001
-0.002
-0.006
-0.01
-0.013
-0.015
-0.018
-0.022
-0.026
-0.03
-0.033
-0.035
-0.035
-0.035
-0.034
-0.031
-0.028
-0.023
-0.017
-0.01
0.001
0.012
0.023
0.031
0.038
0.044
0.048
0.05
0.051
0.049
0.047
0.045
0.042
0.038
0.035
0.042
0.056
0.073
0.091
0.096
0.103
0.097
0.053
-0.021
-0.129
-0.266
-0.428
-0.603
-0.768
-0.9
-0.962
-0.96
-0.886
-0.7
-0.435
-0.143
0.108
0.285
0.361
0.386
0.372
0.328
0.276
0.242
0.215
0.199
0.188
0.18
0.168
0.146
0.117
0.093
0.085
0.081
0.078
0.075
0.074
0.072
0.071
0.069
0.066
0.063
0.059
0.056
0.054
0.053
0.052
0.05
0.049
0.048
0.047
0.046
0.045
0.044
0.042
0.04
0.038
0.036
0.034
0.032
0.029
0.026
0.023
0.019
0.016
0.012
0.007
-0.003
-0.016
-0.025
-0.032
-0.039
-0.044
-0.049
-0.053
-0.058
-0.063
-0.067
-0.07
-0.074
-0.079
-0.086
-0.098
-0.117
-0.136
-0.148
-0.157
-0.164
-0.171
-0.177
-0.182
-0.186
-0.189
-0.193
-0.196
-0.199
-0.201
-0.202
-0.201
-0.197
-0.191
-0.184
-0.175
-0.164
-0.145
-0.132
-0.122
-0.112
-0.102
-0.09
-0.074
-0.061
-0.051
-0.041
-0.032
-0.022
-0.012
-0.003
0.005
0.014
0.022
0.029
0.035
0.04
0.045
0.049
0.053
0.056
0.057
0.058
0.058
0.058
0.057
0.057
0.055
0.052
0.049
0.046
0.043
0.04
0.035
0.03
0.025
0.021
0.022
0.025
0.03
0.035
0.039
0.042
0.046
0.051
0.055
0.059
0.062
0.063
0.064
0.064
0.063
0.062
0.06
0.058
0.055
0.053
0.052
0.05
0.049
0.049
0.047
0.042
0.036
0.034
0.036
0.04
0.045
0.047
0.048
0.049
0.05
0.05
0.051
0.052
0.053
0.054
0.054
0.055
0.055
0.054
0.054
0.053
0.052
0.05
0.049
0.047
0.046
0.044
0.042
0.04
0.038
0.037
0.036
0.035
0.034
0.034
0.033
0.033
0.033
0.034
0.035
0.035
0.035
0.036
0.036
0.037
0.037
0.037
0.038
0.038
0.039
0.04
0.04
0.039
0.038
0.036
0.034
0.032
0.029
0.026
0.022
0.017
0.012
0.007
-0.001
-0.02
-0.035
-0.041
-0.045
-0.048
-0.051
-0.054
-0.056
-0.058
-0.059
-0.059
-0.055
-0.049
-0.043
-0.035
-0.027
-0.018
-0.004
0.006
0.013
0.017
0.019
0.021
0.023
0.025
0.028
0.03
0.033
0.035
0.038
0.04
0.043
0.046
0.049
0.053
0.062
0.08
0.093
0.106
0.117
0.105
0.066
-0.003
-0.101
-0.23
-0.386
-0.564
-0.743
-0.895
-0.977
-0.982
-0.921
-0.754
-0.53
-0.283
-0.044
0.148
0.277
0.319
0.334
0.332
0.311
0.282
0.244
0.208
0.174
0.147
0.127
0.105
0.095
0.087
0.081
0.077
0.073
0.07
0.066
0.063
0.06
0.058
0.056
0.054
0.051
0.049
0.047
0.044
0.042
0.038
0.035
0.031
0.028
0.025
0.023
0.021
0.021
0.02
0.019
0.019
0.019
0.019
0.018
0.017
0.015
0.012
0.01
0.007
0.006
0.003
0.001
-0.001
-0.005
-0.008
-0.013
-0.02
-0.036
-0.051
-0.065
-0.078
-0.092
-0.107
-0.121
-0.132
-0.141
-0.147
-0.153
-0.157
-0.161
-0.164
-0.168
-0.171
-0.173
-0.177
-0.18
-0.183
-0.185
-0.186
-0.185
-0.181
-0.176
-0.17
-0.163
-0.155
-0.143
-0.131
-0.121
-0.112
-0.104
-0.097
-0.091
-0.084
-0.076
-0.068
-0.059
-0.045
-0.024
-0.012
-0.006
-0.003
0.0
0.001
0.003
0.005
0.008
0.011
0.013
0.016
0.017
0.019
0.02
0.023
0.025
0.026
0.028
0.03
0.034
0.038
0.042
0.046
0.047
0.047
0.046
0.044
0.042
0.039
0.035
0.028
0.035
0.04
0.043
0.046
0.049
0.05
0.048
0.045
0.04
0.036
0.033
0.029
0.023
0.018
0.015
0.016
0.02
0.025
0.03
0.033
0.035
0.038
0.04
0.043
0.045
0.047
0.048
0.049
0.049
0.049
0.048
0.048
0.049
0.049
0.049
0.049
0.049
0.049
0.05
0.05
0.05
0.05
0.049
0.049
0.049
0.049
0.049
0.049
0.048
0.047
0.047
0.046
0.046
0.045
0.044
0.043
0.043
0.043
0.043
0.043
0.043
0.039
0.035
0.032
0.031
0.032
0.034
0.035
0.036
0.037
0.039
0.041
0.042
0.044
0.045
0.045
0.045
0.045
0.044
0.041
0.038
0.033
0.028
0.02
0.005
-0.007
-0.013
-0.017
-0.021
-0.024
-0.027
-0.029
-0.03
-0.031
-0.032
-0.032
-0.031
-0.03
-0.028
-0.025
-0.021
-0.018
-0.015
-0.012
-0.01
-0.008
-0.004
-0.001
0.003
0.007
0.011
0.015
0.02
0.025
0.029
0.033
0.037
0.042
0.05
0.068
0.084
0.1
0.115
0.122
0.129
0.135
0.115
0.053
-0.034
-0.152
-0.297
-0.465
-0.639
-0.797
-0.92
-0.965
-0.955
-0.859
-0.678
-0.442
-0.188
0.041
0.228
0.353
0.392
0.391
0.349
0.295
0.261
0.225
0.19
0.167
0.154
0.143
0.135
0.127
0.111
0.084
0.07
0.065
0.061
0.057
0.055
0.053
0.051
0.049
0.047
0.046
0.045
0.044
0.044
0.044
0.044
0.044
0.044
0.044
0.043
0.042
0.039
0.037
0.034
0.032
0.03
0.028
0.025
0.021
0.017
0.013
0.01
0.006
0.002
-0.002
-0.008
-0.014
-0.019
-0.025
-0.031
-0.038
-0.047
-0.056
-0.063
-0.07
-0.076
-0.081
-0.086
-0.091
-0.096
-0.102
-0.108
-0.114
-0.121
-0.128
-0.136
-0.145
-0.155
-0.166
-0.176
-0.184
-0.193
-0.201
-0.207
-0.211
-0.211
-0.209
-0.205
-0.199
-0.192
-0.178
-0.151
-0.128
-0.111
-0.099
-0.09
-0.083
-0.075
-0.067
-0.058
-0.049
-0.039
-0.03
-0.021
-0.007
0.01
0.018
0.022
0.026
0.029
0.031
0.032
0.033
0.033
0.033
0.033
0.033
0.032
0.032
0.037
0.038
0.038
0.039
0.039
0.04
0.04
0.041
0.041
0.041
0.041
0.041
0.04
0.039
0.039
0.038
0.037
0.036
0.035
0.035
0.034
0.034
0.034
0.035
0.035
0.036
0.037
0.038
0.04
0.041
0.042
0.043
0.044
0.045
0.046
0.047
0.048
0.049
0.052
0.06
0.065
0.063
0.059
0.057
0.056
0.054
0.052
0.051
0.049
0.048
0.047
0.047
0.047
0.048
0.048
0.049
0.05
0.05
0.051
0.051
0.052
0.053
0.053
0.054
0.055
0.055
0.055
0.052
0.049
0.046
0.042
0.037
0.033
0.033
0.036
0.042
0.048
0.056
0.06
0.054
0.044
0.038
0.033
0.028
0.024
0.022
0.021
0.023
0.025
0.028
0.032
0.035
0.039
0.043
0.046
0.047
0.046
0.042
0.036
0.029
0.019
0.003
-0.011
-0.019
-0.024
-0.029
-0.033
-0.036
-0.038
-0.039
-0.04
-0.041
-0.04
-0.038
-0.037
-0.035
-0.033
-0.03
-0.026
-0.021
-0.016
-0.003
0.015
0.021
0.024
0.027
0.029
0.03
0.028
0.025
0.021
0.016
0.009
0.004
0.01
0.022
0.041
0.071
0.104
0.125
0.134
0.14
0.126
0.082
-0.003
-0.128
-0.288
-0.475
-0.667
-0.837
-0.966
-1.002
-0.985
-0.858
-0.638
-0.376
-0.114
0.106
0.249
0.325
0.346
0.353
0.349
0.314
0.274
0.232
0.187
0.141
0.116
0.107
0.103
0.1
0.098
0.097
0.097
0.096
0.095
0.093
0.091
0.089
0.087
0.086
0.084
0.082
0.079
0.075
0.072
0.068
0.061
0.046
0.037
0.032
0.029
0.026
0.024
0.021
0.018
0.017
0.016
0.017
0.018
0.019
0.02
0.022
0.024
0.026
0.025
0.021
0.015
0.006
-0.005
-0.015
-0.02
-0.024
-0.027
-0.031
-0.036
-0.04
-0.046
-0.053
-0.064
-0.081
-0.099
-0.122
-0.152
-0.166
-0.173
-0.179
-0.184
-0.188
-0.19
-0.191
-0.192
-0.192
-0.191
-0.189
-0.186
-0.183
-0.179
-0.175
-0.17
-0.165
-0.155
-0.144
-0.133
-0.122
-0.109
-0.094
-0.081
-0.069
-0.056
-0.044
-0.031
-0.016
-0.01
-0.006
-0.003
0.0
0.002
0.005
0.008
0.011
0.015
0.018
0.022
0.026
0.029
0.031
0.032
0.034
0.035
0.037
0.038
0.04
0.041
0.043
0.045
0.047
0.049
0.051
0.052
0.053
0.053
0.053
0.053
0.053
0.053
0.052
0.051
0.051
0.051
0.051
0.05
0.05
0.049
0.048
0.047
0.047
0.047
0.046
0.046
0.045
0.046
0.047
0.047
0.048
0.049
0.049
0.05
0.051
0.053
0.054
0.055
0.056
0.057
0.058
0.059
0.06
0.06
0.061
0.061
0.061
0.062
0.061
0.061
0.06
0.058
0.057
0.056
0.054
0.052
0.05
0.047
0.046
0.044
0.043
0.041
0.039
0.038
0.036
0.036
0.037
0.037
0.037
0.037
0.037
0.038
0.039
0.041
0.042
0.044
0.046
0.048
0.049
0.049
0.046
0.04
0.032
0.024
0.015
0.004
-0.007
-0.021
-0.033
-0.046
-0.056
-0.061
-0.063
-0.064
-0.065
-0.066
-0.067
-0.068
-0.069
-0.069
-0.071
-0.072
-0.073
-0.075
-0.076
-0.076
-0.076
-0.076
-0.076
-0.076
-0.077
-0.078
-0.079
-0.082
-0.089
-0.089
-0.072
-0.055
-0.039
-0.03
-0.024
-0.02
-0.018
-0.015
-0.013
-0.009
-0.005
0.0
0.004
0.011
0.019
0.029
0.046
0.058
0.066
0.076
0.087
0.088
0.077
0.049
-0.001
-0.073
-0.178
-0.324
-0.497
-0.682
-0.854
-0.982
-1.033
-0.982
-0.823
-0.582
-0.301
-0.036
0.158
0.245
0.276
0.285
0.281
0.273
0.265
0.258
0.249
0.235
0.192
0.126
0.055
0.026
0.011
0.001
0.005
0.028
0.04
0.047
0.052
0.058
0.062
0.065
0.068
0.07
0.072
0.072
0.07
0.068
0.064
0.06
0.055
0.05
0.046
0.041
0.038
0.035
0.032
0.029
0.025
0.022
0.018
0.015
0.013
0.01
0.008
0.005
0.003
0.002
0.001
0.0
0.0
-0.002
-0.005
-0.009
-0.012
-0.017
-0.024
-0.033
-0.044
-0.057
-0.071
-0.084
-0.097
-0.109
-0.118
-0.124
-0.129
-0.134
-0.138
-0.141
-0.145
-0.15
-0.156
-0.163
-0.169
-0.175
-0.182
-0.19
-0.195
-0.195
-0.192
-0.185
-0.176
-0.16
-0.134
-0.116
-0.104
-0.092
-0.082
-0.07
-0.057
-0.04
-0.025
-0.012
-0.005
0.0
0.003
0.006
0.009
0.012
0.015
0.019
0.024
0.029
0.033
0.036
0.038
0.039
0.04
0.04
0.041
0.043
0.044
0.046
0.048
0.05
0.052
0.054
0.056
0.057
0.057
0.058
0.058
0.059
0.06
0.061
0.063
0.064
0.067
0.072
0.075
0.076
0.074
0.067
0.06
0.055
0.052
0.05
0.048
0.046
0.044
0.041
0.039
0.036
0.035
0.033
0.031
0.03
0.029
0.029
0.03
0.031
0.033
0.034
0.035
0.036
0.038
0.039
0.04
0.042
0.043
0.044
0.045
0.046
0.048
0.049
0.051
0.052
0.053
0.054
0.056
0.058
0.062
0.065
0.067
0.067
0.065
0.06
0.055
0.048
0.042
0.037
0.032
0.026
0.022
0.019
0.017
0.016
0.017
0.018
0.021
0.024
0.027
0.031
0.034
0.037
0.04
0.043
0.046
0.049
0.051
0.051
0.05
0.048
0.046
0.042
0.039
0.036
0.031
0.026
0.021
0.015
0.009
0.003
-0.002
-0.009
-0.016
-0.023
-0.028
-0.032
-0.035
-0.038
-0.042
-0.047
-0.051
-0.05
-0.043
-0.034
-0.025
-0.015
-0.003
0.01
0.017
0.022
0.026
0.029
0.031
0.034
0.036
0.038
0.041
0.043
0.046
0.047
0.049
0.05
0.052
0.054
0.062
0.084
0.101
0.112
0.115
0.107
0.085
0.023
-0.082
-0.225
-0.397
-0.584
-0.764
-0.907
-0.972
-0.968
-0.886
-0.699
-0.449
-0.177
0.069
0.246
0.328
0.355
0.34
0.315
0.286
0.254
0.219
0.182
0.14
0.113
0.1
0.09
0.083
0.076
0.072
0.068
0.066
0.064
0.062
0.061
0.06
0.06
0.06
0.06
0.06
0.058
0.055
0.052
0.049
0.046
0.043
0.04
0.036
0.033
0.03
0.027
0.025
0.022
0.019
0.015
0.011
0.007
0.003
0.0
-0.003
-0.007
-0.01
-0.013
-0.016
-0.019
-0.021
-0.024
-0.027
-0.034
-0.041
-0.047
-0.053
-0.057
-0.062
-0.067
-0.072
-0.077
-0.084
-0.09
-0.098
-0.106
-0.117
-0.13
-0.145
-0.161
-0.172
-0.18
-0.188
-0.194
-0.197
-0.197
-0.194
-0.19
-0.185
-0.181
-0.178
-0.175
-0.171
-0.167
-0.162
-0.156
-0.15
-0.143
-0.135
-0.125
-0.108
-0.094
-0.085
-0.071
-0.047
-0.03
-0.021
-0.014
-0.005
0.004
0.013
0.017
0.021
0.025
0.029
0.033
0.036
0.039
0.04
0.041
0.041
0.041
0.041
0.039
0.037
0.034
0.032
0.03
0.028
0.026
0.024
0.021
0.015
0.009
0.006
0.009
0.017
0.025
0.032
0.04
0.048
0.053
0.055
0.054
0.052
0.05
0.047
0.044
0.04
0.038
0.038
0.04
0.041
0.043
0.044
0.045
0.047
0.049
0.052
0.055
0.059
0.062
0.066
0.071
0.075
0.077
0.073
0.064
0.056
0.05
0.045
0.04
0.037
0.035
0.034
0.036
0.039
0.042
0.045
0.046
0.047
0.048
0.05
0.052
0.055
0.057
0.059
0.06
0.061
0.061
0.062
0.063
0.062
0.061
0.06
0.058
0.056
0.055
0.053
0.051
0.049
0.047
0.045
0.044
0.043
0.042
0.04
0.038
0.037
0.035
0.034
0.032
0.031
0.029
0.027
0.025
0.023
0.022
0.02
0.018
0.016
0.014
0.012
0.01
0.008
0.006
0.003
-0.003
-0.01
-0.015
-0.019
-0.023
-0.026
-0.029
-0.032
-0.034
-0.036
-0.036
-0.032
-0.027
-0.021
-0.014
-0.007
0.0
0.009
0.014
0.018
0.021
0.023
0.024
0.026
0.027
0.029
0.031
0.034
0.036
0.038
0.041
0.045
0.05
0.062
0.088
0.107
0.12
0.12
0.112
0.089
0.027
-0.07
-0.203
-0.363
-0.539
-0.716
-0.869
-0.972
-0.985
-0.953
-0.798
-0.569
-0.302
-0.043
0.166
0.295
0.331
0.344
0.343
0.328
0.307
0.282
0.246
0.2
0.151
0.114
0.105
0.1
0.095
0.091
0.087
0.083
0.08
0.076
0.073
0.069
0.065
0.061
0.057
0.054
0.05
0.047
0.044
0.041
0.038
0.035
0.031
0.028
0.026
0.024
0.022
0.021
0.019
0.018
0.016
0.014
0.013
0.012
0.01
0.008
0.006
0.004
0.002
0.0
-0.002
-0.005
-0.009
-0.013
-0.018
-0.023
-0.028
-0.037
-0.046
-0.054
-0.06
-0.067
-0.075
-0.086
-0.098
-0.112
-0.126
-0.139
-0.152
-0.163
-0.177
-0.192
-0.2
-0.205
-0.209
-0.211
-0.213
-0.214
-0.212
-0.207
-0.199
-0.192
-0.186
-0.18
-0.173
-0.166
-0.16
-0.155
-0.15
-0.144
-0.134
-0.119
-0.102
-0.08
-0.055
-0.039
-0.028
-0.02
-0.013
-0.009
-0.005
-0.002
0.0
0.003
0.008
0.014
0.019
0.024
0.026
0.029
0.031
0.033
0.036
0.039
0.042
0.046
0.049
0.051
0.053
0.052
0.052
0.05
0.049
0.047
0.044
0.042
0.041
0.039
0.038
0.037
0.036
0.032
0.028
0.026
0.03
0.037
0.044
0.048
0.052
0.056
0.059
0.061
0.062
0.061
0.058
0.055
0.052
0.05
0.049
0.047
0.045
0.043
0.04
0.037
0.035
0.034
0.033
0.033
0.033
0.033
0.034
0.036
0.038
0.04
0.042
0.043
0.044
0.044
0.045
0.045
0.045
0.044
0.043
0.044
0.046
0.048
0.05
0.052
0.053
0.054
0.054
0.054
0.054
0.052
0.05
0.048
0.046
0.044
0.042
0.041
0.04
0.039
0.038
0.037
0.037
0.036
0.035
0.033
0.032
0.031
0.03
0.029
0.029
0.029
0.029
0.028
0.027
0.027
0.026
0.024
0.022
0.02
0.018
0.016
0.012
0.008
0.004
-0.001
-0.016
-0.028
-0.036
-0.043
-0.05
-0.056
-0.059
-0.06
-0.056
-0.051
-0.044
-0.038
-0.033
-0.027
-0.021
-0.014
-0.007
-0.001
0.002
0.005
0.009
0.011
0.014
0.016
0.019
0.023
0.027
0.031
0.034
0.037
0.04
0.044
0.049
0.066
0.095
0.112
0.123
0.128
0.121
0.102
0.047
-0.041
-0.162
-0.317
-0.494
-0.671
-0.829
-0.944
-0.986
-0.937
-0.811
-0.622
-0.383
-0.129
0.089
0.234
0.293
0.314
0.322
0.318
0.309
0.284
0.242
0.192
0.143
0.124
0.11
0.099
0.091
0.082
0.073
0.065
0.062
0.059
0.058
0.057
0.056
0.056
0.056
0.056
0.055
0.054
0.053
0.051
0.049
0.047
0.045
0.043
0.041
0.039
0.037
0.035
0.033
0.032
0.03
0.027
0.025
0.022
0.018
0.014
0.009
0.005
0.001
-0.001
-0.004
-0.006
-0.008
-0.01
-0.012
-0.014
-0.017
-0.023
-0.035
-0.047
-0.06
-0.07
-0.078
-0.084
-0.091
-0.098
-0.105
-0.112
-0.119
-0.127
-0.134
-0.142
-0.15
-0.158
-0.163
-0.168
-0.172
-0.176
-0.179
-0.181
-0.183
-0.183
-0.182
-0.18
-0.178
-0.175
-0.171
-0.165
-0.154
-0.131
-0.11
-0.087
-0.067
-0.052
-0.034
-0.021
-0.012
-0.005
0.0
0.004
0.008
0.013
0.018
0.022
0.024
0.022
0.018
0.013
0.008
0.001
-0.003
-0.002
0.003
0.013
0.025
0.04
0.049
0.056
0.063
0.066
0.06
0.047
0.03
0.013
0.012
0.012
0.01
0.012
0.021
0.027
0.032
0.036
0.039
0.04
0.039
0.038
0.037
0.036
0.035
0.034
0.033
0.032
0.031
0.031
0.03
0.029
0.027
0.025
0.023
0.023
0.023
0.024
0.024
0.025
0.026
0.028
0.031
0.034
0.037
0.04
0.043
0.047
0.052
0.065
0.07
0.07
0.072
0.073
0.074
0.07
0.061
0.05
0.037
0.033
0.032
0.031
0.03
0.029
0.028
0.027
0.028
0.028
0.028
0.028
0.028
0.029
0.031
0.033
0.035
0.037
0.038
0.04
0.042
0.044
0.045
0.046
0.045
0.045
0.045
0.044
0.043
0.041
0.038
0.035
0.033
0.031
0.029
0.027
0.024
0.021
0.017
0.014
0.01
0.005
0.0
-0.005
-0.012
-0.019
-0.027
-0.04
-0.05
-0.054
-0.056
-0.059
-0.062
-0.064
-0.063
-0.056
-0.045
-0.034
-0.02
-0.006
0.006
0.018
0.029
0.036
0.041
0.044
0.046
0.047
0.049
0.05
0.051
0.053
0.056
0.058
0.06
0.062
0.065
0.068
0.072
0.076
0.082
0.093
0.098
0.091
0.072
0.02
-0.078
-0.211
-0.37
-0.546
-0.721
-0.875
-0.971
-0.98
-0.93
-0.767
-0.536
-0.275
-0.034
0.158
0.3
0.363
0.383
0.364
0.333
0.301
0.271
0.243
0.215
0.185
0.152
0.121
0.091
0.069
0.063
0.06
0.058
0.057
0.056
0.056
0.056
0.056
0.056
0.057
0.058
0.059
0.06
0.062
0.064
0.067
0.07
0.073
0.071
0.061
0.049
0.043
0.037
0.032
0.028
0.024
0.02
0.017
0.014
0.011
0.008
0.006
0.004
0.002
0.0
-0.001
-0.004
-0.007
-0.01
-0.014
-0.018
-0.022
-0.026
-0.032
-0.039
-0.048
-0.058
-0.068
-0.077
-0.088
-0.1
-0.111
-0.123
-0.137
-0.153
-0.164
-0.169
-0.173
-0.177
-0.18
-0.182
-0.182
-0.181
-0.178
-0.174
-0.171
-0.168
-0.165
-0.161
-0.156
-0.151
-0.146
-0.141
-0.134
-0.119
-0.092
-0.07
-0.054
-0.038
-0.029
-0.024
-0.02
-0.015
-0.011
-0.006
-0.001
0.001
0.004
0.009
0.015
0.026
0.043
0.047
0.049
0.051
0.054
0.056
0.057
0.057
0.056
0.053
0.05
0.046
0.04
0.035
0.035
0.036
0.036
0.036
0.036
0.037
0.037
0.037
0.038
0.039
0.04
0.04
0.039
0.037
0.036
0.035
0.034
0.034
0.034
0.035
0.036
0.037
0.039
0.041
0.042
0.043
0.043
0.044
0.045
0.045
0.046
0.046
0.046
0.047
0.049
0.051
0.052
0.053
0.053
0.053
0.053
0.052
0.051
0.05
0.048
0.046
0.044
0.043
0.043
0.043
0.044
0.044
0.044
0.044
0.044
0.043
0.043
0.044
0.044
0.044
0.045
0.045
0.045
0.045
0.045
0.046
0.045
0.045
0.044
0.042
0.041
0.039
0.037
0.035
0.034
0.034
0.034
0.033
0.033
0.032
0.031
0.03
0.028
0.027
0.026
0.026
0.027
0.029
0.031
0.034
0.038
0.043
0.05
0.054
0.047
0.034
0.023
0.013
0.004
-0.003
-0.01
-0.025
-0.044
-0.054
-0.059
-0.063
-0.066
-0.067
-0.067
-0.065
-0.06
-0.054
-0.047
-0.04
-0.029
-0.018
-0.007
0.001
0.011
0.019
0.025
0.03
0.036
0.043
0.049
0.05
0.048
0.046
0.042
0.039
0.051
0.067
0.08
0.092
0.103
0.112
0.111
0.096
0.057
-0.015
-0.118
-0.244
-0.393
-0.563
-0.737
-0.895
-1.002
-1.014
-0.968
-0.792
-0.541
-0.266
-0.021
0.159
0.271
0.317
0.333
0.339
0.334
0.321
0.278
0.222
0.162
0.119
0.108
0.101
0.096
0.091
0.085
0.079
0.073
0.069
0.065
0.062
0.058
0.053
0.049
0.046
0.045
0.046
0.047
0.049
0.05
0.05
0.051
0.053
0.055
0.058
0.059
0.057
0.051
0.044
0.037
0.032
0.027
0.022
0.017
0.012
0.007
0.003
0.001
-0.001
-0.003
-0.006
-0.009
-0.014
-0.02
-0.031
-0.04
-0.049
-0.056
-0.063
-0.069
-0.077
-0.085
-0.094
-0.103
-0.111
-0.12
-0.13
-0.142
-0.153
-0.16
-0.165
-0.171
-0.176
-0.18
-0.184
-0.187
-0.189
-0.191
-0.192
-0.192
-0.192
-0.19
-0.187
-0.184
-0.18
-0.175
-0.169
-0.163
-0.156
-0.143
-0.116
-0.092
-0.079
-0.071
-0.064
-0.059
-0.054
-0.048
-0.043
-0.039
-0.035
-0.03
-0.025
-0.015
0.001
0.022
0.032
0.038
0.042
0.046
0.049
0.051
0.052
0.052
0.052
0.051
0.05
0.05
0.048
0.047
0.045
0.043
0.042
0.041
0.04
0.037
0.034
0.031
0.03
0.03
0.032
0.035
0.037
0.037
0.038
0.039
0.041
0.042
0.044
0.045
0.046
0.047
0.047
0.047
0.046
0.044
0.043
0.041
0.04
0.039
0.038
0.038
0.038
0.039
0.041
0.042
0.044
0.045
0.046
0.047
0.047
0.047
0.047
0.046
0.045
0.045
0.045
0.044
0.044
0.044
0.043
0.043
0.043
0.044
0.044
0.044
0.045
0.044
0.044
0.044
0.044
0.043
0.042
0.042
0.041
0.041
0.04
0.04
0.04
0.041
0.041
0.041
0.041
0.041
0.04
0.039
0.038
0.037
0.036
0.035
0.034
0.033
0.033
0.032
0.032
0.031
0.031
0.031
0.03
0.028
0.026
0.024
0.023
0.02
0.017
0.012
0.002
-0.007
-0.013
-0.017
-0.022
-0.027
-0.031
-0.034
-0.036
-0.037
-0.037
-0.035
-0.031
-0.027
-0.021
-0.015
-0.008
-0.003
0.001
0.005
0.009
0.012
0.016
0.019
0.022
0.025
0.029
0.033
0.036
0.039
0.04
0.042
0.044
0.048
0.052
0.06
0.077
0.088
0.098
0.106
0.105
0.083
0.025
-0.068
-0.196
-0.351
-0.523
-0.692
-0.842
-0.94
-0.951
-0.906
-0.747
-0.518
-0.255
-0.016
0.16
0.26
0.295
0.308
0.317
0.32
0.317
0.304
0.268
0.205
0.14
0.1
0.082
0.077
0.071
0.067
0.064
0.061
0.059
0.058
0.057
0.057
0.055
0.054
0.052
0.05
0.049
0.048
0.046
0.044
0.042
0.04
0.04
0.039
0.039
0.038
0.036
0.034
0.032
0.029
0.026
0.022
0.018
0.012
0.008
0.004
0.001
-0.001
-0.004
-0.008
-0.013
-0.017
-0.022
-0.027
-0.034
-0.042
-0.049
-0.057
-0.063
-0.069
-0.075
-0.081
-0.089
-0.098
-0.108
-0.117
-0.126
-0.136
-0.147
-0.157
-0.165
-0.168
-0.17
-0.172
-0.175
-0.179
-0.183
-0.185
-0.185
-0.182
-0.178
-0.174
-0.17
-0.167
-0.163
-0.157
-0.15
-0.143
-0.135
-0.128
-0.119
-0.109
-0.099
-0.087
-0.065
-0.042
-0.031
-0.025
-0.02
-0.012
-0.003
0.004
0.008
0.012
0.016
0.02
0.024
0.027
0.03
0.032
0.033
0.035
0.037
0.038
0.038
0.038
0.038
0.039
0.041
0.044
0.046
0.047
0.047
0.045
0.042
0.04
0.037
0.033
0.028
0.027
0.028
0.03
0.031
0.032
0.033
0.034
0.034
0.034
0.035
0.035
0.036
0.036
0.036
0.035
0.034
0.035
0.036
0.037
0.038
0.039
0.04
0.041
0.043
0.044
0.046
0.048
0.05
0.056
0.062
0.063
0.059
0.054
0.051
0.046
0.042
0.039
0.039
0.04
0.043
0.046
0.048
0.05
0.052
0.056
0.059
0.062
0.063
0.062
0.059
0.056
0.054
0.052
0.051
0.049
0.047
0.044
0.042
0.04
0.038
0.037
0.036
0.034
0.033
0.032
0.032
0.031
0.031
0.029
0.026
0.023
0.021
0.02
0.022
0.027
0.034
0.04
0.046
0.054
0.063
0.066
0.064
0.058
0.049
0.035
0.009
-0.008
-0.018
-0.026
-0.031
-0.036
-0.039
-0.042
-0.044
-0.046
-0.047
-0.048
-0.047
-0.044
-0.039
-0.033
-0.028
-0.022
-0.013
-0.004
0.002
0.01
0.02
0.032
0.037
0.041
0.045
0.048
0.049
0.046
0.041
0.038
0.033
0.03
0.03
0.037
0.049
0.067
0.092
0.107
0.118
0.117
0.107
0.076
0.011
-0.084
-0.213
-0.371
-0.542
-0.709
-0.856
-0.952
-0.963
-0.92
-0.755
-0.512
-0.235
0.032
0.237
0.333
0.365
0.351
0.329
0.3
0.269
0.241
0.199
0.158
0.129
0.111
0.102
0.096
0.091
0.086
0.082
0.078
0.075
0.073
0.071
0.068
0.066
0.064
0.063
0.062
0.06
0.059
0.058
0.057
0.055
0.054
0.052
0.051
0.049
0.047
0.045
0.043
0.041
0.038
0.035
0.029
0.018
0.01
0.005
0.003
0.001
0.0
-0.002
-0.004
-0.006
-0.009
-0.013
-0.018
-0.024
-0.03
-0.036
-0.042
-0.049
-0.058
-0.065
-0.072
-0.077
-0.082
-0.086
-0.092
-0.099
-0.108
-0.118
-0.126
-0.14
-0.162
-0.175
-0.18
-0.185
-0.189
-0.192
-0.194
-0.195
-0.195
-0.194
-0.192
-0.189
-0.186
-0.181
-0.176
-0.169
-0.157
-0.144
-0.129
-0.116
-0.104
-0.092
-0.081
-0.07
-0.056
-0.038
-0.02
0.0
0.017
0.027
0.031
0.033
0.036
0.038
0.041
0.043
0.044
0.045
0.045
0.045
0.045
0.045
0.044
0.042
0.04
0.037
0.036
0.034
0.033
0.032
0.032
0.031
0.03
0.029
0.027
0.024
0.02
0.017
0.015
0.015
0.016
0.019
0.023
0.025
0.028
0.03
0.033
0.036
0.039
0.041
0.042
0.043
0.044
0.045
0.046
0.047
0.047
0.048
0.048
0.049
0.05
0.051
0.052
0.052
0.052
0.052
0.051
0.051
0.051
0.051
0.051
0.051
0.052
0.053
0.054
0.054
0.053
0.053
0.052
0.051
0.05
0.05
0.05
0.05
0.05
0.051
0.053
0.054
0.055
0.055
0.054
0.054
0.054
0.053
0.052
0.05
0.049
0.048
0.048
0.048
0.048
0.048
0.048
0.047
0.046
0.046
0.045
0.043
0.041
0.039
0.037
0.036
0.036
0.036
0.036
0.035
0.035
0.034
0.032
0.029
0.025
0.021
0.016
0.011
0.007
0.002
-0.002
-0.007
-0.012
-0.017
-0.023
-0.028
-0.034
-0.039
-0.042
-0.042
-0.04
-0.037
-0.034
-0.031
-0.028
-0.025
-0.023
-0.019
-0.016
-0.012
-0.009
-0.006
-0.003
0.0
0.003
0.007
0.011
0.016
0.022
0.03
0.038
0.047
0.054
0.062
0.069
0.077
0.086
0.095
0.098
0.095
0.085
0.07
0.022
-0.061
-0.173
-0.314
-0.479
-0.656
-0.826
-0.958
-1.006
-0.997
-0.898
-0.705
-0.45
-0.181
0.055
0.228
0.313
0.344
0.344
0.326
0.3
0.273
0.238
0.196
0.145
0.097
0.073
0.064
0.06
0.057
0.055
0.054
0.052
0.051
0.049
0.046
0.042
0.038
0.035
0.032
0.03
0.027
0.024
0.022
0.02
0.019
0.017
0.016
0.014
0.013
0.011
0.01
0.008
0.007
0.005
0.003
0.001
0.0
-0.001
-0.002
-0.003
-0.004
-0.005
-0.006
-0.007
-0.01
-0.013
-0.016
-0.02
-0.027
-0.035
-0.044
-0.052
-0.059
-0.066
-0.074
-0.081
-0.09
-0.1
-0.11
-0.12
-0.13
-0.14
-0.151
-0.161
-0.169
-0.176
-0.181
-0.185
-0.19
-0.195
-0.199
-0.201
-0.201
-0.198
-0.194
-0.188
-0.182
-0.174
-0.162
-0.151
-0.141
-0.13
-0.116
-0.102
-0.088
-0.073
-0.053
-0.039
-0.029
-0.02
-0.013
-0.008
-0.003
0.003
0.01
0.02
0.031
0.036
0.041
0.045
0.049
0.052
0.055
0.057
0.058
0.059
0.06
0.06
0.06
0.059
0.059
0.059
0.058
0.057
0.057
0.057
0.057
0.058
0.059
0.06
0.06
0.059
0.058
0.057
0.056
0.055
0.053
0.052
0.051
0.05
0.051
0.052
0.053
0.053
0.053
0.053
0.053
0.053
0.052
0.05
0.05
0.053
0.054
0.055
0.056
0.057
0.058
0.06
0.061
0.062
0.064
0.065
0.066
0.066
0.065
0.065
0.064
0.063
0.062
0.06
0.059
0.057
0.056
0.055
0.054
0.052
0.051
0.05
0.049
0.049
0.048
0.046
0.045
0.043
0.042
0.041
0.04
0.039
0.039
0.039
0.039
0.039
0.04
0.041
0.042
0.044
0.047
0.048
0.044
0.04
0.039
0.037
0.035
0.033
0.031
0.029
0.027
0.025
0.023
0.021
0.019
0.018
0.016
0.015
0.014
0.012
0.01
0.007
0.002
-0.003
-0.01
-0.015
-0.021
-0.026
-0.032
-0.042
-0.056
-0.069
-0.075
-0.079
-0.083
-0.085
-0.087
-0.087
-0.083
-0.077
-0.069
-0.062
-0.056
-0.05
-0.044
-0.038
-0.032
-0.027
-0.023
-0.021
-0.018
-0.014
-0.009
-0.001
0.012
0.025
0.035
0.042
0.049
0.058
0.068
0.078
0.09
0.095
0.092
0.083
0.059
-0.001
-0.098
-0.228
-0.386
-0.557
-0.723
-0.864
-0.956
-0.97
-0.95
-0.825
-0.628
-0.383
-0.122
0.106
0.259
0.31
0.328
0.328
0.311
0.288
0.263
0.229
0.192
0.149
0.1
0.077
0.065
0.056
0.051
0.05
0.052
0.054
0.057
0.059
0.062
0.063
0.062
0.058
0.051
0.046
0.043
0.041
0.039
0.037
0.034
0.032
0.03
0.029
0.028
0.027
0.026
0.024
0.022
0.021
0.02
0.019
0.017
0.015
0.013
0.011
0.009
0.006
0.003
-0.002
-0.009
-0.016
-0.023
-0.029
-0.035
-0.041
-0.048
-0.055
-0.061
-0.068
-0.073
-0.079
-0.085
-0.09
-0.095
-0.1
-0.106
-0.112
-0.118
-0.125
-0.133
-0.141
-0.151
-0.16
-0.166
-0.17
-0.173
-0.177
-0.182
-0.186
-0.188
-0.185
-0.179
-0.17
-0.162
-0.153
-0.143
-0.133
-0.123
-0.108
-0.089
-0.076
-0.064
-0.051
-0.036
-0.02
-0.005
0.015
0.024
0.029
0.032
0.034
0.037
0.039
0.041
0.043
0.045
0.046
0.048
0.05
0.05
0.051
0.05
0.05
0.049
0.049
0.049
0.05
0.052
0.056
0.058
0.053
0.043
0.034
0.024
0.019
0.025
0.036
0.044
0.05
0.056
0.061
0.062
0.061
0.057
0.054
0.05
0.048
0.046
0.043
0.041
0.039
0.037
0.036
0.035
0.035
0.034
0.034
0.035
0.036
0.038
0.039
0.04
0.041
0.042
0.043
0.045
0.047
0.048
0.05
0.051
0.051
0.052
0.052
0.051
0.049
0.047
0.044
0.041
0.038
0.037
0.036
0.036
0.035
0.034
0.033
0.032
0.031
0.031
0.03
0.029
0.028
0.027
0.027
0.027
0.027
0.026
0.025
0.025
0.024
0.024
0.023
0.022
0.021
0.019
0.019
0.02
0.02
0.02
0.02
0.019
0.019
0.018
0.018
0.018
0.017
0.016
0.015
0.014
0.014
0.013
0.011
0.009
0.007
0.004
0.001
-0.004
-0.012
-0.02
-0.027
-0.034
-0.04
-0.044
-0.049
-0.053
-0.057
-0.06
-0.061
-0.061
-0.059
-0.054
-0.049
-0.042
-0.036
-0.027
-0.015
-0.003
0.005
0.013
0.02
0.025
0.029
0.034
0.038
0.042
0.045
0.049
0.053
0.06
0.072
0.083
0.098
0.116
0.129
0.138
0.137
0.128
0.103
0.043
-0.047
-0.169
-0.319
-0.486
-0.657
-0.812
-0.93
-0.967
-0.952
-0.837
-0.629
-0.368
-0.1
0.129
0.297
0.364
0.387
0.371
0.324
0.277
0.252
0.228
0.205
0.164
0.12
0.098
0.087
0.082
0.078
0.075
0.073
0.071
0.068
0.066
0.063
0.061
0.06
0.058
0.057
0.057
0.056
0.056
0.055
0.054
0.052
0.051
0.05
0.049
0.048
0.048
0.047
0.046
0.046
0.045
0.044
0.042
0.041
0.039
0.037
0.034
0.031
0.024
0.003
-0.012
-0.022
-0.032
-0.041
-0.047
-0.051
-0.054
-0.058
-0.061
-0.064
-0.067
-0.071
-0.074
-0.077
-0.081
-0.085
-0.091
-0.096
-0.099
-0.098
-0.095
-0.091
-0.085
-0.078
-0.066
