ECG
-0.368
-0.448
-0.535
-0.628
-0.707
-0.73
-0.738
-0.735
-0.713
-0.68
-0.642
-0.61
-0.578
-0.545
-0.511
-0.492
-0.48
-0.471
-0.468
-0.468
-0.471
-0.478
-0.488
-0.5
-0.518
-0.534
-0.555
-0.58
-0.597
-0.611
-0.632
-0.648
-0.66
-0.669
-0.677
-0.684
-0.69
-0.696
-0.702
-0.707
-0.712
-0.716
-0.719
-0.721
-0.723
-0.724
-0.725
-0.726
-0.728
-0.729
-0.731
-0.732
-0.734
-0.735
-0.736
-0.737
-0.739
-0.741
-0.743
-0.746
-0.749
-0.756
-0.772
-0.793
-0.81
-0.823
-0.834
-0.843
-0.852
-0.862
-0.873
-0.884
-0.896
-0.907
-0.917
-0.926
-0.933
-0.941
-0.956
-0.979
-0.992
-0.999
-1.003
-1.006
-1.006
-1.004
-0.998
-0.99
-0.979
-0.958
-0.925
-0.909
-0.9
-0.893
-0.889
-0.889
-0.891
-0.894
-0.898
-0.902
-0.907
-0.911
-0.91
-0.901
-0.888
-0.874
-0.856
-0.849
-0.846
-0.844
-0.841
-0.838
-0.836
-0.836
-0.838
-0.841
-0.845
-0.849
-0.853
-0.857
-0.86
-0.861
-0.857
-0.851
-0.842
-0.83
-0.811
-0.791
-0.781
-0.775
-0.771
-0.768
-0.765
-0.763
-0.761
-0.759
-0.756
-0.754
-0.752
-0.751
-0.749
-0.747
-0.744
-0.741
-0.737
-0.732
-0.726
-0.719
-0.711
-0.701
-0.689
-0.675
-0.663
-0.653
-0.642
-0.632
-0.62
-0.604
-0.588
-0.572
-0.559
-0.547
-0.532
-0.515
-0.497
-0.479
-0.461
-0.445
-0.429
-0.413
-0.394
-0.375
-0.356
-0.341
-0.321
-0.293
-0.266
-0.247
-0.225
-0.209
-0.197
-0.188
-0.181
-0.173
-0.168
-0.166
-0.164
-0.162
-0.16
-0.158
-0.157
-0.155
-0.153
-0.152
-0.15
-0.149
-0.149
-0.149
-0.149
-0.15
-0.15
-0.15
-0.149
-0.149
-0.148
-0.147
-0.147
-0.146
-0.146
-0.146
-0.147
-0.148
-0.148
-0.148
-0.148
-0.148
-0.147
-0.145
-0.143
-0.14
-0.136
-0.133
-0.129
-0.101
-0.043
0.033
0.127
0.233
0.35
0.476
0.592
0.677
0.711
0.708
0.664
0.582
0.484
0.381
0.282
0.192
0.115
0.076
0.067
0.06
0.055
0.052
0.051
0.051
0.051
0.052
0.052
0.052
0.053
0.055
0.056
0.056
0.055
0.055
0.054
0.054
0.054
0.055
0.055
0.057
0.059
0.062
0.066
0.071
0.076
0.083
0.094
0.105
0.114
0.123
0.135
0.147
0.16
0.171
0.183
0.194
0.206
0.219
0.229
0.236
0.242
0.248
0.254
0.261
0.266
0.271
0.276
0.281
0.286
0.29
0.294
0.299
0.304
0.309
0.315
0.32
0.324
0.326
0.328
0.33
0.333
0.335
0.338
0.34
0.343
0.345
0.348
0.351
0.352
0.353
0.354
0.354
0.355
0.356
0.356
0.357
0.358
0.36
0.363
0.366
0.368
0.369
0.369
0.367
0.363
0.358
0.352
0.342
0.324
0.294
0.269
0.243
0.221
0.205
0.189
0.173
0.156
0.139
0.123
0.106
0.088
0.07
0.052
0.029
0.016
0.008
0.001
-0.003
-0.005
-0.005
0.0
0.006
0.015
0.023
0.029
0.035
0.041
0.048
0.054
0.059
0.063
0.066
0.068
0.07
0.073
0.076
0.083
0.105
0.124
0.134
0.143
0.153
0.162
0.169
0.175
0.18
0.186
0.191
0.196
0.202
0.207
0.213
0.219
0.225
0.232
0.24
0.247
0.254
0.261
0.268
0.275
0.281
0.282
0.28
0.275
0.268
0.261
0.255
0.249
0.242
0.235
0.228
0.222
0.215
0.208
0.199
0.187
0.173
0.157
0.148
0.142
0.136
0.132
0.128
0.124
0.119
0.115
0.111
0.106
0.101
0.095
0.087
0.074
0.063
0.053
0.048
0.045
0.041
0.038
0.035
0.032
0.03
0.03
0.029
0.03
0.03
0.031
0.033
0.035
0.038
0.04
0.041
0.042
0.042
0.042
0.042
0.043
0.043
0.043
0.043
0.044
0.044
0.045
0.046
0.047
0.049
0.052
0.055
0.059
0.062
0.066
0.069
0.074
0.079
0.084
0.089
0.094
0.098
0.101
0.104
0.107
0.11
0.114
0.118
0.124
0.132
0.141
0.152
0.166
0.185
0.203
0.222
0.24
0.255
0.264
0.27
0.275
0.278
0.278
0.271
0.261
0.252
0.246
0.24
0.234
0.229
0.224
0.22
0.217
0.214
0.213
0.213
0.215
0.219
0.223
0.227
0.232
0.236
0.24
0.243
0.247
0.25
0.254
0.258
0.261
0.264
0.265
0.266
0.267
0.269
0.272
0.273
0.274
0.274
0.274
0.275
0.276
0.279
0.282
0.287
0.314
0.364
0.44
0.545
0.67
0.806
0.944
1.072
1.176
1.236
1.239
1.192
1.055
0.868
0.67
0.512
0.433
0.407
0.42
0.459
0.498
0.511
0.498
0.461
0.388
0.298
0.214
0.144
0.086
0.025
-0.041
-0.118
-0.205
-0.3
-0.394
-0.48
-0.558
-0.624
-0.674
-0.702
-0.716
-0.723
-0.728
-0.732
-0.735
-0.738
-0.741
-0.744
-0.747
-0.751
-0.757
-0.761
-0.76
-0.752
-0.739
-0.723
-0.701
-0.684
-0.669
-0.656
-0.646
-0.636
-0.628
-0.621
-0.613
-0.604
-0.591
-0.576
-0.556
-0.541
-0.525
-0.509
-0.492
-0.468
-0.439
-0.421
-0.411
-0.402
-0.392
-0.381
-0.366
-0.347
-0.332
-0.314
-0.289
-0.264
-0.236
-0.212
-0.194
-0.175
-0.167
-0.162
-0.158
-0.155
-0.153
-0.152
-0.15
-0.15
-0.149
-0.148
-0.147
-0.145
-0.143
-0.141
-0.139
-0.137
-0.135
-0.133
-0.131
-0.129
-0.128
-0.126
-0.124
-0.12
-0.114
-0.111
-0.111
-0.117
-0.125
-0.134
-0.142
-0.153
-0.162
-0.167
-0.17
-0.173
-0.176
-0.18
-0.181
-0.175
-0.162
-0.152
-0.143
-0.135
-0.127
-0.12
-0.113
-0.107
-0.103
-0.097
-0.093
-0.091
-0.088
-0.085
-0.081
-0.075
-0.069
-0.064
-0.059
-0.054
-0.05
-0.047
-0.043
-0.037
-0.03
-0.024
-0.02
-0.016
-0.012
-0.009
-0.007
-0.007
-0.008
-0.01
-0.011
-0.015
-0.02
-0.025
-0.031
-0.034
-0.035
-0.03
-0.019
-0.008
0.001
0.01
0.019
0.028
0.037
0.047
0.055
0.065
0.073
0.08
0.087
0.096
0.109
0.12
0.131
0.14
0.147
0.154
0.159
0.162
0.166
0.173
0.184
0.199
0.213
0.226
0.23
0.231
0.233
0.234
0.236
0.237
0.238
0.239
0.24
0.239
0.238
0.238
0.239
0.241
0.244
0.245
0.246
0.245
0.245
0.245
0.245
0.246
0.248
0.247
0.242
0.237
0.234
0.233
0.234
0.235
0.236
0.239
0.243
0.246
0.248
0.25
0.251
0.255
0.26
0.265
0.27
0.274
0.277
0.28
0.281
0.283
0.287
0.292
0.3
0.311
0.328
0.34
0.345
0.348
0.349
0.35
0.352
0.352
0.353
0.35
0.345
0.337
0.329
0.321
0.32
0.331
0.351
0.369
0.388
0.4
0.409
0.417
0.424
0.427
0.422
0.408
0.386
0.354
0.333
0.319
0.301
0.278
0.266
0.258
0.251
0.248
0.248
0.246
0.243
0.24
0.238
0.235
0.23
0.228
0.227
0.22
0.204
0.184
0.172
0.167
0.163
0.162
0.159
0.157
0.154
0.153
0.153
0.153
0.152
0.153
0.154
0.157
0.161
0.165
0.191
0.253
0.341
0.455
0.591
0.742
0.896
1.033
1.133
1.161
1.149
1.052
0.88
0.675
0.476
0.322
0.226
0.186
0.176
0.169
0.16
0.152
0.144
0.128
0.095
0.072
0.061
0.053
0.048
0.042
0.037
0.033
0.031
0.028
0.025
0.019
0.008
-0.007
-0.015
-0.019
-0.023
-0.028
-0.035
-0.041
-0.043
-0.043
-0.041
-0.038
-0.036
-0.033
-0.028
-0.025
-0.023
-0.021
-0.019
-0.015
-0.011
-0.009
-0.01
-0.011
-0.012
-0.011
-0.01
-0.008
-0.005
-0.001
0.003
0.009
0.015
0.021
0.026
0.031
0.038
0.043
0.046
0.049
0.052
0.056
0.058
0.058
0.058
0.058
0.061
0.064
0.068
0.077
0.096
0.116
0.138
0.158
0.177
0.186
0.193
0.201
0.207
0.211
0.212
0.213
0.213
0.214
0.213
0.21
0.204
0.199
0.192
0.183
0.173
0.159
0.137
0.119
0.104
0.076
0.033
0.001
-0.017
-0.031
-0.042
-0.052
-0.061
-0.072
-0.084
-0.095
-0.106
-0.117
-0.125
-0.132
-0.143
-0.154
-0.161
-0.168
-0.174
-0.178
-0.18
-0.181
-0.183
-0.186
-0.189
-0.192
-0.195
-0.197
-0.198
-0.198
-0.197
-0.195
-0.193
-0.19
-0.188
-0.187
-0.186
-0.186
-0.184
-0.182
-0.179
-0.175
-0.17
-0.166
-0.162
-0.159
-0.156
-0.154
-0.153
-0.151
-0.149
-0.145
-0.141
-0.138
-0.137
-0.138
-0.141
-0.145
-0.149
-0.154
-0.157
-0.159
-0.161
-0.162
-0.164
-0.166
-0.168
-0.17
-0.172
-0.173
-0.173
-0.172
-0.171
-0.17
-0.169
-0.168
-0.168
-0.168
-0.169
-0.169
-0.168
-0.166
-0.164
-0.16
-0.157
-0.154
-0.15
-0.145
-0.14
-0.134
-0.12
-0.106
-0.092
-0.079
-0.069
-0.06
-0.051
-0.044
-0.038
-0.035
-0.032
-0.03
-0.029
-0.029
-0.03
-0.031
-0.032
-0.032
-0.032
-0.033
-0.033
-0.034
-0.035
-0.037
-0.039
-0.04
-0.042
-0.043
-0.042
-0.041
-0.039
-0.037
-0.034
-0.031
-0.029
-0.028
-0.027
-0.026
-0.027
-0.027
-0.027
-0.028
-0.029
-0.029
-0.028
-0.026
-0.024
-0.023
-0.021
-0.018
-0.016
-0.013
-0.01
-0.002
0.021
0.039
0.051
0.059
0.066
0.073
0.081
0.088
0.094
0.1
0.108
0.122
0.142
0.15
0.155
0.16
0.164
0.165
0.16
0.148
0.133
0.118
0.097
0.081
0.068
0.06
0.055
0.05
0.047
0.045
0.043
0.043
0.045
0.05
0.056
0.064
0.074
0.084
0.099
0.115
0.128
0.14
0.152
0.165
0.175
0.181
0.185
0.187
0.188
0.189
0.189
0.19
0.191
0.192
0.193
0.194
0.195
0.197
0.201
0.208
0.239
0.299
0.386
0.499
0.637
0.79
0.942
1.064
1.128
1.128
1.059
0.893
0.68
0.457
0.278
0.167
0.126
0.111
0.103
0.097
0.09
0.082
0.074
0.068
0.062
0.055
0.046
0.035
0.021
0.007
-0.009
-0.032
-0.036
-0.034
-0.034
-0.034
-0.034
-0.034
-0.033
-0.032
-0.032
-0.031
-0.029
-0.026
-0.024
-0.022
-0.019
-0.017
-0.014
-0.013
-0.011
-0.009
-0.006
-0.003
0.0
0.003
0.009
0.017
0.025
0.032
0.038
0.045
0.052
0.057
0.063
0.069
0.075
0.082
0.089
0.096
0.102
0.11
0.12
0.13
0.138
0.145
0.154
0.164
0.176
0.189
0.203
0.219
0.237
0.258
0.279
0.299
0.322
0.338
0.349
0.359
0.37
0.381
0.392
0.405
0.422
0.437
0.452
0.462
0.47
0.478
0.483
0.485
0.483
0.478
0.47
0.46
0.445
0.42
0.399
0.372
0.336
0.297
0.256
0.222
0.196
0.171
0.15
0.132
0.114
0.096
0.081
0.067
0.056
0.047
0.039
0.033
0.029
0.026
0.024
0.021
0.019
0.018
0.018
0.019
0.021
0.024
0.027
0.03
0.034
0.039
0.042
0.046
0.048
0.05
0.052
0.052
0.051
0.05
0.049
0.048
0.047
0.046
0.045
0.044
0.045
0.046
0.047
0.048
0.05
0.052
0.053
0.055
0.056
0.058
0.061
0.064
0.067
0.07
0.074
0.078
0.082
0.086
0.089
0.09
0.091
0.09
0.089
0.086
0.084
0.081
0.079
0.078
0.076
0.074
0.072
0.069
0.066
0.062
0.058
0.054
0.049
0.045
0.042
0.039
0.036
0.033
0.03
0.029
0.027
0.025
0.022
0.019
0.017
0.015
0.014
0.014
0.014
0.014
0.014
0.015
0.015
0.015
0.014
0.013
0.013
0.012
0.011
0.011
0.011
0.012
0.014
0.014
0.015
0.016
0.016
0.015
0.014
0.014
0.013
0.012
0.011
0.01
0.01
0.009
0.008
0.008
0.008
0.007
0.007
0.007
0.008
0.009
0.011
0.013
0.015
0.017
0.019
0.02
0.023
0.025
0.027
0.029
0.033
0.037
0.042
0.048
0.053
0.059
0.064
0.069
0.074
0.079
0.084
0.089
0.095
0.103
0.111
0.117
0.122
0.124
0.123
0.119
0.112
0.104
0.095
0.083
0.066
0.048
0.034
0.019
0.0
-0.025
-0.048
-0.069
-0.085
-0.101
-0.116
-0.131
-0.146
-0.161
-0.176
-0.194
-0.215
-0.235
-0.255
-0.275
-0.299
-0.313
-0.321
-0.327
-0.332
-0.338
-0.345
-0.352
-0.359
-0.365
-0.373
-0.383
-0.398
-0.411
-0.418
-0.424
-0.432
-0.44
-0.444
-0.436
-0.415
-0.359
-0.284
-0.192
-0.079
0.04
0.15
0.216
0.237
0.21
0.128
-0.032
-0.238
-0.456
-0.634
-0.765
-0.826
-0.846
-0.861
-0.877
-0.891
-0.911
-0.935
-0.952
-0.958
-0.961
-0.964
-0.966
-0.967
-0.968
-0.969
-0.969
-0.969
-0.968
-0.968
-0.968
-0.968
-0.968
-0.969
-0.97
-0.969
-0.968
-0.967
-0.965
-0.962
-0.959
-0.958
-0.956
-0.954
-0.953
-0.95
-0.948
-0.944
-0.937
-0.919
-0.901
-0.883
-0.867
-0.853
-0.839
-0.826
-0.813
-0.8
-0.788
-0.775
-0.763
-0.749
-0.732
-0.71
-0.683
-0.662
-0.646
-0.631
-0.619
-0.608
-0.595
-0.58
-0.563
-0.544
-0.521
-0.495
-0.471
-0.438
-0.398
-0.366
-0.343
-0.318
-0.284
-0.243
-0.202
-0.157
-0.107
-0.061
-0.019
0.022
0.057
0.085
0.115
0.131
0.142
0.151
0.157
0.161
0.164
0.164
0.163
0.157
0.15
0.141
0.13
0.119
0.105
0.085
0.066
0.052
0.04
0.031
0.025
0.02
0.016
0.012
0.009
0.006
0.002
0.0
-0.003
-0.006
-0.007
-0.007
-0.004
0.001
0.008
0.017
0.025
0.034
0.043
0.05
0.058
0.064
0.072
0.081
0.091
0.101
0.111
0.121
0.128
0.135
0.14
0.144
0.147
0.15
0.155
0.16
0.167
0.176
0.185
0.192
0.197
0.202
0.207
0.21
0.212
0.213
0.214
0.214
0.215
0.214
0.213
0.212
0.211
0.211
0.211
0.212
0.213
0.215
0.217
0.22
0.223
0.226
0.23
0.233
0.236
0.239
0.241
0.244
0.246
0.248
0.25
0.253
0.256
0.258
0.26
0.262
0.263
0.263
0.262
0.261
0.263
0.266
0.266
0.259
0.245
0.232
0.225
0.22
0.215
0.209
0.204
0.198
0.193
0.187
0.181
0.176
0.173
0.171
0.169
0.166
0.163
0.159
0.155
0.148
0.14
0.133
0.128
0.126
0.129
0.135
0.145
0.157
0.17
0.182
0.195
0.208
0.22
0.231
0.242
0.252
0.26
0.267
0.274
0.28
0.286
0.291
0.295
0.298
0.301
0.302
0.303
0.303
0.303
0.302
0.301
0.298
0.294
0.288
0.282
0.275
0.27
0.265
0.262
0.26
0.261
0.262
0.263
0.264
0.265
0.265
0.265
0.264
0.264
0.263
0.262
0.262
0.262
0.26
0.257
0.252
0.245
0.237
0.225
0.205
0.183
0.164
0.144
0.123
0.1
0.081
0.064
0.057
0.054
0.052
0.05
0.049
0.049
0.048
0.046
0.045
0.044
0.042
0.04
0.038
0.035
0.033
0.029
0.025
0.02
0.015
0.008
0.0
-0.007
-0.015
-0.026
-0.038
-0.048
-0.052
-0.051
-0.043
-0.033
-0.012
0.044
0.122
0.247
0.408
0.584
0.751
0.868
0.907
0.878
0.792
0.609
0.4
0.211
0.044
-0.031
-0.062
-0.083
-0.098
-0.114
-0.133
-0.152
-0.167
-0.18
-0.194
-0.204
-0.212
-0.217
-0.22
-0.222
-0.223
-0.222
-0.221
-0.221
-0.221
-0.222
-0.222
-0.219
-0.207
-0.19
-0.176
-0.166
-0.159
-0.152
-0.146
-0.142
-0.139
-0.136
-0.133
-0.13
-0.127
-0.123
-0.12
-0.117
-0.114
-0.112
-0.108
-0.104
-0.1
-0.095
-0.089
-0.082
-0.073
-0.065
-0.056
-0.048
-0.041
-0.033
-0.025
-0.017
-0.007
0.003
0.015
0.027
0.039
0.053
0.07
0.092
0.114
0.136
0.154
0.168
0.179
0.189
0.199
0.206
0.21
0.214
0.219
0.225
0.23
0.236
0.241
0.245
0.249
0.251
0.251
0.25
0.249
0.247
0.244
0.24
0.236
0.231
0.226
0.214
0.187
0.158
0.129
0.098
0.062
0.031
0.005
-0.018
-0.04
-0.058
-0.075
-0.091
-0.11
-0.129
-0.141
-0.15
-0.158
-0.165
-0.171
-0.176
-0.18
-0.183
-0.186
-0.189
-0.193
-0.196
-0.199
-0.201
-0.202
-0.203
-0.203
-0.203
-0.203
-0.203
-0.204
-0.204
-0.205
-0.205
-0.205
-0.204
-0.204
-0.202
-0.201
-0.2
-0.198
-0.198
-0.197
-0.197
-0.198
-0.198
-0.198
-0.197
-0.195
-0.192
-0.19
-0.188
-0.186
-0.185
-0.184
-0.184
-0.184
-0.184
-0.184
-0.184
-0.184
-0.183
-0.183
-0.182
-0.181
-0.181
-0.181
-0.182
-0.183
-0.183
-0.183
-0.183
-0.181
-0.18
-0.179
-0.178
-0.177
-0.175
-0.173
-0.171
-0.169
-0.167
-0.164
-0.162
-0.16
-0.158
-0.157
-0.157
-0.157
-0.157
-0.158
-0.158
-0.157
-0.155
-0.151
-0.148
-0.144
-0.14
-0.137
-0.134
-0.132
-0.131
-0.131
-0.13
-0.13
-0.129
-0.128
-0.124
-0.12
-0.116
-0.117
-0.128
-0.144
-0.158
-0.167
-0.175
-0.184
-0.192
-0.2
-0.207
-0.213
-0.218
-0.222
-0.225
-0.227
-0.229
-0.229
-0.229
-0.228
-0.226
-0.223
-0.22
-0.217
-0.213
-0.209
-0.205
-0.201
-0.197
-0.195
-0.193
-0.19
-0.188
-0.186
-0.184
-0.182
-0.179
-0.177
-0.176
-0.174
-0.173
-0.171
-0.169
-0.168
-0.167
-0.164
-0.16
-0.156
-0.149
-0.14
-0.129
-0.111
-0.09
-0.064
-0.037
-0.013
0.009
0.028
0.038
0.045
0.049
0.053
0.056
0.059
0.061
0.064
0.065
0.066
0.066
0.066
0.065
0.064
0.064
0.065
0.067
0.071
0.076
0.081
0.086
0.091
0.096
0.101
0.106
0.11
0.115
0.12
0.125
0.131
0.138
0.145
0.152
0.158
0.163
0.167
0.17
0.173
0.174
0.175
0.176
0.178
0.18
0.185
0.192
0.208
0.248
0.325
0.438
0.588
0.763
0.929
1.06
1.104
1.089
1.044
0.916
0.75
0.564
0.43
0.302
0.215
0.173
0.157
0.149
0.143
0.139
0.134
0.13
0.127
0.123
0.12
0.119
0.118
0.118
0.117
0.117
0.116
0.115
0.115
0.116
0.117
0.12
0.124
0.129
0.135
0.142
0.149
0.156
0.163
0.17
0.176
0.181
0.186
0.192
0.198
0.205
0.213
0.221
0.229
0.236
0.243
0.25
0.255
0.259
0.262
0.264
0.266
0.267
0.269
0.271
0.274
0.278
0.283
0.287
0.291
0.294
0.297
0.3
0.303
0.306
0.309
0.312
0.315
0.321
0.327
0.333
0.34
0.349
0.359
0.375
0.392
0.405
0.415
0.422
0.428
0.433
0.437
0.442
0.445
0.447
0.449
0.451
0.45
0.448
0.444
0.439
0.432
0.423
0.414
0.404
0.389
0.371
0.355
0.337
0.317
0.295
0.275
0.258
0.244
0.23
0.216
0.201
0.185
0.169
0.155
0.139
0.121
0.103
0.087
0.074
0.061
0.048
0.035
0.021
0.01
0.002
-0.004
-0.009
-0.013
-0.017
-0.022
-0.027
-0.032
-0.038
-0.044
-0.051
-0.056
-0.061
-0.065
-0.068
-0.071
-0.072
-0.074
-0.076
-0.078
-0.08
-0.083
-0.086
-0.089
-0.09
-0.092
-0.093
-0.093
-0.094
-0.094
-0.094
-0.093
-0.093
-0.093
-0.094
-0.095
-0.097
-0.098
-0.1
-0.101
-0.103
-0.105
-0.108
-0.11
-0.112
-0.114
-0.115
-0.116
-0.118
-0.121
-0.123
-0.125
-0.129
-0.134
-0.139
-0.142
-0.141
-0.135
-0.125
-0.114
-0.104
-0.096
-0.089
-0.082
-0.075
-0.068
-0.062
-0.056
-0.051
-0.047
-0.043
-0.041
-0.039
-0.039
-0.038
-0.038
-0.037
-0.036
-0.034
-0.032
-0.029
-0.026
-0.024
-0.021
-0.019
-0.019
-0.02
-0.022
-0.027
-0.034
-0.043
-0.053
-0.062
-0.07
-0.077
-0.083
-0.089
-0.096
-0.103
-0.109
-0.116
-0.122
-0.128
-0.134
-0.14
-0.146
-0.152
-0.157
-0.162
-0.167
-0.172
-0.175
-0.178
-0.181
-0.184
-0.186
-0.188
-0.189
-0.191
-0.192
-0.193
-0.194
-0.194
-0.195
-0.195
-0.194
-0.193
-0.192
-0.19
-0.188
-0.186
-0.184
-0.183
-0.181
-0.178
-0.176
-0.173
-0.17
-0.168
-0.165
-0.164
-0.162
-0.161
-0.161
-0.161
-0.162
-0.16
-0.158
-0.156
-0.154
-0.153
-0.153
-0.153
-0.155
-0.157
-0.161
-0.165
-0.17
-0.174
-0.179
-0.183
-0.187
-0.191
-0.193
-0.192
-0.188
-0.181
-0.174
-0.166
-0.159
-0.154
-0.149
-0.144
-0.139
-0.135
-0.131
-0.127
-0.123
-0.119
-0.115
-0.113
-0.112
-0.11
-0.108
-0.105
-0.101
-0.096
-0.091
-0.084
-0.076
-0.066
-0.055
-0.043
-0.027
-0.004
0.038
0.104
0.199
0.307
0.436
0.566
0.715
0.854
0.944
0.976
0.932
0.793
0.575
0.345
0.151
0.054
0.023
0.047
0.058
0.06
0.062
0.064
0.066
0.068
0.071
0.073
0.076
0.079
0.081
0.081
0.08
0.08
0.08
0.081
0.082
0.084
0.085
0.086
0.087
0.087
0.088
0.088
0.089
0.09
0.091
0.092
0.091
0.091
0.09
0.089
0.088
0.088
0.087
0.087
0.088
0.089
0.09
0.091
0.092
0.093
0.094
0.095
0.095
0.095
0.095
0.095
0.096
0.097
0.099
0.102
0.105
0.109
0.114
0.118
0.123
0.127
0.131
0.135
0.14
0.145
0.152
0.161
0.173
0.192
0.212
0.229
0.246
0.262
0.277
0.291
0.3
0.308
0.313
0.317
0.321
0.325
0.328
0.331
0.333
0.333
0.333
0.33
0.325
0.319
0.31
0.301
0.287
0.261
0.239
0.224
0.212
0.201
0.189
0.178
0.165
0.15
0.134
0.118
0.101
0.085
0.067
0.047
0.028
0.012
-0.002
-0.014
-0.024
-0.035
-0.046
-0.055
-0.064
-0.07
-0.072
-0.073
-0.074
-0.074
-0.075
-0.075
-0.076
-0.078
-0.079
-0.079
-0.08
-0.08
-0.08
-0.08
-0.08
-0.08
-0.08
-0.081
-0.081
-0.081
-0.082
-0.083
-0.084
-0.084
-0.083
-0.082
-0.08
-0.078
-0.076
-0.073
-0.07
-0.067
-0.064
-0.06
-0.056
-0.05
-0.044
-0.037
-0.03
-0.024
-0.019
-0.015
-0.012
-0.012
-0.014
-0.016
-0.018
-0.021
-0.024
-0.027
-0.03
-0.032
-0.036
-0.04
-0.045
-0.048
-0.051
-0.05
-0.046
-0.039
-0.03
-0.02
-0.01
0.005
0.02
0.032
0.043
0.049
0.052
0.055
0.058
0.06
0.062
0.063
0.065
0.066
0.068
0.07
0.073
0.075
0.077
0.08
0.082
0.085
0.087
0.09
0.093
0.095
0.099
0.102
0.106
0.111
0.116
0.122
0.128
0.133
0.136
0.137
0.138
0.139
0.139
0.14
0.14
0.14
0.142
0.145
0.148
0.15
0.149
0.145
0.139
0.133
0.129
0.124
0.119
0.113
0.108
0.102
0.098
0.095
0.093
0.092
0.09
0.088
0.088
0.087
0.087
0.086
0.085
0.083
0.082
0.08
0.079
0.079
0.079
0.078
0.077
0.076
0.075
0.074
0.072
0.068
0.064
0.058
0.053
0.046
0.039
0.029
0.01
-0.006
-0.015
-0.022
-0.026
-0.03
-0.034
-0.037
-0.04
-0.042
-0.043
-0.043
-0.043
-0.042
-0.04
-0.036
-0.03
-0.024
-0.017
-0.01
-0.002
0.005
0.017
0.029
0.038
0.045
0.05
0.055
0.061
0.065
0.069
0.073
0.077
0.082
0.086
0.091
0.099
0.11
0.132
0.173
0.246
0.334
0.447
0.569
0.716
0.856
0.953
0.986
0.946
0.821
0.596
0.362
0.157
0.038
-0.001
0.018
0.055
0.077
0.081
0.085
0.087
0.08
0.068
0.064
0.063
0.062
0.061
0.058
0.056
0.052
0.048
0.045
0.044
0.042
0.042
0.041
0.041
0.04
0.039
0.037
0.036
0.035
0.034
0.034
0.034
0.034
0.035
0.036
0.038
0.04
0.042
0.044
0.047
0.05
0.052
0.055
0.06
0.07
0.077
0.071
0.055
0.03
-0.004
-0.031
-0.051
-0.072
-0.092
-0.112
-0.138
-0.159
-0.176
-0.186
-0.189
-0.191
-0.194
-0.196
-0.198
-0.197
-0.187
-0.172
-0.154
-0.13
-0.101
-0.084
-0.072
-0.061
-0.053
-0.049
-0.049
-0.049
-0.049
-0.049
-0.049
-0.048
-0.048
-0.048
-0.048
-0.049
-0.049
-0.05
-0.053
-0.058
-0.065
-0.073
-0.081
-0.09
-0.104
-0.119
-0.131
-0.144
-0.169
-0.205
-0.227
-0.24
-0.249
-0.255
-0.26
-0.263
-0.265
-0.267
-0.269
-0.27
-0.271
-0.272
-0.272
-0.271
-0.27
-0.269
-0.267
-0.265
-0.263
-0.26
-0.258
-0.256
-0.254
-0.252
-0.249
-0.246
-0.243
-0.239
-0.236
-0.233
-0.23
-0.227
-0.223
-0.221
-0.218
-0.216
-0.214
-0.212
-0.21
-0.207
-0.205
-0.203
-0.202
-0.2
-0.199
-0.198
-0.197
-0.197
-0.197
-0.197
-0.197
-0.197
-0.196
-0.195
-0.195
-0.194
-0.194
-0.193
-0.192
-0.191
-0.19
-0.189
-0.187
-0.186
-0.184
-0.181
-0.178
-0.175
-0.172
-0.169
-0.166
-0.163
-0.16
-0.156
-0.151
-0.147
-0.142
-0.137
-0.132
-0.127
-0.123
-0.119
-0.117
-0.116
-0.117
-0.118
-0.12
-0.122
-0.124
-0.126
-0.129
-0.131
-0.133
-0.135
-0.136
-0.137
-0.139
-0.141
-0.143
-0.145
-0.147
-0.148
-0.148
-0.149
-0.149
-0.15
-0.149
-0.149
-0.148
-0.147
-0.146
-0.145
-0.145
-0.145
-0.144
-0.143
-0.142
-0.141
-0.142
-0.143
-0.145
-0.147
-0.148
-0.15
-0.152
-0.154
-0.156
-0.157
-0.157
-0.157
-0.155
-0.152
-0.148
-0.143
-0.137
-0.131
-0.124
-0.116
-0.106
-0.098
-0.089
-0.079
-0.068
-0.057
-0.046
-0.035
-0.024
-0.016
-0.01
-0.004
0.0
0.004
0.008
0.012
0.016
0.019
0.023
0.027
0.031
0.037
0.043
0.049
0.05
0.048
0.041
0.031
0.018
-0.002
-0.04
-0.063
-0.076
-0.086
-0.094
-0.099
-0.103
-0.107
-0.111
-0.114
-0.117
-0.118
-0.118
-0.114
-0.107
-0.098
-0.088
-0.077
-0.059
-0.044
-0.033
-0.023
-0.015
-0.009
-0.003
0.001
0.006
0.012
0.017
0.022
0.025
0.028
0.032
0.035
0.039
0.043
0.047
0.054
0.061
0.072
0.118
0.195
0.303
0.436
0.614
0.798
0.967
1.083
1.1
1.07
0.929
0.735
0.531
0.392
0.284
0.239
0.233
0.229
0.225
0.221
0.216
0.213
0.21
0.207
0.205
0.203
0.2
0.199
0.198
0.199
0.198
0.198
0.198
0.198
0.198
0.198
0.198
0.198
0.197
0.197
0.197
0.198
0.199
0.2
0.202
0.204
0.206
0.208
0.21
0.212
0.214
0.215
0.217
0.219
0.221
0.225
0.229
0.233
0.238
0.243
0.249
0.255
0.261
0.267
0.273
0.28
0.289
0.304
0.319
0.332
0.344
0.355
0.365
0.376
0.386
0.396
0.405
0.417
0.431
0.443
0.454
0.463
0.47
0.476
0.484
0.492
0.5
0.509
0.519
0.528
0.538
0.547
0.557
0.566
0.576
0.586
0.595
0.603
0.611
0.618
0.627
0.634
0.639
0.639
0.634
0.624
0.611
0.595
0.569
0.546
0.515
0.48
0.45
0.416
0.389
0.372
0.355
0.34
0.329
0.322
0.316
0.31
0.302
0.294
0.286
0.277
0.266
0.253
0.239
0.227
0.216
0.203
0.188
0.173
0.158
0.143
0.128
0.113
0.096
0.078
0.057
0.03
0.019
0.014
0.01
0.007
0.004
0.002
0.001
0.0
-0.002
-0.005
-0.008
-0.011
-0.013
-0.015
-0.016
-0.018
-0.019
-0.022
-0.024
-0.028
-0.035
-0.052
-0.069
-0.086
-0.1
-0.112
-0.122
-0.133
-0.145
-0.156
-0.164
-0.17
-0.176
-0.181
-0.186
-0.191
-0.197
-0.202
-0.205
-0.209
-0.212
-0.215
-0.22
-0.225
-0.229
-0.231
-0.23
-0.226
-0.22
-0.215
-0.211
-0.208
-0.206
-0.204
-0.203
-0.201
-0.2
-0.199
-0.198
-0.196
-0.193
-0.192
-0.192
-0.191
-0.191
-0.191
-0.19
-0.188
-0.187
-0.186
-0.185
-0.183
-0.181
-0.179
-0.177
-0.175
-0.173
-0.172
-0.17
-0.168
-0.165
-0.161
-0.158
-0.154
-0.147
-0.139
-0.13
-0.123
-0.115
-0.107
-0.1
-0.093
-0.086
-0.08
-0.074
-0.07
-0.067
-0.065
-0.064
-0.064
-0.063
-0.063
-0.062
-0.06
-0.058
-0.055
-0.054
-0.054
-0.056
-0.059
-0.063
-0.066
-0.073
-0.077
-0.07
-0.055
-0.045
-0.039
-0.033
-0.028
-0.022
-0.015
-0.008
0.0
0.007
0.014
0.021
0.031
0.041
0.052
0.063
0.073
0.081
0.089
0.097
0.104
0.107
0.105
0.099
0.09
0.08
0.073
0.065
0.057
0.05
0.044
0.039
0.035
0.033
0.032
0.031
0.03
0.03
0.029
0.029
0.029
0.03
0.03
0.031
0.031
0.033
0.034
0.037
0.04
0.043
0.045
0.049
0.053
0.056
0.056
0.049
0.037
0.022
0.005
-0.019
-0.031
-0.036
-0.043
-0.049
-0.036
0.005
0.068
0.16
0.279
0.411
0.553
0.689
0.8
0.866
0.872
0.825
0.69
0.503
0.305
0.136
0.023
-0.016
-0.026
-0.034
-0.045
-0.059
-0.074
-0.086
-0.098
-0.109
-0.117
-0.119
-0.116
-0.108
-0.096
-0.081
-0.054
-0.016
0.014
0.051
0.07
0.078
0.085
0.09
0.096
0.1
0.104
0.107
0.109
0.11
0.11
0.109
0.108
0.106
0.103
0.099
0.094
0.089
0.084
0.079
0.074
0.067
0.052
0.036
0.022
0.009
-0.003
-0.015
-0.027
-0.039
-0.051
-0.064
-0.081
-0.104
-0.119
-0.126
-0.13
-0.134
-0.138
-0.141
-0.143
-0.145
-0.145
-0.145
-0.144
-0.142
-0.139
-0.134
-0.129
-0.123
-0.117
-0.111
-0.106
-0.102
-0.098
-0.094
-0.089
-0.086
-0.082
-0.078
-0.075
-0.072
-0.07
-0.069
-0.069
-0.07
-0.073
-0.076
-0.079
-0.084
-0.089
-0.095
-0.102
-0.109
-0.116
-0.126
-0.144
-0.163
-0.18
-0.196
-0.205
-0.213
-0.22
-0.227
-0.233
-0.238
-0.242
-0.246
-0.249
-0.252
-0.255
-0.258
-0.259
-0.261
-0.262
-0.264
-0.267
-0.27
-0.273
-0.276
-0.278
-0.278
-0.277
-0.271
-0.263
-0.253
-0.243
-0.232
-0.222
-0.211
-0.2
-0.189
-0.179
-0.173
-0.169
-0.166
-0.164
-0.163
-0.162
-0.161
-0.161
-0.16
-0.16
-0.159
-0.158
-0.156
-0.154
-0.152
-0.149
-0.147
-0.144
-0.142
-0.14
-0.138
-0.136
-0.134
-0.131
-0.128
-0.124
-0.12
-0.116
-0.11
-0.105
-0.099
-0.093
-0.088
-0.082
-0.077
-0.072
-0.066
-0.061
-0.057
-0.054
-0.05
-0.046
-0.043
-0.039
-0.035
-0.032
-0.029
-0.027
-0.026
-0.025
-0.025
-0.025
-0.025
-0.024
-0.024
-0.023
-0.022
-0.02
-0.018
-0.017
-0.015
-0.013
-0.012
-0.012
-0.011
-0.01
-0.008
-0.007
-0.006
-0.006
-0.004
-0.002
0.0
0.002
0.005
0.007
0.01
0.013
0.018
0.022
0.027
0.032
0.036
0.04
0.045
0.051
0.057
0.063
0.069
0.074
0.078
0.083
0.088
0.092
0.097
0.102
0.106
0.11
0.114
0.117
0.12
0.123
0.126
0.129
0.131
0.134
0.136
0.138
0.14
0.142
0.144
0.146
0.147
0.149
0.153
0.157
0.162
0.167
0.172
0.177
0.182
0.187
0.191
0.195
0.198
0.2
0.201
0.203
0.206
0.207
0.209
0.21
0.212
0.213
0.215
0.217
0.218
0.219
0.219
0.219
0.218
0.216
0.213
0.209
0.205
0.2
0.195
0.19
0.185
0.18
0.175
0.169
0.163
0.151
0.139
0.13
0.123
0.117
0.111
0.106
0.102
0.098
0.094
0.091
0.088
0.086
0.084
0.082
0.08
0.078
0.075
0.07
0.062
0.058
0.066
0.088
0.148
0.225
0.326
0.445
0.585
0.731
0.873
0.987
1.026
0.999
0.915
0.719
0.487
0.279
0.132
0.1
0.094
0.088
0.083
0.079
0.074
0.07
0.069
0.068
0.068
0.069
0.071
0.076
0.082
0.087
0.091
0.095
0.099
0.104
0.109
0.114
0.118
0.121
0.125
0.129
0.133
0.137
0.14
0.144
0.146
0.148
0.15
0.152
0.153
0.155
0.156
0.157
0.159
0.161
0.163
0.165
0.167
0.168
0.17
0.171
0.172
0.174
0.176
0.178
0.181
0.185
0.189
0.197
0.207
0.218
0.228
0.237
0.247
0.256
0.264
0.271
0.278
0.285
0.29
0.295
0.298
0.301
0.304
0.306
0.308
0.309
0.311
0.312
0.315
0.32
0.325
0.329
0.328
0.322
0.312
0.3
0.289
0.277
0.264
0.254
0.246
0.238
0.228
0.216
0.203
0.19
0.168
0.137
0.083
0.017
-0.057
-0.137
-0.215
-0.289
-0.363
-0.434
-0.492
-0.521
-0.532
-0.537
-0.541
-0.544
-0.545
-0.546
-0.546
-0.546
-0.546
-0.546
-0.545
-0.545
-0.544
-0.543
-0.541
-0.54
-0.537
-0.53
-0.526
-0.535
-0.553
-0.561
-0.566
-0.571
-0.575
-0.58
-0.584
-0.589
-0.595
-0.6
-0.604
-0.607
-0.61
-0.612
-0.614
-0.616
-0.619
-0.622
-0.627
-0.632
-0.636
-0.641
-0.646
-0.65
-0.654
-0.658
-0.66
-0.662
-0.665
-0.668
-0.672
-0.675
-0.677
-0.677
-0.673
-0.668
-0.66
-0.651
-0.64
-0.622
-0.605
-0.588
-0.572
-0.556
-0.539
-0.519
-0.505
-0.494
-0.484
-0.477
-0.471
-0.465
-0.46
-0.456
-0.452
-0.449
-0.447
-0.444
-0.441
-0.439
-0.436
-0.433
-0.43
-0.427
-0.423
-0.418
-0.412
-0.405
-0.394
-0.381
-0.369
-0.358
-0.35
-0.343
-0.338
-0.333
-0.329
-0.325
-0.32
-0.316
-0.312
-0.308
-0.303
-0.296
-0.286
-0.274
-0.263
-0.251
-0.241
-0.233
-0.226
-0.217
-0.209
-0.201
-0.192
-0.177
-0.156
-0.137
-0.121
-0.107
-0.094
-0.079
-0.071
-0.066
-0.062
-0.059
-0.055
-0.052
-0.048
-0.044
-0.041
-0.037
-0.033
-0.029
-0.023
-0.014
0.001
0.014
0.026
0.038
0.051
0.065
0.081
0.097
0.112
0.126
0.139
0.154
0.173
0.197
0.21
0.217
0.224
0.229
0.233
0.237
0.24
0.244
0.246
0.249
0.251
0.253
0.255
0.256
0.258
0.26
0.262
0.263
0.265
0.267
0.268
0.27
0.271
0.273
0.273
0.274
0.274
0.275
0.276
0.276
0.275
0.275
0.273
0.272
0.27
0.268
0.264
0.26
0.257
0.253
0.249
0.245
0.24
0.231
0.21
0.199
0.194
0.189
0.183
0.185
0.201
0.249
0.313
0.402
0.513
0.645
0.786
0.923
1.032
1.078
1.074
1.004
0.853
0.659
0.468
0.314
0.209
0.171
0.159
0.152
0.147
0.141
0.135
0.129
0.124
0.121
0.118
0.116
0.114
0.113
0.112
0.11
0.109
0.108
0.108
0.109
0.111
0.114
0.117
0.119
0.121
0.123
0.126
0.128
0.129
0.131
0.131
0.132
0.133
0.134
0.136
0.137
0.137
0.138
0.139
0.139
0.14
0.141
0.142
0.142
0.143
0.145
0.146
0.149
0.153
0.156
0.16
0.164
0.169
0.178
0.188
0.197
0.206
0.214
0.22
0.225
0.231
0.236
0.24
0.244
0.248
0.252
0.255
0.258
0.261
0.264
0.266
0.267
0.269
0.271
0.274
0.276
0.279
0.28
0.282
0.283
0.283
0.282
0.281
0.279
0.275
0.271
0.267
0.261
0.255
0.248
0.241
0.231
0.209
0.188
0.168
0.136
0.096
0.06
0.024
-0.011
-0.045
-0.073
-0.092
-0.103
-0.107
-0.109
-0.111
-0.113
-0.114
-0.116
-0.118
-0.119
-0.12
-0.121
-0.121
-0.12
-0.118
-0.115
-0.112
-0.109
-0.105
-0.101
-0.097
-0.094
-0.09
-0.087
-0.084
-0.08
-0.076
-0.07
-0.064
-0.058
-0.052
-0.046
-0.04
-0.033
-0.026
-0.02
-0.012
-0.004
0.002
0.009
0.013
0.017
0.02
0.022
0.024
0.025
0.026
0.026
0.026
0.026
0.026
0.027
0.029
0.032
0.034
0.037
0.04
0.043
0.047
0.05
0.053
0.057
0.06
0.063
0.066
0.068
0.071
0.073
0.076
0.079
0.082
0.085
0.088
0.09
0.092
0.095
0.097
0.1
0.102
0.105
0.107
0.109
0.111
0.114
0.117
0.12
0.123
0.126
0.13
0.132
0.134
0.135
0.135
0.135
0.135
0.135
0.135
0.135
0.135
0.134
0.133
0.132
0.132
0.131
0.13
0.128
0.127
0.125
0.123
0.122
0.122
0.124
0.126
0.127
0.128
0.129
0.129
0.128
0.128
0.127
0.127
0.126
0.125
0.124
0.125
0.126
0.127
0.128
0.129
0.129
0.129
0.129
0.129
0.128
0.128
0.127
0.127
0.127
0.127
0.128
0.128
0.128
0.129
0.129
0.129
0.128
0.127
0.127
0.127
0.127
0.128
0.13
0.132
0.135
0.137
0.139
0.142
0.146
0.151
0.159
0.178
0.187
0.192
0.198
0.202
0.205
0.201
0.191
0.178
0.166
0.151
0.138
0.125
0.113
0.108
0.104
0.102
0.099
0.097
0.094
0.092
0.091
0.089
0.088
0.086
0.085
0.083
0.082
0.081
0.08
0.079
0.079
0.078
0.077
0.076
0.074
0.072
0.07
0.068
0.067
0.066
0.064
0.063
0.06
0.053
0.046
0.043
0.047
0.058
0.077
0.137
0.222
0.335
0.474
0.629
0.784
0.917
0.969
0.962
0.87
0.703
0.504
0.307
0.145
0.039
-0.002
-0.014
-0.019
-0.025
-0.029
-0.032
-0.034
-0.035
-0.036
-0.038
-0.039
-0.041
-0.043
-0.045
-0.046
-0.048
-0.05
-0.053
-0.056
-0.059
-0.061
-0.062
-0.063
-0.063
-0.064
-0.066
-0.067
-0.068
-0.069
-0.068
-0.067
-0.064
-0.06
-0.056
-0.051
-0.045
-0.04
-0.036
-0.032
-0.029
-0.025
-0.021
-0.018
-0.015
-0.011
-0.007
-0.003
0.0
0.004
0.008
0.011
0.015
0.019
0.023
0.027
0.032
0.037
0.043
0.049
0.055
0.061
0.066
0.07
0.075
0.081
0.088
0.098
0.111
0.125
0.137
0.149
0.159
0.169
0.177
0.184
0.189
0.192
0.194
0.196
0.198
0.2
0.202
0.204
0.205
0.206
0.205
0.203
0.2
0.195
0.19
0.183
0.173
0.154
0.141
0.13
0.121
0.111
0.1
0.083
0.055
0.034
0.022
0.011
0.0
-0.012
-0.023
-0.033
-0.041
-0.047
-0.051
-0.055
-0.057
-0.059
-0.06
-0.062
-0.063
-0.065
-0.066
-0.067
-0.067
-0.067
-0.066
-0.064
-0.062
-0.059
-0.056
-0.052
-0.049
-0.046
-0.043
-0.041
-0.039
-0.038
-0.036
-0.034
-0.033
-0.031
-0.029
-0.028
-0.027
-0.026
-0.025
-0.024
-0.023
-0.022
-0.021
-0.02
-0.018
-0.016
-0.014
-0.012
-0.01
-0.009
-0.008
-0.007
-0.004
-0.001
0.002
0.006
0.007
0.007
0.004
0.001
-0.003
-0.009
-0.016
-0.027
-0.041
-0.058
-0.072
-0.086
-0.096
-0.099
-0.101
-0.103
-0.103
-0.103
-0.103
-0.103
-0.103
-0.103
-0.102
-0.101
-0.1
-0.099
-0.098
-0.097
-0.096
-0.095
-0.094
-0.093
-0.091
-0.091
-0.091
-0.09
-0.089
-0.088
-0.087
-0.086
-0.088
-0.09
-0.094
-0.098
-0.102
-0.104
-0.106
-0.108
-0.11
-0.111
-0.112
-0.112
-0.111
-0.111
-0.11
-0.111
-0.111
-0.111
-0.112
-0.112
-0.112
-0.113
-0.113
-0.114
-0.114
-0.113
-0.112
-0.111
-0.111
-0.111
-0.112
-0.112
-0.113
-0.113
-0.113
-0.114
-0.115
-0.115
-0.114
-0.112
-0.11
-0.108
-0.106
-0.105
-0.104
-0.102
-0.1
-0.098
-0.097
-0.095
-0.093
-0.089
-0.085
-0.079
-0.074
-0.07
-0.066
-0.063
-0.058
-0.053
-0.047
-0.038
-0.022
-0.006
0.006
0.015
0.022
0.026
0.028
0.029
0.031
0.034
0.036
0.034
0.023
0.01
0.0
-0.01
-0.019
-0.027
-0.032
-0.037
-0.041
-0.046
-0.049
-0.052
-0.056
-0.06
-0.065
-0.069
-0.073
-0.076
-0.079
-0.083
-0.087
-0.089
-0.088
-0.085
-0.08
-0.075
-0.071
-0.068
-0.064
-0.06
-0.056
-0.053
-0.049
-0.046
-0.043
-0.041
-0.038
-0.035
-0.031
-0.025
0.0
0.046
0.112
0.205
0.33
0.479
0.636
0.784
0.894
0.929
0.915
0.802
0.596
0.361
0.145
-0.006
-0.061
-0.079
-0.062
-0.047
-0.038
-0.032
-0.029
-0.033
-0.044
-0.057
-0.07
-0.088
-0.096
-0.096
-0.096
-0.096
-0.097
-0.098
-0.092
-0.08
-0.075
-0.071
-0.068
-0.065
-0.063
-0.061
-0.058
-0.056
-0.054
-0.052
-0.049
-0.047
-0.045
-0.043
-0.041
-0.039
-0.037
-0.035
-0.033
-0.03
-0.026
-0.021
-0.015
-0.01
-0.004
0.0
0.005
0.009
0.014
0.02
0.028
0.035
0.042
0.047
0.052
0.056
0.059
0.062
0.064
0.067
0.071
0.075
0.079
0.083
0.089
0.096
0.105
0.12
0.134
0.147
0.157
0.165
0.172
0.179
0.186
0.193
0.199
0.208
0.219
0.228
0.235
0.24
0.245
0.249
0.251
0.251
0.247
0.239
0.23
0.217
0.197
0.185
0.17
0.148
0.124
0.099
0.08
0.068
0.053
0.035
0.018
0.001
-0.011
-0.022
-0.031
-0.04
-0.047
-0.054
-0.059
-0.061
-0.062
-0.063
-0.064
-0.065
-0.066
-0.067
-0.068
-0.07
-0.071
-0.071
-0.071
-0.07
-0.069
-0.068
-0.068
-0.067
-0.066
-0.065
-0.065
-0.064
-0.063
-0.062
-0.061
-0.061
-0.06
-0.059
-0.058
-0.057
-0.055
-0.054
-0.054
-0.054
-0.054
-0.053
-0.053
-0.052
-0.051
-0.05
-0.049
-0.048
-0.047
-0.046
-0.045
-0.045
-0.045
-0.045
-0.045
-0.045
-0.044
-0.043
-0.043
-0.042
-0.041
-0.039
-0.036
-0.034
-0.033
-0.032
-0.032
-0.032
-0.032
-0.031
-0.03
-0.028
-0.027
-0.027
-0.028
-0.028
-0.029
-0.03
-0.031
-0.032
-0.033
-0.034
-0.035
-0.036
-0.037
-0.038
-0.039
-0.041
-0.042
-0.043
-0.043
-0.043
-0.042
-0.042
-0.041
-0.039
-0.038
-0.037
-0.036
-0.036
-0.037
-0.038
-0.039
-0.04
-0.041
-0.041
-0.041
-0.041
-0.04
-0.039
-0.038
-0.037
-0.036
-0.035
-0.036
-0.037
-0.037
-0.035
-0.034
-0.032
-0.032
-0.032
-0.032
-0.032
-0.031
-0.029
-0.029
-0.029
-0.029
-0.03
-0.031
-0.033
-0.034
-0.035
-0.036
-0.037
-0.037
-0.037
-0.037
-0.036
-0.036
-0.035
-0.035
-0.034
-0.033
-0.032
-0.031
-0.03
-0.028
-0.026
-0.023
-0.02
-0.017
-0.013
-0.01
-0.006
0.005
0.018
0.032
0.041
0.049
0.055
0.059
0.06
0.056
0.05
0.042
0.032
0.015
-0.001
-0.009
-0.015
-0.019
-0.023
-0.027
-0.029
-0.031
-0.033
-0.035
-0.038
-0.04
-0.042
-0.044
-0.046
-0.048
-0.051
-0.054
-0.058
-0.062
-0.066
-0.07
-0.075
-0.08
-0.086
-0.091
-0.095
-0.099
-0.103
-0.107
-0.11
-0.111
-0.111
-0.109
-0.106
-0.103
-0.098
-0.091
-0.079
-0.052
0.002
0.073
0.17
0.3
0.449
0.603
0.747
0.846
0.861
0.835
0.696
0.499
0.282
0.075
-0.072
-0.111
-0.125
-0.108
-0.084
-0.067
-0.085
-0.111
-0.141
-0.17
-0.199
-0.222
-0.24
-0.255
-0.27
-0.287
-0.304
-0.317
-0.327
-0.336
-0.345
-0.354
-0.363
-0.371
-0.378
-0.384
-0.39
-0.395
-0.398
-0.402
-0.405
-0.408
-0.41
-0.412
-0.413
-0.412
-0.411
-0.409
-0.405
-0.4
-0.393
-0.386
-0.377
-0.36
-0.347
-0.336
-0.324
-0.309
-0.288
-0.274
-0.266
-0.259
-0.253
-0.248
-0.245
-0.242
-0.238
-0.231
-0.219
-0.206
-0.189
-0.168
-0.146
-0.123
-0.098
-0.073
-0.048
-0.023
-0.003
0.012
0.025
0.042
0.063
0.086
0.108
0.129
0.154
0.182
0.213
0.249
0.279
0.306
0.334
0.356
0.373
0.391
0.404
0.415
0.423
0.43
0.435
0.44
0.444
0.449
0.451
0.451
0.446
0.438
0.427
0.412
0.39
0.373
0.358
0.346
0.331
0.315
0.301
0.288
0.278
0.271
0.265
0.257
0.249
0.239
0.225
0.214
0.205
0.197
0.188
0.179
0.171
0.166
0.162
0.158
0.155
0.151
0.148
0.144
0.141
0.137
0.132
0.128
0.123
0.119
0.117
0.114
0.111
0.108
0.105
0.102
0.1
0.098
0.098
0.097
0.097
0.096
0.095
0.095
0.095
0.095
0.095
0.096
0.096
0.096
0.097
0.098
0.099
0.099
0.097
0.094
0.089
0.085
0.081
0.078
0.074
0.069
0.065
0.062
0.059
0.057
0.055
0.053
0.051
0.049
0.048
0.048
0.047
0.047
0.046
0.046
0.046
0.046
0.046
0.047
0.047
0.046
0.046
0.046
0.045
0.045
0.045
0.045
0.045
0.045
0.044
0.044
0.043
0.042
0.04
0.037
0.034
0.03
0.027
0.023
0.018
0.011
0.005
-0.001
-0.008
-0.015
-0.022
-0.028
-0.034
-0.039
-0.045
-0.049
-0.052
-0.054
-0.055
-0.057
-0.059
-0.06
-0.061
-0.062
-0.063
-0.065
-0.067
-0.069
-0.072
-0.075
-0.078
-0.081
-0.084
-0.089
-0.096
-0.108
-0.135
-0.151
-0.159
-0.165
-0.17
-0.173
-0.174
-0.172
-0.167
-0.161
-0.153
-0.146
-0.139
-0.132
-0.124
-0.117
-0.11
-0.104
-0.099
-0.093
-0.089
-0.084
-0.078
-0.071
-0.066
-0.063
-0.062
-0.062
-0.062
-0.062
-0.061
-0.06
-0.059
-0.057
-0.056
-0.055
-0.054
-0.053
-0.052
-0.052
-0.051
-0.051
-0.051
-0.05
-0.05
-0.049
-0.048
-0.046
-0.045
-0.044
-0.043
-0.042
-0.042
-0.042
-0.042
-0.042
-0.043
-0.043
-0.042
-0.042
-0.041
-0.04
-0.038
-0.036
-0.035
-0.033
-0.031
-0.029
-0.027
-0.024
-0.019
-0.014
0.0
0.036
0.095
0.167
0.261
0.378
0.513
0.654
0.777
0.86
0.869
0.823
0.68
0.496
0.296
0.118
-0.019
-0.071
-0.088
-0.065
-0.041
-0.022
-0.014
-0.019
-0.029
-0.035
-0.039
-0.043
-0.047
-0.049
-0.05
-0.051
-0.052
-0.053
-0.052
-0.049
-0.046
-0.042
-0.037
-0.032
-0.029
-0.026
-0.025
-0.023
-0.022
-0.02
-0.018
-0.015
-0.012
-0.008
-0.004
0.0
0.003
0.006
0.009
0.011
0.013
0.016
0.02
0.024
0.031
0.039
0.047
0.055
0.061
0.068
0.074
0.082
0.092
0.102
0.113
0.123
0.131
0.136
0.142
0.146
0.151
0.156
0.16
0.165
0.17
0.179
0.195
0.215
0.236
0.256
0.274
0.291
0.308
0.326
0.339
0.349
0.357
0.364
0.369
0.374
0.379
0.383
0.388
0.391
0.392
0.389
0.382
0.371
0.359
0.347
0.331
0.314
0.301
0.288
0.272
0.254
0.238
0.224
0.206
0.185
0.162
0.138
0.114
0.087
0.067
0.053
0.041
0.031
0.022
0.015
0.012
0.009
0.008
0.006
0.006
0.006
0.006
0.006
0.006
0.006
0.004
0.002
0.0
-0.001
-0.003
-0.005
-0.007
-0.008
-0.01
-0.011
-0.012
-0.013
-0.014
-0.015
-0.018
-0.021
-0.024
-0.026
-0.028
-0.031
-0.032
-0.034
-0.034
-0.034
-0.033
-0.031
-0.03
-0.029
-0.028
-0.028
-0.027
-0.027
-0.027
-0.027
-0.028
-0.029
-0.03
-0.03
-0.032
-0.033
-0.034
-0.036
-0.038
-0.039
-0.041
-0.043
-0.045
-0.047
-0.048
-0.049
-0.05
-0.051
-0.052
-0.053
-0.054
-0.054
-0.054
-0.054
-0.055
-0.055
-0.054
-0.053
-0.052
-0.051
-0.05
-0.05
-0.05
-0.049
-0.049
-0.049
-0.05
-0.051
-0.053
-0.055
-0.056
-0.058
-0.06
-0.062
-0.065
-0.069
-0.072
-0.076
-0.08
-0.086
-0.105
-0.123
-0.143
-0.154
-0.163
-0.17
-0.177
-0.183
-0.188
-0.192
-0.196
-0.2
-0.204
-0.207
-0.209
-0.21
-0.212
-0.214
-0.215
-0.217
-0.218
-0.22
-0.222
-0.224
-0.227
-0.229
-0.23
-0.23
-0.229
-0.228
-0.226
-0.223
-0.219
-0.215
-0.21
-0.205
-0.201
-0.197
-0.192
-0.185
-0.176
-0.167
-0.158
-0.149
-0.141
-0.134
-0.127
-0.119
-0.112
-0.105
-0.099
-0.093
-0.086
-0.079
-0.069
-0.055
-0.039
-0.021
0.001
0.024
0.031
0.035
0.038
0.04
0.041
0.04
0.036
0.03
0.025
0.022
0.02
0.018
0.016
0.015
0.013
0.011
0.01
0.008
0.008
0.008
0.009
0.011
0.015
0.02
0.025
0.031
0.036
0.041
0.047
0.051
0.055
0.058
0.061
0.063
0.066
0.069
0.072
0.075
0.079
0.082
0.085
0.087
0.089
0.092
0.097
0.103
0.11
0.147
0.214
0.311
0.445
0.605
0.777
0.928
1.03
1.065
1.039
0.954
0.793
0.606
0.411
0.241
0.141
0.111
0.094
0.081
0.069
0.059
0.052
0.049
0.046
0.043
0.041
0.038
0.036
0.035
0.034
0.031
0.028
0.026
0.024
0.022
0.022
0.023
0.024
0.026
0.028
0.029
0.031
0.033
0.035
0.037
0.038
0.04
0.041
0.043
0.045
0.048
0.051
0.053
0.055
0.057
0.058
0.06
0.063
0.065
0.068
0.07
0.072
0.074
0.077
0.08
0.082
0.084
0.086
0.088
0.09
0.092
0.094
0.096
0.098
0.101
0.104
0.108
0.113
0.119
0.127
0.146
0.164
0.181
0.194
0.205
0.214
0.223
0.234
0.245
0.255
0.264
0.272
0.28
0.287
0.292
0.295
0.296
0.297
0.297
0.297
0.297
0.298
0.299
0.301
0.297
0.274
0.253
0.233
0.214
0.196
0.173
0.147
0.124
0.104
0.087
0.07
0.053
0.033
0.009
-0.016
-0.036
-0.051
-0.064
-0.076
-0.085
-0.089
-0.091
-0.094
-0.097
-0.099
-0.102
-0.104
-0.105
-0.106
-0.108
-0.109
-0.11
-0.111
-0.112
-0.113
-0.114
-0.115
-0.117
-0.119
-0.121
-0.122
-0.123
-0.124
-0.124
-0.125
-0.125
-0.125
-0.124
-0.123
-0.122
-0.122
-0.122
-0.123
-0.122
-0.121
-0.12
-0.12
-0.12
-0.12
-0.12
-0.118
-0.116
-0.115
-0.114
-0.113
-0.111
-0.11
-0.107
-0.105
-0.103
-0.101
-0.1
-0.099
-0.098
-0.096
-0.095
-0.094
-0.093
-0.092
-0.09
-0.088
-0.086
-0.083
-0.08
-0.077
-0.074
-0.071
-0.068
-0.066
-0.063
-0.061
-0.058
-0.056
-0.054
-0.052
-0.051
-0.049
-0.047
-0.045
-0.044
-0.042
-0.041
-0.039
-0.036
-0.034
-0.033
-0.032
-0.032
-0.032
-0.033
-0.033
-0.032
-0.032
-0.032
-0.032
-0.031
-0.029
-0.027
-0.025
-0.024
-0.023
-0.022
-0.021
-0.02
-0.02
-0.019
-0.019
-0.018
-0.016
-0.014
-0.012
-0.009
-0.006
-0.004
-0.002
0.0
0.001
0.003
0.004
0.005
0.006
0.007
0.009
0.011
0.013
0.015
0.016
0.019
0.022
0.025
0.028
0.031
0.034
0.036
0.038
0.04
0.042
0.045
0.048
0.051
0.055
0.059
0.065
0.074
0.092
0.11
0.123
0.135
0.147
0.158
0.168
0.177
0.185
0.191
0.196
0.201
0.206
0.209
0.21
0.208
0.202
0.195
0.187
0.181
0.177
0.173
0.168
0.163
0.159
0.156
0.153
0.151
0.149
0.148
0.147
0.147
0.149
0.152
0.156
0.16
0.165
0.17
0.176
0.182
0.188
0.197
0.215
0.232
0.248
0.262
0.274
0.285
0.299
0.314
0.33
0.345
0.36
0.373
0.386
0.401
0.418
0.435
0.453
0.483
0.529
0.62
0.735
0.869
1.012
1.136
1.181
1.169
1.065
0.876
0.651
0.424
0.248
0.148
0.114
0.095
0.083
0.065
0.029
-0.015
-0.062
-0.085
-0.095
-0.104
-0.111
-0.115
-0.117
-0.119
-0.121
-0.121
-0.119
-0.116
-0.112
-0.107
-0.099
-0.091
-0.082
-0.072
-0.057
-0.042
-0.029
-0.019
-0.008
0.006
0.024
0.038
0.048
0.056
0.064
0.07
0.072
0.068
0.057
0.042
0.023
-0.004
-0.03
-0.056
-0.081
-0.106
-0.128
-0.145
-0.163
-0.182
-0.194
-0.204
-0.213
-0.219
-0.221
-0.218
-0.21
-0.2
-0.189
-0.179
-0.168
-0.156
-0.146
-0.138
-0.13
-0.123
-0.114
-0.105
-0.096
-0.084
-0.07
-0.054
-0.036
-0.013
0.008
0.028
0.04
0.049
0.058
0.065
0.07
0.073
0.073
0.071
0.067
0.061
0.053
0.044
0.031
0.005
-0.017
-0.049
-0.087
-0.125
-0.163
-0.204
-0.246
-0.291
-0.334
-0.374
-0.413
-0.44
-0.458
-0.47
-0.479
-0.483
-0.486
-0.489
-0.491
-0.493
-0.494
-0.496
-0.497
-0.499
-0.5
-0.5
-0.499
-0.498
-0.496
-0.495
-0.493
-0.49
-0.487
-0.483
-0.479
-0.475
-0.47
-0.465
-0.459
-0.45
-0.439
-0.428
-0.417
-0.405
-0.393
-0.383
-0.374
-0.367
-0.36
-0.353
-0.346
-0.34
-0.334
-0.328
-0.322
-0.316
-0.308
-0.296
-0.285
-0.275
-0.266
-0.261
-0.257
-0.253
-0.249
-0.244
-0.239
-0.233
-0.226
-0.219
-0.212
-0.205
-0.199
-0.194
-0.189
-0.184
-0.178
-0.172
-0.165
-0.16
-0.154
-0.149
-0.144
-0.139
-0.134
-0.13
-0.127
-0.124
-0.121
-0.118
-0.115
-0.111
-0.108
-0.105
-0.101
-0.096
-0.091
-0.086
-0.081
-0.076
-0.071
-0.065
-0.06
-0.056
-0.053
-0.05
-0.048
-0.046
-0.044
-0.041
-0.039
-0.036
-0.033
-0.03
-0.027
-0.024
-0.02
-0.014
-0.009
-0.004
0.0
0.002
0.004
0.006
0.009
0.011
0.014
0.017
0.019
0.021
0.024
0.027
0.029
0.03
0.03
0.031
0.032
0.033
0.034
0.036
0.037
0.039
0.041
0.043
0.046
0.049
0.052
0.054
0.057
0.061
0.064
0.069
0.077
0.086
0.095
0.102
0.109
0.115
0.121
0.127
0.132
0.138
0.144
0.15
0.157
0.163
0.17
0.178
0.189
0.206
0.22
0.231
0.239
0.246
0.253
0.257
0.256
0.248
0.235
0.223
0.215
0.207
0.2
0.193
0.186
0.179
0.173
0.168
0.162
0.157
0.152
0.148
0.145
0.142
0.139
0.136
0.133
0.13
0.128
0.125
0.123
0.121
0.118
0.115
0.113
0.112
0.112
0.113
0.113
0.114
0.116
0.118
0.121
0.124
0.129
0.135
0.142
0.149
0.188
0.262
0.362
0.485
0.631
0.787
0.929
1.018
1.049
1.016
0.914
0.721
0.499
0.316
0.173
0.115
0.101
0.091
0.084
0.078
0.072
0.067
0.062
0.058
0.054
0.05
0.047
0.046
0.045
0.043
0.042
0.04
0.038
0.036
0.034
0.032
0.03
0.028
0.027
0.026
0.026
0.026
0.026
0.027
0.028
0.029
0.03
0.031
0.032
0.034
0.035
0.035
0.036
0.037
0.038
0.04
0.042
0.046
0.049
0.052
0.056
0.06
0.063
0.066
0.069
0.072
0.075
0.08
0.087
0.095
0.102
0.108
0.113
0.117
0.121
0.126
0.132
0.14
0.153
0.17
0.19
0.214
0.241
0.265
0.281
0.292
0.301
0.309
0.318
0.326
0.333
0.34
0.344
0.349
0.353
0.357
0.361
0.364
0.366
0.367
0.366
0.364
0.36
0.355
0.35
0.343
0.336
0.327
0.312
0.295
0.281
0.267
0.248
0.223
0.199
0.166
0.12
0.089
0.074
0.063
0.054
0.044
0.035
0.027
0.021
0.018
0.014
0.012
0.009
0.007
0.007
0.007
0.007
0.007
0.006
0.005
0.004
0.003
0.001
-0.001
-0.004
-0.007
-0.01
-0.012
-0.014
-0.016
-0.018
-0.02
-0.023
-0.025
-0.026
-0.028
-0.031
-0.035
-0.039
-0.044
-0.048
-0.053
-0.057
-0.062
-0.066
-0.07
-0.073
-0.076
-0.079
-0.082
-0.085
-0.088
-0.091
-0.095
-0.098
-0.101
-0.104
-0.108
-0.111
-0.114
-0.117
-0.12
-0.123
-0.126
-0.128
-0.129
-0.131
-0.132
-0.132
-0.132
-0.132
-0.131
-0.13
-0.129
-0.126
-0.123
-0.119
-0.114
-0.109
-0.104
-0.098
-0.092
-0.086
-0.08
-0.074
-0.069
-0.064
-0.06
-0.056
-0.052
-0.047
-0.043
-0.039
-0.035
-0.031
-0.028
-0.024
-0.021
-0.019
-0.018
-0.017
-0.016
-0.016
-0.017
-0.017
-0.018
-0.018
-0.017
-0.016
-0.015
-0.014
-0.013
-0.011
-0.009
-0.008
-0.007
-0.007
-0.006
-0.004
-0.003
-0.001
0.0
0.001
0.002
0.004
0.006
0.008
0.009
0.01
0.009
0.009
0.009
0.009
0.01
0.01
0.009
0.009
0.008
0.009
0.009
0.009
0.009
0.009
0.008
0.008
0.008
0.009
0.009
0.009
0.01
0.011
0.013
0.016
0.018
0.02
0.021
0.022
0.023
0.024
0.025
0.027
0.028
0.03
0.032
0.035
0.04
0.046
0.049
0.048
0.038
0.022
0.004
-0.012
-0.035
-0.054
-0.06
-0.062
-0.065
-0.066
-0.068
-0.069
-0.07
-0.071
-0.071
-0.071
-0.07
-0.069
-0.068
-0.067
-0.065
-0.062
-0.059
-0.056
-0.053
-0.052
-0.052
-0.053
-0.054
-0.054
-0.053
-0.052
-0.051
-0.05
-0.049
-0.047
-0.045
-0.043
-0.04
-0.034
-0.025
-0.012
0.04
0.13
0.251
0.398
0.549
0.7
0.822
0.891
0.895
0.835
0.672
0.447
0.233
0.047
-0.041
-0.065
-0.079
-0.088
-0.096
-0.106
-0.114
-0.122
-0.129
-0.137
-0.145
-0.152
-0.159
-0.163
-0.167
-0.171
-0.175
-0.179
-0.181
-0.183
-0.184
-0.186
-0.188
-0.191
-0.194
-0.197
-0.199
-0.2
-0.197
-0.191
-0.183
-0.172
-0.161
-0.149
-0.134
-0.118
-0.102
-0.085
-0.07
-0.059
-0.049
-0.041
-0.034
-0.027
-0.02
-0.013
-0.007
-0.001
0.003
0.008
0.013
0.016
0.019
0.022
0.025
0.027
0.03
0.034
0.038
0.042
0.045
0.049
0.052
0.056
0.061
0.065
0.07
0.077
0.088
0.101
0.113
0.125
0.137
0.148
0.159
0.17
0.18
0.188
0.196
0.202
0.207
0.212
0.217
0.222
0.226
0.228
0.228
0.226
0.222
0.216
0.209
0.201
0.188
0.164
0.144
0.127
0.113
0.097
0.079
0.057
0.033
0.011
-0.001
-0.01
-0.017
-0.024
-0.029
-0.034
-0.037
-0.041
-0.043
-0.045
-0.046
-0.047
-0.048
-0.049
-0.05
-0.051
-0.053
-0.054
-0.055
-0.055
-0.055
-0.055
-0.055
-0.055
-0.055
-0.054
-0.052
-0.05
-0.048
-0.047
-0.046
-0.045
-0.044
-0.042
-0.041
-0.04
-0.04
-0.04
-0.04
-0.04
-0.039
-0.038
-0.037
-0.036
-0.035
-0.033
-0.032
-0.031
-0.031
-0.033
-0.037
-0.042
-0.046
-0.051
-0.055
-0.059
-0.063
-0.066
-0.07
-0.072
-0.075
-0.076
-0.079
-0.082
-0.085
-0.088
-0.091
-0.093
-0.094
-0.095
-0.096
-0.097
-0.098
-0.099
-0.1
-0.101
-0.104
-0.107
-0.111
-0.115
-0.118
-0.121
-0.123
-0.125
-0.127
-0.129
-0.129
-0.13
-0.13
-0.131
-0.133
-0.136
-0.138
-0.14
-0.142
-0.144
-0.146
-0.147
-0.148
-0.148
-0.147
-0.147
-0.147
-0.147
-0.148
-0.149
-0.149
-0.15
-0.151
-0.152
-0.152
-0.151
-0.15
-0.148
-0.146
-0.144
-0.141
-0.139
-0.136
-0.133
-0.131
-0.129
-0.127
-0.126
-0.126
-0.125
-0.125
-0.124
-0.123
-0.122
-0.121
-0.119
-0.118
-0.116
-0.114
-0.112
-0.109
-0.108
-0.106
-0.105
-0.104
-0.103
-0.102
-0.1
-0.098
-0.095
-0.091
-0.084
-0.077
-0.068
-0.059
-0.049
-0.038
-0.026
-0.015
-0.001
0.01
0.02
0.028
0.034
0.039
0.045
0.049
0.053
0.056
0.057
0.055
0.05
0.044
0.038
0.032
0.029
0.026
0.022
0.018
0.015
0.012
0.009
0.008
0.006
0.005
0.004
0.002
0.001
0.001
0.002
0.002
0.003
0.003
0.004
0.004
0.006
0.007
0.007
0.008
0.008
0.01
0.012
0.014
0.016
0.018
0.02
0.023
0.026
0.029
0.033
0.039
0.044
0.082
0.139
0.219
0.324
0.457
0.605
0.765
0.933
1.075
1.157
1.159
1.08
0.898
0.668
0.457
0.303
0.263
0.251
0.245
0.24
0.236
0.232
0.229
0.226
0.225
0.223
0.223
0.222
0.224
0.226
0.229
0.232
0.236
0.242
0.248
0.253
0.257
0.259
0.261
0.261
0.262
0.262
0.263
0.264
0.266
0.267
0.268
0.268
0.268
0.269
0.269
0.269
0.269
0.269
0.269
0.269
0.269
0.269
0.269
0.268
0.268
0.267
0.268
0.268
0.268
0.268
0.268
0.268
0.268
0.269
0.269
0.27
0.27
0.271
0.272
0.272
0.273
0.274
0.276
0.277
0.279
0.28
0.282
0.283
0.284
0.286
0.288
0.291
0.294
0.299
0.303
0.308
0.313
0.318
0.321
0.323
0.325
0.325
0.324
0.322
0.32
0.317
0.313
0.309
0.305
0.301
0.293
0.275
0.258
0.235
0.208
0.189
0.174
0.158
0.136
0.112
0.09
0.066
0.045
0.029
0.011
-0.007
-0.025
-0.04
-0.048
-0.052
-0.056
-0.058
-0.061
-0.063
-0.066
-0.069
-0.072
-0.075
-0.078
-0.081
-0.084
-0.088
-0.093
-0.097
-0.101
-0.105
-0.109
-0.114
-0.119
-0.124
-0.127
-0.13
-0.132
-0.134
-0.136
-0.139
-0.14
-0.142
-0.143
-0.143
-0.144
-0.144
-0.143
-0.142
-0.141
-0.14
-0.139
-0.139
-0.138
-0.137
-0.136
-0.136
-0.135
-0.135
-0.135
-0.135
-0.134
-0.134
-0.134
-0.135
-0.135
-0.135
-0.135
-0.135
-0.134
-0.134
-0.134
-0.132
-0.13
-0.128
-0.125
-0.123
-0.121
-0.119
-0.116
-0.114
-0.111
-0.109
-0.107
-0.104
-0.102
-0.099
-0.096
-0.092
-0.087
-0.08
-0.064
-0.036
-0.02
-0.012
-0.004
0.005
0.014
0.021
0.027
0.033
0.037
0.041
0.045
0.049
0.052
0.054
0.056
0.058
0.06
0.062
0.064
0.066
0.068
0.07
0.071
0.073
0.074
0.075
0.076
0.077
0.079
0.08
0.083
0.086
0.088
0.09
0.089
0.086
0.081
0.075
0.068
0.063
0.057
0.051
0.045
0.04
0.036
0.032
0.028
0.025
0.023
0.02
0.018
0.015
0.013
0.011
0.009
0.009
0.008
0.009
0.011
0.014
0.018
0.022
0.026
0.031
0.035
0.041
0.047
0.052
0.054
0.053
0.049
0.043
0.035
0.021
-0.008
-0.022
-0.027
-0.032
-0.036
-0.039
-0.042
-0.045
-0.047
-0.048
-0.049
-0.05
-0.052
-0.054
-0.054
-0.055
-0.055
-0.055
-0.055
-0.056
-0.056
-0.057
-0.058
-0.06
-0.062
-0.064
-0.066
-0.068
-0.07
-0.071
-0.071
-0.072
-0.071
-0.071
-0.07
-0.068
-0.064
-0.06
-0.056
-0.05
-0.025
0.029
0.109
0.169
0.304
0.399
0.482
0.518
0.53
0.513
0.459
0.376
0.279
0.176
0.063
-0.04
-0.092
-0.169
-0.114
-0.094
-0.093
-0.106
-0.126
-0.141
-0.145
-0.149
-0.147
-0.13
-0.123
-0.119
-0.115
-0.112
-0.11
-0.107
-0.104
-0.101
-0.097
-0.093
-0.091
-0.089
-0.087
-0.085
-0.084
-0.083
-0.082
-0.081
-0.081
-0.081
-0.081
-0.08
-0.08
-0.079
-0.078
-0.077
-0.076
-0.075
-0.074
-0.073
-0.072
-0.071
-0.071
-0.07
-0.07
-0.068
-0.067
-0.065
-0.063
-0.06
-0.055
-0.05
-0.044
-0.037
-0.031
-0.024
-0.015
-0.003
0.017
0.032
0.04
0.045
0.048
0.05
0.053
0.057
0.061
0.065
0.069
0.074
0.08
0.088
0.102
0.115
0.126
0.134
0.142
0.148
0.152
0.155
0.157
0.16
0.163
0.165
0.167
0.166
0.164
0.16
0.153
0.142
0.122
0.102
0.079
0.058
0.043
0.028
0.009
-0.014
-0.039
-0.061
-0.075
-0.085
-0.095
-0.105
-0.117
-0.131
-0.143
-0.149
-0.154
-0.158
-0.162
-0.163
-0.161
-0.156
-0.149
-0.143
-0.137
-0.131
-0.125
-0.119
-0.113
-0.109
-0.105
-0.102
-0.1
-0.098
-0.096
-0.095
-0.095
-0.095
-0.096
-0.096
-0.095
-0.095
-0.094
-0.093
-0.092
-0.091
-0.089
-0.088
-0.086
-0.084
-0.083
-0.082
-0.08
-0.078
-0.075
-0.073
-0.071
-0.07
-0.068
-0.065
-0.062
-0.059
-0.056
-0.054
-0.052
-0.05
-0.048
-0.047
-0.047
-0.049
-0.052
-0.055
-0.058
-0.06
-0.063
-0.066
-0.069
-0.071
-0.072
-0.073
-0.073
-0.074
-0.075
-0.076
-0.077
-0.079
-0.08
-0.081
-0.083
-0.084
-0.085
-0.084
-0.083
-0.081
-0.079
-0.076
-0.074
-0.072
-0.07
-0.069
-0.067
-0.066
-0.066
-0.066
-0.066
-0.065
-0.065
-0.064
-0.063
-0.063
-0.062
-0.062
-0.061
-0.06
-0.059
-0.058
-0.056
-0.055
-0.054
-0.053
-0.052
-0.05
-0.047
-0.045
-0.043
-0.04
-0.037
-0.035
-0.032
-0.029
-0.027
-0.025
-0.023
-0.021
-0.019
-0.017
-0.015
-0.013
-0.012
-0.01
-0.008
-0.006
-0.004
-0.003
-0.002
-0.002
-0.001
-0.001
0.0
0.0
0.0
0.001
0.003
0.006
0.009
0.013
0.017
0.021
0.025
0.029
0.033
0.038
0.044
0.054
0.072
0.086
0.093
0.1
0.105
0.109
0.111
0.109
0.105
0.098
0.089
0.078
0.06
0.047
0.035
0.025
0.012
-0.002
-0.013
-0.021
-0.028
-0.034
-0.037
-0.04
-0.041
-0.042
-0.042
-0.044
-0.046
-0.048
-0.048
-0.045
-0.041
-0.035
-0.03
-0.026
-0.021
-0.015
-0.01
-0.008
-0.009
-0.014
-0.02
-0.027
-0.034
-0.045
-0.051
-0.049
-0.042
-0.025
0.01
0.069
0.152
0.254
0.395
0.539
0.68
0.806
0.896
0.908
0.88
0.747
0.561
0.362
0.176
0.04
-0.022
-0.049
-0.058
-0.062
-0.061
-0.059
-0.057
-0.054
-0.052
-0.052
-0.059
-0.069
-0.079
-0.09
-0.096
-0.1
-0.104
-0.109
-0.109
-0.099
-0.094
-0.091
-0.089
-0.087
-0.084
-0.082
-0.08
-0.077
-0.075
-0.072
-0.07
-0.068
-0.066
-0.063
-0.061
-0.058
-0.055
-0.051
-0.047
-0.043
-0.039
-0.035
-0.031
-0.027
-0.024
-0.02
-0.017
-0.014
-0.012
-0.01
-0.007
-0.003
0.0
0.002
0.005
0.009
0.012
0.017
0.025
0.039
0.051
0.061
0.069
0.076
0.084
0.091
0.099
0.106
0.113
0.119
0.126
0.134
0.144
0.154
0.162
0.169
0.176
0.182
0.186
0.19
0.193
0.195
0.198
0.201
0.205
0.208
0.209
0.207
0.201
0.194
0.185
0.174
0.154
0.134
0.118
0.106
0.096
0.087
0.078
0.066
0.05
0.034
0.018
0.003
-0.015
-0.032
-0.046
-0.059
-0.071
-0.077
-0.082
-0.086
-0.09
-0.093
-0.096
-0.097
-0.099
-0.099
-0.098
-0.096
-0.094
-0.091
-0.088
-0.085
-0.082
-0.079
-0.077
-0.076
-0.075
-0.074
-0.072
-0.071
-0.069
-0.067
-0.064
-0.062
-0.059
-0.056
-0.054
-0.053
-0.052
-0.052
-0.052
-0.052
-0.053
-0.053
-0.052
-0.051
-0.05
-0.048
-0.047
-0.045
-0.044
-0.044
-0.043
-0.043
-0.043
-0.044
-0.044
-0.045
-0.046
-0.047
-0.048
-0.049
-0.05
-0.051
-0.052
-0.053
-0.054
-0.055
-0.057
-0.059
-0.06
-0.061
-0.061
-0.06
-0.058
-0.056
-0.053
-0.051
-0.048
-0.045
-0.042
-0.04
-0.038
-0.036
-0.033
-0.029
-0.025
-0.02
-0.015
-0.01
-0.005
-0.001
0.002
0.005
0.007
0.008
0.009
0.01
0.01
0.011
0.012
0.013
0.015
0.015
0.016
0.017
0.017
0.016
0.014
0.011
0.007
0.004
0.0
-0.001
-0.003
-0.004
-0.006
-0.008
-0.009
-0.009
-0.009
-0.008
-0.008
-0.008
-0.007
-0.007
-0.006
-0.004
-0.003
-0.001
0.0
0.0
0.003
0.005
0.002
-0.004
-0.01
-0.015
-0.019
-0.023
-0.026
-0.026
-0.023
-0.018
-0.011
-0.004
0.003
0.012
0.021
0.031
0.04
0.05
0.06
0.069
0.08
0.089
0.095
0.095
0.09
0.082
0.072
0.06
0.042
0.018
0.006
0.0
-0.006
-0.011
-0.016
-0.02
-0.023
-0.027
-0.03
-0.033
-0.036
-0.038
-0.04
-0.042
-0.043
-0.044
-0.046
-0.048
-0.05
-0.052
-0.054
-0.056
-0.058
-0.061
-0.063
-0.065
-0.066
-0.066
-0.065
-0.065
-0.064
-0.063
-0.061
-0.058
-0.055
-0.051
-0.046
-0.04
-0.034
0.003
0.074
0.172
0.3
0.447
0.597
0.731
0.82
0.833
0.807
0.68
0.493
0.281
0.065
-0.098
-0.167
-0.179
-0.19
-0.198
-0.206
-0.213
-0.218
-0.222
-0.226
-0.228
-0.23
-0.231
-0.23
-0.227
-0.224
-0.222
-0.22
-0.219
-0.217
-0.214
-0.211
-0.208
-0.205
-0.201
-0.197
-0.193
-0.185
-0.176
-0.167
-0.161
-0.154
-0.148
-0.139
-0.127
-0.115
-0.101
-0.085
-0.067
-0.047
-0.032
-0.021
-0.011
-0.001
0.006
0.013
0.019
0.024
0.029
0.035
0.041
0.047
0.054
0.061
0.071
0.081
0.09
0.098
0.103
0.108
0.112
0.116
0.121
0.126
0.131
0.137
0.143
0.152
0.165
0.179
0.191
0.204
0.217
0.23
0.244
0.252
0.258
0.264
0.269
0.272
0.274
0.276
0.277
0.277
0.277
0.275
0.273
0.269
0.265
0.26
0.254
0.24
0.212
0.188
0.16
0.132
0.112
0.092
0.079
0.07
0.062
0.054
0.047
0.039
0.031
0.021
0.01
0.0
-0.013
-0.025
-0.031
-0.034
-0.038
-0.041
-0.043
-0.046
-0.047
-0.049
-0.05
-0.051
-0.053
-0.054
-0.055
-0.056
-0.057
-0.058
-0.059
-0.059
-0.06
-0.061
-0.063
-0.064
-0.066
-0.068
-0.07
-0.073
-0.076
-0.081
-0.086
-0.093
-0.11
-0.124
-0.135
-0.141
-0.145
-0.148
-0.15
-0.153
-0.155
-0.158
-0.16
-0.163
-0.165
-0.167
-0.168
-0.169
-0.17
-0.171
-0.171
-0.17
-0.168
-0.168
-0.17
-0.173
-0.176
-0.176
-0.168
-0.157
-0.147
-0.141
-0.136
-0.13
-0.124
-0.118
-0.112
-0.106
-0.102
-0.099
-0.096
-0.093
-0.091
-0.09
-0.091
-0.092
-0.092
-0.092
-0.092
-0.09
-0.089
-0.087
-0.086
-0.084
-0.081
-0.079
-0.077
-0.077
-0.077
-0.077
-0.078
-0.078
-0.079
-0.08
-0.08
-0.08
-0.079
-0.078
-0.076
-0.075
-0.073
-0.073
-0.072
-0.072
-0.073
-0.073
-0.074
-0.076
-0.077
-0.078
-0.078
-0.078
-0.077
-0.076
-0.074
-0.072
-0.07
-0.068
-0.067
-0.066
-0.064
-0.063
-0.06
-0.058
-0.055
-0.052
-0.049
-0.045
-0.039
-0.032
-0.025
-0.019
-0.013
-0.007
0.0
0.005
0.012
0.021
0.03
0.039
0.047
0.056
0.065
0.076
0.088
0.1
0.113
0.124
0.131
0.137
0.143
0.147
0.151
0.153
0.155
0.155
0.153
0.149
0.144
0.138
0.131
0.125
0.119
0.115
0.111
0.107
0.104
0.1
0.097
0.093
0.09
0.088
0.085
0.084
0.082
0.081
0.081
0.082
0.084
0.087
0.089
0.091
0.094
0.096
0.099
0.103
0.106
0.108
0.111
0.114
0.12
0.128
0.136
0.143
0.149
0.157
0.188
0.238
0.317
0.43
0.571
0.725
0.87
0.961
0.993
0.962
0.866
0.685
0.469
0.275
0.132
0.074
0.052
0.05
0.061
0.071
0.081
0.079
0.061
0.034
0.002
-0.014
-0.023
-0.029
-0.032
-0.034
-0.033
-0.031
-0.028
-0.025
-0.023
-0.022
-0.02
-0.018
-0.015
-0.013
-0.012
-0.011
-0.01
-0.009
-0.007
-0.006
-0.005
-0.005
-0.004
-0.002
0.0
0.003
0.007
0.01
0.014
0.02
0.031
0.043
0.056
0.07
0.083
0.094
0.105
0.114
0.122
0.128
0.133
0.137
0.141
0.145
0.15
0.156
0.162
0.17
0.179
0.194
0.22
0.243
0.264
0.282
0.297
0.31
0.325
0.344
0.365
0.382
0.396
0.406
0.414
0.42
0.424
0.428
0.43
0.433
0.435
0.437
0.437
0.437
0.435
0.432
0.427
0.42
0.412
0.403
0.391
0.369
0.354
0.344
0.33
0.314
0.296
0.273
0.246
0.222
0.194
0.169
0.15
0.127
0.109
0.095
0.083
0.072
0.062
0.052
0.041
0.03
0.016
0.002
-0.003
-0.008
-0.012
-0.015
-0.018
-0.021
-0.023
-0.024
-0.026
-0.028
-0.03
-0.032
-0.034
-0.036
-0.037
-0.038
-0.04
-0.042
-0.044
-0.046
-0.047
-0.047
-0.048
-0.049
-0.05
-0.051
-0.051
-0.052
-0.053
-0.054
-0.056
-0.058
-0.059
-0.061
-0.063
-0.064
-0.066
-0.067
-0.069
-0.07
-0.071
-0.072
-0.073
-0.076
-0.079
-0.082
-0.085
-0.087
-0.09
-0.093
-0.096
-0.099
-0.102
-0.104
-0.105
-0.106
-0.107
-0.108
-0.109
-0.11
-0.111
-0.112
-0.113
-0.115
-0.116
-0.117
-0.118
-0.118
-0.118
-0.118
-0.118
-0.117
-0.117
-0.116
-0.116
-0.116
-0.116
-0.117
-0.117
-0.118
-0.119
-0.12
-0.121
-0.123
-0.125
-0.126
-0.128
-0.129
-0.131
-0.132
-0.134
-0.135
-0.137
-0.138
-0.139
-0.14
-0.141
-0.14
-0.14
-0.139
-0.139
-0.139
-0.139
-0.139
-0.139
-0.139
-0.14
-0.14
-0.14
-0.14
-0.14
-0.138
-0.137
-0.136
-0.135
-0.135
-0.134
-0.134
-0.133
-0.133
-0.133
-0.133
-0.132
-0.13
-0.128
-0.126
-0.124
-0.122
-0.119
-0.116
-0.113
-0.111
-0.108
-0.104
-0.098
-0.092
-0.085
-0.079
-0.074
-0.07
-0.065
-0.059
-0.051
-0.041
-0.032
-0.028
-0.026
-0.023
-0.02
-0.018
-0.017
-0.023
-0.035
-0.049
-0.062
-0.076
-0.088
-0.093
-0.097
-0.099
-0.101
-0.103
-0.104
-0.105
-0.106
-0.107
-0.108
-0.109
-0.11
-0.11
-0.109
-0.108
-0.107
-0.107
-0.106
-0.106
-0.106
-0.107
-0.107
-0.108
-0.108
-0.107
-0.106
-0.104
-0.102
-0.099
-0.096
-0.093
-0.088
-0.083
-0.077
-0.07
-0.029
0.031
0.113
0.217
0.343
0.482
0.626
0.756
0.853
0.866
0.833
0.687
0.489
0.279
0.103
-0.011
-0.06
-0.074
-0.083
-0.089
-0.092
-0.095
-0.097
-0.098
-0.099
-0.1
-0.101
-0.103
-0.104
-0.104
-0.105
-0.106
-0.107
-0.107
-0.105
-0.103
-0.099
-0.095
-0.091
-0.087
-0.084
-0.08
-0.077
-0.074
-0.071
-0.068
-0.065
-0.061
-0.057
-0.052
-0.047
-0.042
-0.039
-0.036
-0.033
-0.031
-0.028
-0.026
-0.024
-0.021
-0.018
-0.014
-0.01
-0.006
-0.003
0.0
0.001
0.004
0.007
0.011
0.016
0.021
0.029
0.039
0.049
0.058
0.066
0.074
0.083
0.093
0.104
0.117
0.131
0.141
0.148
0.154
0.16
0.166
0.171
0.176
0.181
0.185
0.189
0.194
0.2
0.206
0.21
0.213
0.215
0.217
0.219
0.222
0.226
0.229
0.231
0.227
0.216
0.202
0.185
0.159
0.139
0.12
0.099
0.077
0.06
0.048
0.037
0.027
0.018
0.005
-0.011
-0.032
-0.047
-0.057
-0.066
-0.073
-0.079
-0.084
-0.087
-0.089
-0.09
-0.092
-0.093
-0.094
-0.096
-0.097
-0.098
-0.099
-0.1
-0.101
-0.102
-0.101
-0.101
-0.1
-0.099
-0.098
-0.097
-0.096
-0.095
-0.093
-0.092
-0.09
-0.089
-0.089
-0.088
-0.087
-0.085
-0.083
-0.08
-0.079
-0.077
-0.076
-0.074
-0.072
-0.071
-0.069
-0.068
-0.068
-0.068
-0.067
-0.067
-0.066
-0.065
-0.065
-0.064
-0.064
-0.064
-0.063
-0.062
-0.061
-0.06
-0.059
-0.058
-0.057
-0.057
-0.056
-0.056
-0.056
-0.055
-0.055
-0.053
-0.051
-0.05
-0.048
-0.046
-0.044
-0.043
-0.042
-0.041
-0.041
-0.04
-0.041
-0.041
-0.041
-0.041
-0.041
-0.041
-0.041
-0.041
-0.04
-0.04
-0.04
-0.04
-0.04
-0.041
-0.041
-0.041
-0.04
-0.04
-0.039
-0.038
-0.036
-0.034
-0.032
-0.03
-0.028
-0.027
-0.026
-0.025
-0.024
-0.022
-0.021
-0.021
-0.021
-0.02
-0.02
-0.019
-0.018
-0.019
-0.019
-0.02
-0.021
-0.02
-0.019
-0.018
-0.017
-0.016
-0.015
-0.014
-0.012
-0.01
-0.009
-0.008
-0.007
-0.006
-0.005
-0.004
-0.003
-0.001
0.0
0.003
0.007
0.01
0.014
0.017
0.021
0.025
0.029
0.032
0.034
0.038
0.042
0.049
0.061
0.071
0.078
0.083
0.088
0.092
0.096
0.098
0.098
0.093
0.087
0.079
0.073
0.068
0.063
0.058
0.053
0.048
0.043
0.038
0.034
0.03
0.027
0.024
0.021
0.018
0.016
0.014
0.013
0.011
0.009
0.007
0.004
0.002
0.0
-0.002
-0.003
-0.005
-0.006
-0.006
-0.005
-0.004
-0.003
-0.001
0.0
0.001
0.003
0.006
0.008
0.012
0.016
0.038
0.086
0.157
0.254
0.379
0.53
0.693
0.839
0.944
0.96
0.932
0.796
0.604
0.394
0.206
0.077
0.028
0.014
0.005
-0.004
-0.013
-0.021
-0.025
-0.029
-0.032
-0.035
-0.038
-0.041
-0.042
-0.044
-0.045
-0.047
-0.048
-0.048
-0.047
-0.046
-0.044
-0.043
-0.041
-0.039
-0.036
-0.034
-0.031
-0.028
-0.026
-0.023
-0.021
-0.019
-0.017
-0.015
-0.014
-0.012
-0.011
-0.01
-0.009
-0.008
-0.007
-0.005
-0.004
-0.002
0.0
0.001
0.003
0.005
0.008
0.011
0.014
0.018
0.023
0.031
0.05
0.065
0.077
0.088
0.098
0.107
0.116
0.124
0.131
0.136
0.142
0.147
0.151
0.153
0.152
0.148
0.142
0.133
0.123
0.109
0.084
