ECG
0.254
0.31
0.375
0.439
0.494
0.517
0.525
0.528
0.531
0.533
0.534
0.535
0.535
0.536
0.535
0.534
0.531
0.527
0.522
0.516
0.509
0.499
0.479
0.458
0.436
0.416
0.405
0.398
0.393
0.389
0.387
0.39
0.398
0.408
0.422
0.44
0.447
0.453
0.459
0.462
0.455
0.437
0.409
0.375
0.329
0.277
0.219
0.159
0.104
0.058
0.026
0.008
0.0
-0.006
-0.011
-0.015
-0.017
-0.017
-0.017
-0.016
-0.014
-0.012
-0.008
-0.003
0.006
0.031
0.063
0.097
0.137
0.171
0.201
0.229
0.255
0.285
0.308
0.321
0.331
0.34
0.348
0.351
0.354
0.356
0.358
0.36
0.361
0.363
0.364
0.365
0.367
0.368
0.369
0.37
0.37
0.37
0.369
0.368
0.367
0.367
0.365
0.364
0.362
0.359
0.357
0.355
0.352
0.349
0.346
0.341
0.333
0.311
0.295
0.279
0.262
0.245
0.223
0.198
0.174
0.149
0.128
0.112
0.093
0.073
0.054
0.035
0.023
0.015
0.009
0.003
-0.002
-0.007
-0.012
-0.018
-0.026
-0.037
-0.049
-0.06
-0.067
-0.072
-0.075
-0.078
-0.079
-0.08
-0.08
-0.078
-0.076
-0.072
-0.068
-0.064
-0.06
-0.056
-0.052
-0.047
-0.043
-0.039
-0.036
-0.036
-0.038
-0.042
-0.048
-0.055
-0.063
-0.07
-0.079
-0.088
-0.094
-0.098
-0.101
-0.104
-0.106
-0.108
-0.11
-0.112
-0.113
-0.114
-0.112
-0.109
-0.105
-0.1
-0.095
-0.09
-0.086
-0.081
-0.076
-0.072
-0.068
-0.064
-0.058
-0.053
-0.047
-0.043
-0.039
-0.036
-0.033
-0.029
-0.026
-0.023
-0.022
-0.022
-0.022
-0.022
-0.023
-0.024
-0.025
-0.026
-0.027
-0.028
-0.029
-0.031
-0.034
-0.036
-0.036
-0.033
-0.027
-0.023
-0.021
-0.019
-0.018
-0.015
-0.013
-0.011
-0.009
-0.008
-0.007
-0.007
-0.007
-0.007
-0.007
-0.008
-0.01
-0.012
-0.013
-0.014
-0.016
-0.017
-0.018
-0.019
-0.02
-0.02
-0.021
-0.023
-0.025
-0.031
-0.034
-0.029
-0.016
0.02
0.083
0.173
0.275
0.373
0.453
0.488
0.499
0.481
0.428
0.347
0.25
0.145
0.04
-0.05
-0.119
-0.131
-0.13
-0.13
-0.13
-0.13
-0.129
-0.129
-0.128
-0.128
-0.127
-0.127
-0.126
-0.125
-0.124
-0.124
-0.124
-0.125
-0.127
-0.128
-0.129
-0.129
-0.129
-0.129
-0.13
-0.13
-0.13
-0.13
-0.13
-0.13
-0.13
-0.13
-0.129
-0.128
-0.126
-0.125
-0.123
-0.122
-0.121
-0.12
-0.119
-0.118
-0.118
-0.117
-0.117
-0.116
-0.114
-0.112
-0.11
-0.107
-0.104
-0.1
-0.097
-0.092
-0.088
-0.083
-0.078
-0.071
-0.062
-0.055
-0.052
-0.054
-0.058
-0.065
-0.072
-0.08
-0.094
-0.103
-0.105
-0.107
-0.109
-0.11
-0.111
-0.113
-0.113
-0.11
-0.103
-0.095
-0.086
-0.078
-0.068
-0.059
-0.053
-0.051
-0.05
-0.05
-0.05
-0.049
-0.048
-0.048
-0.048
-0.048
-0.049
-0.053
-0.059
-0.066
-0.074
-0.081
-0.09
-0.099
-0.102
-0.102
-0.101
-0.101
-0.101
-0.101
-0.102
-0.103
-0.104
-0.104
-0.105
-0.105
-0.105
-0.104
-0.102
-0.1
-0.097
-0.094
-0.092
-0.09
-0.088
-0.087
-0.086
-0.085
-0.085
-0.085
-0.085
-0.084
-0.083
-0.083
-0.082
-0.082
-0.083
-0.083
-0.083
-0.083
-0.083
-0.083
-0.083
-0.083
-0.082
-0.081
-0.079
-0.076
-0.074
-0.071
-0.064
-0.048
-0.03
-0.01
0.007
0.017
0.025
0.033
0.033
0.017
-0.007
-0.039
-0.073
-0.104
-0.154
-0.204
-0.237
-0.276
-0.303
-0.315
-0.322
-0.326
-0.328
-0.325
-0.317
-0.307
-0.299
-0.29
-0.282
-0.275
-0.269
-0.263
-0.251
-0.225
-0.194
-0.16
-0.122
-0.083
-0.042
-0.005
0.029
0.065
0.088
0.1
0.109
0.117
0.124
0.13
0.138
0.148
0.16
0.174
0.184
0.192
0.198
0.203
0.209
0.213
0.217
0.222
0.229
0.237
0.248
0.263
0.271
0.277
0.283
0.287
0.29
0.292
0.291
0.29
0.287
0.283
0.279
0.273
0.265
0.253
0.24
0.228
0.217
0.208
0.198
0.187
0.175
0.159
0.139
0.12
0.102
0.083
0.061
0.05
0.043
0.038
0.033
0.03
0.026
0.022
0.018
0.014
0.01
0.006
0.002
-0.003
-0.009
-0.016
-0.022
-0.026
-0.029
-0.031
-0.034
-0.038
-0.041
-0.043
-0.041
-0.033
-0.022
-0.012
-0.004
0.002
0.01
0.018
0.025
0.029
0.031
0.031
0.031
0.031
0.03
0.029
0.028
0.026
0.025
0.023
0.021
0.019
0.015
0.009
0.003
-0.002
-0.005
-0.007
-0.01
-0.013
-0.015
-0.016
-0.017
-0.018
-0.019
-0.02
-0.022
-0.022
-0.022
-0.022
-0.021
-0.021
-0.021
-0.02
-0.02
-0.019
-0.018
-0.018
-0.018
-0.017
-0.017
-0.016
-0.015
-0.014
-0.013
-0.011
-0.01
-0.008
-0.007
-0.006
-0.005
-0.004
-0.003
-0.001
0.0
0.001
0.003
0.006
0.009
0.012
0.015
0.018
0.02
0.022
0.024
0.025
0.025
0.026
0.026
0.026
0.025
0.025
0.024
0.023
0.022
0.021
0.02
0.019
0.018
0.017
0.015
0.014
0.012
0.01
0.008
0.002
0.004
0.015
0.044
0.089
0.156
0.246
0.359
0.483
0.604
0.701
0.723
0.706
0.594
0.412
0.203
0.004
-0.14
-0.192
-0.209
-0.191
-0.168
-0.148
-0.128
-0.118
-0.111
-0.106
-0.101
-0.097
-0.094
-0.092
-0.092
-0.093
-0.094
-0.096
-0.098
-0.1
-0.102
-0.104
-0.105
-0.106
-0.107
-0.109
-0.111
-0.114
-0.117
-0.12
-0.122
-0.124
-0.124
-0.123
-0.12
-0.115
-0.109
-0.104
-0.098
-0.093
-0.088
-0.084
-0.08
-0.076
-0.072
-0.068
-0.063
-0.058
-0.054
-0.05
-0.047
-0.044
-0.04
-0.036
-0.03
-0.02
-0.01
0.0
0.002
0.003
0.004
0.004
0.005
0.006
0.007
0.009
0.01
0.012
0.013
0.014
0.015
0.016
0.017
0.017
0.017
0.017
0.018
0.018
0.019
0.02
0.021
0.022
0.024
0.025
0.025
0.025
0.024
0.024
0.023
0.023
0.023
0.023
0.023
0.023
0.023
0.023
0.023
0.023
0.023
0.023
0.023
0.023
0.022
0.022
0.021
0.021
0.021
0.02
0.019
0.016
0.014
0.012
0.01
0.008
0.005
0.003
0.001
0.0
-0.001
-0.004
-0.008
-0.012
-0.015
-0.017
-0.016
-0.014
-0.012
-0.009
-0.007
-0.005
-0.003
-0.001
0.0
0.002
0.004
0.006
0.008
0.01
0.012
0.014
0.015
0.017
0.019
0.022
0.025
0.03
0.037
0.055
0.075
0.091
0.104
0.113
0.114
0.108
0.097
0.079
0.045
0.004
-0.034
-0.074
-0.106
-0.151
-0.193
-0.239
-0.295
-0.321
-0.338
-0.349
-0.328
-0.292
-0.27
-0.264
-0.259
-0.259
-0.264
-0.269
-0.275
-0.273
-0.258
-0.238
-0.209
-0.177
-0.149
-0.104
-0.056
-0.025
0.008
0.041
0.058
0.066
0.071
0.075
0.079
0.084
0.089
0.093
0.098
0.104
0.11
0.117
0.124
0.132
0.14
0.148
0.156
0.164
0.172
0.178
0.181
0.182
0.183
0.184
0.185
0.186
0.188
0.189
0.19
0.19
0.189
0.185
0.179
0.173
0.165
0.158
0.148
0.137
0.128
0.12
0.112
0.1
0.083
0.066
0.051
0.038
0.026
0.014
0.006
0.0
-0.006
-0.012
-0.018
-0.025
-0.03
-0.034
-0.038
-0.042
-0.046
-0.05
-0.053
-0.056
-0.058
-0.061
-0.064
-0.066
-0.068
-0.07
-0.071
-0.073
-0.075
-0.077
-0.079
-0.081
-0.082
-0.083
-0.084
-0.084
-0.082
-0.08
-0.076
-0.072
-0.067
-0.063
-0.06
-0.057
-0.054
-0.05
-0.045
-0.04
-0.037
-0.034
-0.032
-0.031
-0.031
-0.03
-0.029
-0.029
-0.03
-0.03
-0.03
-0.028
-0.027
-0.032
-0.04
-0.048
-0.057
-0.062
-0.064
-0.065
-0.066
-0.069
-0.07
-0.068
-0.063
-0.061
-0.06
-0.059
-0.059
-0.059
-0.059
-0.058
-0.057
-0.057
-0.057
-0.057
-0.056
-0.056
-0.054
-0.053
-0.051
-0.05
-0.048
-0.045
-0.043
-0.04
-0.037
-0.034
-0.03
-0.023
-0.014
-0.01
-0.01
-0.009
-0.01
-0.01
-0.009
-0.009
-0.008
-0.009
-0.009
-0.01
-0.011
-0.011
-0.011
-0.012
-0.013
-0.015
-0.017
-0.019
-0.02
-0.02
-0.021
-0.023
-0.025
-0.026
-0.027
-0.027
-0.025
-0.022
-0.017
-0.01
0.014
0.058
0.123
0.213
0.328
0.456
0.574
0.649
0.653
0.6
0.454
0.264
0.075
-0.074
-0.148
-0.173
-0.159
-0.149
-0.143
-0.139
-0.135
-0.133
-0.132
-0.132
-0.133
-0.134
-0.135
-0.136
-0.138
-0.143
-0.146
-0.142
-0.132
-0.121
-0.107
-0.101
-0.098
-0.095
-0.093
-0.091
-0.09
-0.09
-0.092
-0.095
-0.098
-0.101
-0.103
-0.105
-0.108
-0.111
-0.113
-0.114
-0.115
-0.116
-0.116
-0.115
-0.113
-0.111
-0.109
-0.106
-0.102
-0.098
-0.093
-0.087
-0.072
-0.052
-0.039
-0.03
-0.022
-0.017
-0.015
-0.014
-0.014
-0.013
-0.013
-0.013
-0.013
-0.012
-0.012
-0.011
-0.01
-0.009
-0.008
-0.007
-0.005
-0.003
-0.001
0.0
0.002
0.003
0.005
0.007
0.009
0.011
0.014
0.017
0.019
0.021
0.022
0.023
0.022
0.021
0.02
0.018
0.016
0.014
0.012
0.011
0.009
0.008
0.007
0.005
0.003
0.0
-0.001
-0.002
-0.002
-0.002
-0.001
-0.001
-0.001
0.0
0.0
0.001
0.002
0.002
0.001
0.0
-0.003
-0.005
-0.007
-0.009
-0.012
-0.014
-0.016
-0.017
-0.015
-0.012
-0.007
-0.003
0.0
0.002
0.004
0.006
0.008
0.01
0.011
0.013
0.015
0.017
0.019
0.021
0.022
0.024
0.024
0.025
0.026
0.027
0.029
0.032
0.038
0.05
0.057
0.062
0.067
0.07
0.067
0.058
0.033
0.002
-0.035
-0.081
-0.127
-0.173
-0.217
-0.26
-0.301
-0.338
-0.363
-0.372
-0.362
-0.335
-0.306
-0.296
-0.292
-0.294
-0.297
-0.302
-0.306
-0.296
-0.267
-0.232
-0.198
-0.166
-0.131
-0.093
-0.055
-0.019
0.015
0.046
0.068
0.082
0.09
0.095
0.099
0.103
0.105
0.107
0.11
0.112
0.114
0.118
0.122
0.127
0.133
0.139
0.146
0.154
0.161
0.168
0.179
0.191
0.202
0.208
0.212
0.216
0.219
0.223
0.226
0.23
0.235
0.24
0.244
0.245
0.244
0.24
0.234
0.224
0.208
0.195
0.185
0.169
0.155
0.143
0.133
0.125
0.115
0.104
0.09
0.076
0.062
0.048
0.033
0.019
0.007
-0.008
-0.02
-0.022
-0.024
-0.025
-0.026
-0.027
-0.028
-0.028
-0.027
-0.027
-0.027
-0.026
-0.026
-0.026
-0.025
-0.025
-0.025
-0.025
-0.025
-0.024
-0.024
-0.023
-0.023
-0.023
-0.023
-0.022
-0.022
-0.022
-0.021
-0.021
-0.022
-0.023
-0.024
-0.025
-0.027
-0.028
-0.03
-0.032
-0.035
-0.04
-0.047
-0.054
-0.06
-0.067
-0.073
-0.078
-0.085
-0.092
-0.102
-0.107
-0.11
-0.113
-0.115
-0.116
-0.117
-0.116
-0.114
-0.112
-0.11
-0.108
-0.108
-0.107
-0.105
-0.104
-0.104
-0.104
-0.103
-0.103
-0.101
-0.1
-0.098
-0.097
-0.097
-0.096
-0.095
-0.093
-0.091
-0.088
-0.082
-0.068
-0.058
-0.052
-0.047
-0.044
-0.042
-0.041
-0.039
-0.037
-0.035
-0.033
-0.031
-0.028
-0.026
-0.024
-0.021
-0.02
-0.021
-0.024
-0.028
-0.032
-0.035
-0.039
-0.041
-0.041
-0.04
-0.039
-0.037
-0.036
-0.035
-0.033
-0.032
-0.029
-0.026
-0.022
-0.016
0.003
0.052
0.123
0.217
0.337
0.464
0.572
0.622
0.618
0.541
0.377
0.176
-0.016
-0.163
-0.22
-0.225
-0.192
-0.149
-0.126
-0.119
-0.115
-0.114
-0.116
-0.12
-0.125
-0.129
-0.134
-0.138
-0.139
-0.137
-0.133
-0.128
-0.122
-0.113
-0.106
-0.102
-0.096
-0.09
-0.083
-0.079
-0.076
-0.073
-0.072
-0.072
-0.074
-0.078
-0.083
-0.093
-0.105
-0.109
-0.112
-0.114
-0.115
-0.115
-0.112
-0.107
-0.103
-0.099
-0.095
-0.09
-0.086
-0.082
-0.079
-0.075
-0.069
-0.06
-0.052
-0.043
-0.034
-0.023
-0.018
-0.015
-0.013
-0.011
-0.009
-0.008
-0.007
-0.007
-0.005
-0.004
-0.002
-0.001
0.0
0.0
0.001
0.002
0.004
0.006
0.008
0.01
0.013
0.018
0.021
0.024
0.025
0.026
0.027
0.027
0.029
0.03
0.031
0.032
0.033
0.034
0.034
0.035
0.035
0.035
0.034
0.032
0.031
0.03
0.029
0.027
0.026
0.025
0.024
0.022
0.021
0.019
0.016
0.013
0.012
0.013
0.015
0.017
0.019
0.021
0.023
0.025
0.028
0.03
0.031
0.033
0.033
0.034
0.034
0.035
0.035
0.035
0.035
0.036
0.037
0.037
0.035
0.03
0.025
0.021
0.018
0.014
0.011
0.009
0.009
0.01
0.012
0.016
0.021
0.03
0.046
0.06
0.077
0.098
0.114
0.123
0.13
0.13
0.12
0.092
0.058
0.016
-0.034
-0.091
-0.148
-0.201
-0.252
-0.3
-0.34
-0.353
-0.36
-0.355
-0.341
-0.336
-0.332
-0.328
-0.325
-0.322
-0.318
-0.31
-0.293
-0.275
-0.258
-0.231
-0.206
-0.18
-0.147
-0.104
-0.057
-0.014
0.018
0.045
0.06
0.073
0.082
0.089
0.095
0.1
0.106
0.113
0.118
0.121
0.123
0.126
0.128
0.13
0.133
0.135
0.139
0.143
0.152
0.169
0.18
0.186
0.19
0.195
0.198
0.202
0.205
0.208
0.211
0.211
0.208
0.204
0.198
0.187
0.172
0.16
0.147
0.133
0.118
0.105
0.096
0.086
0.077
0.067
0.056
0.042
0.022
0.001
-0.015
-0.028
-0.037
-0.043
-0.046
-0.048
-0.049
-0.05
-0.052
-0.054
-0.056
-0.058
-0.062
-0.067
-0.078
-0.094
-0.104
-0.11
-0.11
-0.102
-0.089
-0.076
-0.066
-0.056
-0.049
-0.044
-0.042
-0.045
-0.05
-0.053
-0.055
-0.057
-0.059
-0.06
-0.06
-0.06
-0.06
-0.059
-0.058
-0.056
-0.054
-0.05
-0.043
-0.039
-0.035
-0.033
-0.03
-0.029
-0.031
-0.034
-0.039
-0.043
-0.049
-0.054
-0.058
-0.062
-0.067
-0.072
-0.076
-0.078
-0.08
-0.082
-0.084
-0.085
-0.086
-0.086
-0.085
-0.084
-0.083
-0.082
-0.082
-0.081
-0.08
-0.078
-0.077
-0.075
-0.072
-0.069
-0.065
-0.056
-0.04
-0.029
-0.022
-0.016
-0.011
-0.007
-0.004
-0.001
0.001
0.004
0.007
0.01
0.012
0.014
0.016
0.018
0.02
0.021
0.021
0.021
0.021
0.02
0.018
0.017
0.015
0.012
0.01
0.009
0.007
0.005
0.003
0.001
-0.001
-0.004
-0.006
-0.008
-0.01
-0.011
-0.013
-0.014
-0.016
-0.02
-0.027
-0.029
-0.032
-0.029
-0.008
0.035
0.105
0.202
0.322
0.456
0.586
0.69
0.736
0.699
0.577
0.39
0.178
-0.005
-0.126
-0.155
-0.154
-0.121
-0.105
-0.1
-0.105
-0.111
-0.116
-0.103
-0.091
-0.082
-0.076
-0.073
-0.073
-0.072
-0.071
-0.071
-0.071
-0.071
-0.07
-0.07
-0.071
-0.073
-0.077
-0.08
-0.082
-0.084
-0.086
-0.088
-0.09
-0.092
-0.094
-0.095
-0.096
-0.096
-0.096
-0.096
-0.095
-0.093
-0.091
-0.088
-0.085
-0.081
-0.076
-0.064
-0.056
-0.047
-0.039
-0.03
-0.023
-0.016
-0.011
-0.006
-0.002
0.0
0.001
0.003
0.004
0.006
0.008
0.01
0.011
0.013
0.014
0.016
0.018
0.021
0.024
0.026
0.028
0.03
0.033
0.035
0.036
0.037
0.038
0.038
0.038
0.037
0.036
0.034
0.032
0.029
0.026
0.023
0.021
0.019
0.016
0.012
0.008
0.003
0.0
-0.002
-0.004
-0.007
-0.009
-0.012
-0.014
-0.015
-0.017
-0.018
-0.019
-0.02
-0.021
-0.021
-0.022
-0.021
-0.021
-0.02
-0.019
-0.018
-0.018
-0.016
-0.015
-0.013
-0.012
-0.01
-0.01
-0.009
-0.008
-0.007
-0.006
-0.006
-0.006
-0.006
-0.006
-0.006
-0.005
-0.003
-0.002
-0.002
-0.001
0.0
0.001
0.003
0.005
0.008
0.011
0.02
0.039
0.067
0.093
0.123
0.134
0.14
0.145
0.137
0.113
0.084
0.048
0.01
-0.028
-0.066
-0.102
-0.141
-0.19
-0.246
-0.293
-0.308
-0.303
-0.289
-0.254
-0.224
-0.214
-0.219
-0.234
-0.265
-0.289
-0.297
-0.29
-0.268
-0.234
-0.194
-0.153
-0.116
-0.083
-0.052
-0.034
-0.016
0.0
0.013
0.024
0.034
0.041
0.046
0.05
0.054
0.058
0.062
0.069
0.078
0.089
0.1
0.11
0.119
0.126
0.132
0.139
0.149
0.158
0.168
0.175
0.181
0.188
0.196
0.202
0.207
0.211
0.214
0.21
0.203
0.196
0.189
0.18
0.169
0.161
0.154
0.147
0.141
0.135
0.129
0.119
0.107
0.095
0.085
0.073
0.062
0.048
0.03
0.016
0.007
-0.001
-0.01
-0.017
-0.023
-0.028
-0.032
-0.035
-0.037
-0.04
-0.042
-0.045
-0.047
-0.05
-0.054
-0.057
-0.059
-0.061
-0.063
-0.065
-0.066
-0.067
-0.066
-0.065
-0.062
-0.059
-0.055
-0.049
-0.039
-0.032
-0.028
-0.024
-0.021
-0.016
-0.013
-0.01
-0.008
-0.006
-0.004
-0.003
-0.004
-0.006
-0.009
-0.011
-0.013
-0.016
-0.02
-0.022
-0.023
-0.022
-0.02
-0.018
-0.017
-0.015
-0.013
-0.012
-0.012
-0.012
-0.014
-0.017
-0.02
-0.026
-0.034
-0.037
-0.038
-0.04
-0.041
-0.042
-0.043
-0.043
-0.041
-0.04
-0.039
-0.039
-0.038
-0.037
-0.036
-0.035
-0.034
-0.033
-0.033
-0.032
-0.031
-0.03
-0.029
-0.028
-0.027
-0.025
-0.024
-0.022
-0.02
-0.018
-0.017
-0.017
-0.016
-0.015
-0.014
-0.014
-0.013
-0.011
-0.01
-0.01
-0.013
-0.019
-0.025
-0.034
-0.041
-0.045
-0.048
-0.051
-0.053
-0.055
-0.057
-0.059
-0.06
-0.062
-0.064
-0.066
-0.068
-0.07
-0.072
-0.073
-0.074
-0.074
-0.073
-0.07
-0.067
-0.062
-0.055
-0.039
-0.01
0.035
0.104
0.198
0.314
0.444
0.566
0.637
0.641
0.587
0.45
0.27
0.089
-0.045
-0.122
-0.139
-0.145
-0.148
-0.151
-0.152
-0.152
-0.151
-0.148
-0.146
-0.144
-0.143
-0.142
-0.14
-0.139
-0.138
-0.137
-0.137
-0.136
-0.134
-0.133
-0.132
-0.132
-0.133
-0.135
-0.137
-0.14
-0.143
-0.143
-0.136
-0.127
-0.113
-0.106
-0.103
-0.101
-0.098
-0.096
-0.094
-0.092
-0.091
-0.09
-0.088
-0.085
-0.079
-0.065
-0.056
-0.051
-0.048
-0.045
-0.043
-0.04
-0.039
-0.036
-0.032
-0.027
-0.021
-0.015
0.003
0.026
0.041
0.049
0.053
0.056
0.058
0.059
0.061
0.062
0.063
0.064
0.065
0.066
0.07
0.07
0.054
0.031
0.002
-0.028
-0.055
-0.082
-0.105
-0.113
-0.118
-0.118
-0.115
-0.109
-0.106
-0.103
-0.101
-0.098
-0.096
-0.093
-0.09
-0.086
-0.082
-0.079
-0.077
-0.075
-0.074
-0.073
-0.073
-0.073
-0.072
-0.071
-0.068
-0.066
-0.063
-0.061
-0.06
-0.058
-0.056
-0.054
-0.052
-0.049
-0.045
-0.035
-0.012
0.008
0.028
0.037
0.042
0.045
0.047
0.05
0.053
0.056
0.058
0.06
0.063
0.066
0.07
0.08
0.098
0.116
0.132
0.147
0.161
0.171
0.178
0.182
0.18
0.171
0.146
0.115
0.08
0.044
0.003
-0.04
-0.085
-0.128
-0.166
-0.199
-0.211
-0.217
-0.221
-0.221
-0.214
-0.209
-0.205
-0.202
-0.197
-0.19
-0.181
-0.162
-0.141
-0.115
-0.086
-0.046
-0.001
0.044
0.088
0.129
0.167
0.202
0.233
0.253
0.269
0.279
0.287
0.294
0.3
0.305
0.309
0.313
0.316
0.32
0.328
0.343
0.358
0.368
0.377
0.384
0.389
0.394
0.397
0.399
0.401
0.403
0.405
0.406
0.407
0.406
0.403
0.399
0.393
0.386
0.374
0.362
0.352
0.344
0.335
0.328
0.316
0.3
0.283
0.266
0.251
0.239
0.227
0.211
0.19
0.177
0.171
0.167
0.162
0.157
0.152
0.147
0.14
0.131
0.124
0.118
0.11
0.094
0.075
0.057
0.046
0.04
0.034
0.028
0.022
0.018
0.016
0.013
0.011
0.009
0.006
0.004
0.003
0.001
0.0
-0.002
-0.004
-0.006
-0.009
-0.012
-0.015
-0.017
-0.018
-0.02
-0.022
-0.025
-0.029
-0.039
-0.049
-0.059
-0.067
-0.077
-0.089
-0.095
-0.098
-0.1
-0.102
-0.106
-0.109
-0.112
-0.115
-0.118
-0.123
-0.127
-0.13
-0.132
-0.133
-0.134
-0.135
-0.136
-0.138
-0.139
-0.139
-0.137
-0.134
-0.132
-0.13
-0.129
-0.127
-0.124
-0.122
-0.119
-0.117
-0.116
-0.114
-0.111
-0.108
-0.105
-0.102
-0.099
-0.097
-0.094
-0.09
-0.087
-0.084
-0.081
-0.079
-0.077
-0.075
-0.073
-0.07
-0.069
-0.067
-0.065
-0.063
-0.061
-0.06
-0.058
-0.057
-0.056
-0.055
-0.053
-0.052
-0.052
-0.055
-0.059
-0.064
-0.069
-0.076
-0.085
-0.09
-0.093
-0.096
-0.099
-0.101
-0.103
-0.104
-0.104
-0.104
-0.104
-0.104
-0.103
-0.102
-0.099
-0.097
-0.094
-0.089
-0.074
-0.045
0.0
0.063
0.149
0.256
0.376
0.496
0.593
0.638
0.606
0.489
0.311
0.112
-0.063
-0.18
-0.215
-0.217
-0.195
-0.172
-0.164
-0.161
-0.163
-0.166
-0.17
-0.173
-0.176
-0.172
-0.165
-0.159
-0.152
-0.149
-0.153
-0.161
-0.169
-0.179
-0.186
-0.19
-0.194
-0.196
-0.195
-0.19
-0.182
-0.175
-0.167
-0.161
-0.158
-0.155
-0.152
-0.148
-0.145
-0.143
-0.142
-0.141
-0.14
-0.138
-0.137
-0.133
-0.129
-0.125
-0.122
-0.118
-0.114
-0.11
-0.106
-0.099
-0.085
-0.075
-0.069
-0.064
-0.058
-0.053
-0.051
-0.05
-0.049
-0.047
-0.046
-0.045
-0.044
-0.044
-0.043
-0.043
-0.042
-0.041
-0.04
-0.04
-0.04
-0.041
-0.042
-0.044
-0.045
-0.047
-0.049
-0.05
-0.051
-0.052
-0.053
-0.054
-0.054
-0.054
-0.054
-0.055
-0.056
-0.057
-0.059
-0.061
-0.063
-0.065
-0.066
-0.068
-0.069
-0.069
-0.07
-0.07
-0.071
-0.071
-0.072
-0.073
-0.074
-0.075
-0.076
-0.077
-0.078
-0.078
-0.077
-0.077
-0.075
-0.074
-0.072
-0.07
-0.068
-0.066
-0.062
-0.058
-0.056
-0.058
-0.062
-0.066
-0.071
-0.076
-0.08
-0.081
-0.079
-0.074
-0.067
-0.059
-0.048
-0.038
-0.025
-0.007
0.004
0.011
0.016
0.018
0.017
0.013
0.006
-0.014
-0.046
-0.087
-0.133
-0.179
-0.224
-0.272
-0.323
-0.371
-0.398
-0.407
-0.396
-0.366
-0.329
-0.311
-0.305
-0.305
-0.312
-0.319
-0.327
-0.327
-0.317
-0.291
-0.26
-0.22
-0.174
-0.124
-0.073
-0.028
0.006
0.035
0.046
0.053
0.056
0.059
0.061
0.065
0.071
0.078
0.088
0.101
0.11
0.122
0.137
0.152
0.168
0.181
0.189
0.197
0.206
0.211
0.215
0.217
0.22
0.222
0.223
0.224
0.224
0.223
0.222
0.22
0.218
0.215
0.211
0.202
0.184
0.169
0.158
0.149
0.14
0.133
0.126
0.12
0.112
0.103
0.093
0.083
0.073
0.061
0.049
0.038
0.03
0.022
0.015
0.005
-0.005
-0.015
-0.027
-0.035
-0.042
-0.047
-0.051
-0.053
-0.055
-0.057
-0.058
-0.06
-0.061
-0.062
-0.062
-0.063
-0.062
-0.062
-0.061
-0.058
-0.055
-0.052
-0.049
-0.045
-0.038
-0.033
-0.029
-0.026
-0.021
-0.009
0.0
0.003
0.007
0.009
0.009
0.007
0.004
0.0
-0.008
-0.02
-0.025
-0.028
-0.031
-0.032
-0.032
-0.032
-0.031
-0.029
-0.028
-0.025
-0.024
-0.027
-0.033
-0.038
-0.042
-0.047
-0.051
-0.056
-0.061
-0.066
-0.071
-0.075
-0.079
-0.087
-0.099
-0.105
-0.109
-0.111
-0.113
-0.114
-0.113
-0.11
-0.105
-0.1
-0.09
-0.071
-0.059
-0.052
-0.045
-0.039
-0.033
-0.028
-0.023
-0.018
-0.013
-0.01
-0.007
0.0
0.009
0.012
0.015
0.016
0.017
0.016
0.012
0.007
0.0
-0.008
-0.013
-0.015
-0.017
-0.018
-0.019
-0.02
-0.02
-0.021
-0.021
-0.023
-0.024
-0.025
-0.026
-0.027
-0.028
-0.03
-0.031
-0.034
-0.037
-0.043
-0.047
-0.051
-0.053
-0.056
-0.058
-0.058
-0.055
-0.049
-0.032
-0.007
0.027
0.073
0.136
0.216
0.316
0.435
0.565
0.695
0.806
0.849
0.838
0.74
0.56
0.351
0.171
0.056
0.023
0.025
0.044
0.055
0.055
0.045
0.036
0.029
0.025
0.028
0.035
0.047
0.058
0.062
0.065
0.065
0.062
0.056
0.048
0.033
0.021
0.015
0.011
0.008
0.006
0.004
0.002
0.0
0.0
-0.002
-0.002
-0.002
0.0
0.004
0.008
0.011
0.013
0.016
0.019
0.023
0.026
0.029
0.032
0.035
0.043
0.058
0.068
0.074
0.079
0.082
0.085
0.087
0.088
0.09
0.092
0.095
0.098
0.101
0.103
0.105
0.107
0.109
0.111
0.112
0.113
0.115
0.116
0.117
0.119
0.121
0.123
0.127
0.129
0.127
0.122
0.108
0.085
0.069
0.06
0.056
0.054
0.052
0.05
0.048
0.047
0.045
0.043
0.041
0.039
0.037
0.035
0.033
0.03
0.027
0.024
0.022
0.019
0.015
0.012
0.009
0.004
0.0
-0.001
0.0
0.005
0.01
0.013
0.015
0.017
0.019
0.021
0.023
0.024
0.025
0.026
0.026
0.025
0.025
0.024
0.023
0.022
0.02
0.019
0.018
0.016
0.013
0.01
0.01
0.015
0.022
0.032
0.044
0.051
0.057
0.063
0.062
0.053
0.025
-0.007
-0.047
-0.091
-0.137
-0.186
-0.235
-0.28
-0.325
-0.367
-0.395
-0.406
-0.404
-0.387
-0.371
-0.355
-0.353
-0.358
-0.364
-0.37
-0.37
-0.364
-0.348
-0.322
-0.29
-0.254
-0.211
-0.165
-0.12
-0.076
-0.036
-0.001
0.03
0.05
0.066
0.078
0.089
0.094
0.098
0.1
0.102
0.105
0.107
0.11
0.112
0.114
0.117
0.122
0.129
0.136
0.144
0.151
0.155
0.16
0.164
0.168
0.171
0.174
0.178
0.182
0.186
0.188
0.188
0.186
0.182
0.176
0.169
0.159
0.149
0.14
0.13
0.12
0.109
0.098
0.09
0.08
0.065
0.048
0.029
0.009
-0.009
-0.019
-0.023
-0.027
-0.03
-0.033
-0.037
-0.04
-0.043
-0.047
-0.053
-0.061
-0.067
-0.072
-0.074
-0.077
-0.078
-0.08
-0.081
-0.081
-0.082
-0.081
-0.079
-0.077
-0.073
-0.069
-0.065
-0.06
-0.052
-0.045
-0.04
-0.036
-0.034
-0.032
-0.031
-0.029
-0.028
-0.027
-0.027
-0.026
-0.027
-0.027
-0.027
-0.027
-0.028
-0.029
-0.031
-0.032
-0.034
-0.036
-0.039
-0.038
-0.035
-0.032
-0.029
-0.025
-0.022
-0.022
-0.025
-0.03
-0.037
-0.05
-0.059
-0.065
-0.069
-0.072
-0.076
-0.08
-0.078
-0.069
-0.062
-0.057
-0.053
-0.05
-0.049
-0.048
-0.047
-0.046
-0.044
-0.042
-0.039
-0.036
-0.031
-0.024
-0.012
-0.004
0.0
0.006
0.012
0.014
0.015
0.016
0.018
0.019
0.021
0.022
0.023
0.024
0.024
0.025
0.025
0.025
0.025
0.024
0.023
0.022
0.022
0.021
0.02
0.019
0.018
0.017
0.016
0.014
0.012
0.009
0.001
-0.008
-0.013
-0.017
-0.02
-0.022
-0.024
-0.024
-0.024
-0.023
-0.022
-0.02
-0.018
-0.015
-0.011
-0.004
0.0
0.002
0.005
0.006
0.007
0.01
0.012
0.017
0.024
0.047
0.101
0.187
0.305
0.446
0.591
0.708
0.766
0.742
0.633
0.456
0.251
0.067
-0.061
-0.12
-0.139
-0.134
-0.118
-0.095
-0.087
-0.088
-0.097
-0.106
-0.114
-0.12
-0.125
-0.13
-0.137
-0.146
-0.15
-0.152
-0.155
-0.158
-0.16
-0.161
-0.161
-0.162
-0.162
-0.161
-0.161
-0.16
-0.159
-0.156
-0.154
-0.15
-0.147
-0.138
-0.124
-0.119
-0.117
-0.115
-0.113
-0.112
-0.11
-0.108
-0.105
-0.102
-0.1
-0.097
-0.094
-0.091
-0.088
-0.083
-0.078
-0.073
-0.07
-0.068
-0.067
-0.065
-0.062
-0.056
-0.047
-0.034
-0.018
-0.002
0.006
0.008
0.01
0.011
0.011
0.003
-0.008
-0.023
-0.033
-0.039
-0.042
-0.042
-0.037
-0.031
-0.027
-0.023
-0.02
-0.017
-0.016
-0.017
-0.019
-0.022
-0.026
-0.032
-0.041
-0.047
-0.05
-0.054
-0.055
-0.055
-0.051
-0.044
-0.032
-0.016
-0.01
-0.008
-0.006
-0.004
-0.003
-0.002
-0.001
-0.001
-0.001
-0.001
-0.001
-0.001
0.0
0.0
0.0
0.001
0.001
0.001
0.001
0.002
0.002
0.003
0.004
0.006
0.009
0.017
0.026
0.038
0.052
0.065
0.08
0.096
0.106
0.109
0.112
0.114
0.113
0.103
0.074
0.04
-0.002
-0.046
-0.088
-0.124
-0.16
-0.199
-0.238
-0.275
-0.305
-0.315
-0.31
-0.297
-0.273
-0.265
-0.262
-0.265
-0.272
-0.281
-0.29
-0.285
-0.272
-0.231
-0.175
-0.114
-0.054
-0.006
0.029
0.056
0.072
0.082
0.087
0.092
0.097
0.102
0.105
0.109
0.112
0.115
0.119
0.123
0.128
0.136
0.147
0.157
0.167
0.177
0.187
0.197
0.207
0.217
0.222
0.226
0.229
0.231
0.233
0.234
0.233
0.231
0.229
0.226
0.223
0.22
0.216
0.212
0.208
0.204
0.2
0.193
0.181
0.161
0.142
0.124
0.109
0.093
0.079
0.063
0.048
0.037
0.031
0.025
0.018
0.01
0.0
-0.015
-0.024
-0.03
-0.033
-0.036
-0.036
-0.035
-0.032
-0.028
-0.024
-0.019
-0.013
-0.007
-0.002
0.002
0.012
0.024
0.041
0.065
0.088
0.111
0.137
0.172
0.209
0.243
0.278
0.322
0.371
0.424
0.475
0.525
0.568
0.592
0.6
0.592
0.566
0.515
0.445
0.366
0.271
0.163
0.051
-0.053
-0.138
-0.198
-0.238
-0.26
-0.273
-0.279
-0.283
-0.285
-0.287
-0.289
-0.291
-0.293
-0.295
-0.298
-0.305
-0.315
-0.32
-0.323
-0.324
-0.325
-0.325
-0.324
-0.323
-0.323
-0.322
-0.322
-0.321
-0.32
-0.319
-0.318
-0.316
-0.313
-0.31
-0.307
-0.303
-0.296
-0.29
-0.283
-0.277
-0.272
-0.266
-0.262
-0.257
-0.251
-0.243
-0.235
-0.223
-0.207
-0.188
-0.171
-0.155
-0.138
-0.121
-0.107
-0.096
-0.082
-0.064
-0.048
-0.037
-0.03
-0.022
-0.015
-0.01
-0.007
-0.003
0.0
0.001
0.003
0.005
0.006
0.007
0.008
0.01
0.011
0.012
0.012
0.012
0.012
0.012
0.012
0.012
0.012
0.01
0.009
0.008
0.007
0.006
0.005
0.003
0.002
0.001
0.003
0.005
0.009
0.016
0.026
0.031
0.034
0.037
0.039
0.04
0.04
0.04
0.039
0.037
0.036
0.035
0.033
0.031
0.034
0.039
0.044
0.049
0.054
0.057
0.059
0.062
0.066
0.066
0.059
0.054
0.051
0.048
0.045
0.044
0.043
0.043
0.044
0.044
0.045
0.046
0.048
0.05
0.052
0.052
0.051
0.047
0.044
0.041
0.038
0.035
0.033
0.031
0.029
0.027
0.026
0.025
0.024
0.023
0.022
0.023
0.027
0.033
0.041
0.055
0.061
0.062
0.064
0.066
0.068
0.07
0.071
0.072
0.072
0.073
0.073
0.074
0.074
0.074
0.073
0.073
0.073
0.072
0.072
0.072
0.071
0.071
0.07
0.069
0.068
0.067
0.065
0.064
0.062
0.061
0.058
0.051
0.048
0.047
0.045
0.044
0.044
0.044
0.044
0.045
0.045
0.046
0.047
0.047
0.048
0.049
0.05
0.051
0.051
0.051
0.051
0.051
0.051
0.05
0.049
0.048
0.047
0.045
0.044
0.042
0.04
0.039
0.038
0.036
0.034
0.032
0.03
0.03
0.031
0.034
0.037
0.042
0.059
0.104
0.179
0.287
0.423
0.574
0.714
0.801
0.805
0.742
0.566
0.34
0.115
-0.06
-0.138
-0.148
-0.12
-0.077
-0.05
-0.042
-0.053
-0.069
-0.084
-0.09
-0.093
-0.095
-0.096
-0.096
-0.098
-0.1
-0.102
-0.104
-0.105
-0.106
-0.108
-0.11
-0.113
-0.117
-0.122
-0.127
-0.131
-0.136
-0.14
-0.14
-0.139
-0.136
-0.134
-0.131
-0.126
-0.117
-0.111
-0.106
-0.102
-0.097
-0.093
-0.09
-0.086
-0.083
-0.079
-0.074
-0.07
-0.067
-0.063
-0.059
-0.054
-0.049
-0.045
-0.04
-0.036
-0.032
-0.028
-0.022
-0.016
-0.012
-0.007
-0.003
-0.001
0.0
-0.002
-0.004
-0.008
-0.012
-0.019
-0.024
-0.026
-0.027
-0.029
-0.03
-0.032
-0.033
-0.034
-0.036
-0.037
-0.038
-0.04
-0.042
-0.043
-0.044
-0.046
-0.047
-0.05
-0.054
-0.057
-0.059
-0.058
-0.055
-0.05
-0.046
-0.043
-0.039
-0.035
-0.032
-0.028
-0.026
-0.024
-0.022
-0.02
-0.018
-0.016
-0.013
-0.01
-0.01
-0.011
-0.015
-0.02
-0.026
-0.034
-0.043
-0.048
-0.053
-0.056
-0.058
-0.058
-0.057
-0.054
-0.05
-0.043
-0.027
-0.006
0.013
0.028
0.039
0.04
0.036
0.024
-0.004
-0.039
-0.083
-0.132
-0.181
-0.227
-0.269
-0.307
-0.336
-0.345
-0.35
-0.353
-0.355
-0.356
-0.356
-0.358
-0.36
-0.361
-0.357
-0.346
-0.33
-0.312
-0.288
-0.255
-0.206
-0.143
-0.077
-0.021
0.018
0.043
0.058
0.072
0.088
0.106
0.123
0.14
0.155
0.164
0.168
0.171
0.174
0.177
0.179
0.183
0.19
0.205
0.221
0.235
0.247
0.262
0.271
0.275
0.278
0.281
0.283
0.283
0.283
0.281
0.279
0.277
0.273
0.27
0.264
0.257
0.25
0.241
0.231
0.222
0.211
0.196
0.182
0.166
0.148
0.131
0.116
0.105
0.099
0.092
0.086
0.078
0.067
0.053
0.04
0.026
0.013
0.0
-0.015
-0.032
-0.041
-0.045
-0.048
-0.051
-0.054
-0.055
-0.056
-0.056
-0.056
-0.056
-0.055
-0.054
-0.052
-0.05
-0.047
-0.045
-0.043
-0.041
-0.038
-0.033
-0.029
-0.026
-0.023
-0.02
-0.017
-0.014
-0.008
-0.004
0.0
0.001
0.004
0.008
0.01
0.006
-0.001
-0.008
-0.016
-0.024
-0.032
-0.036
-0.039
-0.042
-0.045
-0.048
-0.049
-0.05
-0.051
-0.051
-0.051
-0.052
-0.053
-0.054
-0.055
-0.056
-0.057
-0.058
-0.057
-0.055
-0.054
-0.053
-0.052
-0.051
-0.05
-0.049
-0.048
-0.046
-0.045
-0.044
-0.043
-0.041
-0.039
-0.038
-0.036
-0.034
-0.032
-0.029
-0.026
-0.022
-0.019
-0.016
-0.014
-0.013
-0.011
-0.01
-0.009
-0.009
-0.009
-0.009
-0.011
-0.014
-0.017
-0.02
-0.022
-0.025
-0.028
-0.032
-0.035
-0.037
-0.037
-0.035
-0.033
-0.03
-0.028
-0.026
-0.025
-0.022
-0.02
-0.019
-0.018
-0.018
-0.019
-0.021
-0.023
-0.027
-0.03
-0.035
-0.042
-0.048
-0.048
-0.045
-0.038
-0.017
0.024
0.09
0.18
0.295
0.432
0.576
0.699
0.761
0.728
0.591
0.38
0.154
-0.034
-0.156
-0.19
-0.189
-0.15
-0.124
-0.117
-0.113
-0.11
-0.108
-0.108
-0.107
-0.107
-0.108
-0.108
-0.11
-0.111
-0.113
-0.116
-0.118
-0.119
-0.121
-0.122
-0.124
-0.125
-0.126
-0.126
-0.126
-0.127
-0.127
-0.128
-0.129
-0.132
-0.131
-0.124
-0.112
-0.103
-0.101
-0.1
-0.099
-0.099
-0.098
-0.097
-0.095
-0.093
-0.091
-0.088
-0.085
-0.077
-0.062
-0.052
-0.048
-0.045
-0.043
-0.039
-0.036
-0.034
-0.031
-0.028
-0.021
-0.007
0.004
0.013
0.022
0.028
0.032
0.035
0.038
0.038
0.036
0.034
0.031
0.028
0.024
0.022
0.022
0.025
0.028
0.03
0.032
0.034
0.036
0.038
0.037
0.035
0.032
0.028
0.025
0.022
0.018
0.014
0.01
0.008
0.006
0.004
0.003
0.002
0.0
-0.001
-0.003
-0.004
-0.005
-0.007
-0.009
-0.011
-0.013
-0.014
-0.016
-0.017
-0.019
-0.021
-0.023
-0.026
-0.028
-0.029
-0.029
-0.028
-0.027
-0.026
-0.025
-0.024
-0.022
-0.02
-0.018
-0.019
-0.022
-0.027
-0.032
-0.035
-0.039
-0.043
-0.046
-0.049
-0.05
-0.049
-0.048
-0.045
-0.041
-0.036
-0.026
-0.006
0.013
0.031
0.043
0.052
0.052
0.044
0.02
-0.014
-0.059
-0.111
-0.162
-0.211
-0.254
-0.29
-0.327
-0.363
-0.395
-0.406
-0.412
-0.406
-0.382
-0.367
-0.361
-0.358
-0.356
-0.354
-0.351
-0.348
-0.343
-0.323
-0.29
-0.25
-0.205
-0.154
-0.101
-0.053
-0.01
0.031
0.069
0.087
0.095
0.098
0.101
0.103
0.106
0.109
0.112
0.116
0.122
0.135
0.16
0.176
0.185
0.191
0.197
0.202
0.207
0.212
0.218
0.224
0.23
0.235
0.241
0.246
0.251
0.252
0.25
0.246
0.241
0.236
0.229
0.222
0.214
0.205
0.194
0.181
0.168
0.155
0.146
0.135
0.119
0.105
0.095
0.082
0.068
0.055
0.047
0.039
0.03
0.02
0.01
0.0
-0.007
-0.013
-0.017
-0.021
-0.025
-0.03
-0.036
-0.042
-0.05
-0.055
-0.057
-0.059
-0.06
-0.061
-0.062
-0.063
-0.064
-0.064
-0.062
-0.059
-0.056
-0.052
-0.046
-0.036
-0.028
-0.019
-0.011
-0.007
-0.004
-0.002
-0.001
0.0
-0.001
-0.005
-0.011
-0.021
-0.036
-0.042
-0.046
-0.049
-0.05
-0.051
-0.049
-0.045
-0.041
-0.037
-0.032
-0.028
-0.027
-0.028
-0.032
-0.036
-0.04
-0.044
-0.048
-0.051
-0.054
-0.057
-0.059
-0.061
-0.063
-0.065
-0.067
-0.069
-0.069
-0.069
-0.069
-0.069
-0.068
-0.067
-0.065
-0.062
-0.059
-0.052
-0.038
-0.029
-0.025
-0.022
-0.019
-0.016
-0.014
-0.012
-0.01
-0.008
-0.006
-0.003
0.0
0.002
0.005
0.008
0.014
0.014
0.005
0.0
-0.005
-0.01
-0.013
-0.015
-0.017
-0.018
-0.02
-0.021
-0.023
-0.025
-0.026
-0.027
-0.028
-0.03
-0.032
-0.033
-0.035
-0.038
-0.04
-0.041
-0.041
-0.038
-0.033
-0.02
0.004
0.045
0.104
0.186
0.293
0.424
0.564
0.684
0.737
0.73
0.633
0.445
0.225
0.025
-0.12
-0.181
-0.19
-0.174
-0.136
-0.117
-0.111
-0.109
-0.109
-0.111
-0.114
-0.12
-0.131
-0.135
-0.137
-0.139
-0.14
-0.143
-0.145
-0.146
-0.146
-0.147
-0.147
-0.147
-0.146
-0.145
-0.144
-0.142
-0.141
-0.14
-0.14
-0.139
-0.139
-0.139
-0.139
-0.138
-0.138
-0.137
-0.136
-0.134
-0.132
-0.131
-0.13
-0.129
-0.127
-0.125
-0.122
-0.111
-0.09
-0.07
-0.06
-0.05
-0.04
-0.028
-0.014
-0.006
-0.001
0.002
0.004
0.005
0.004
0.001
-0.003
-0.007
-0.011
-0.017
-0.022
-0.023
-0.021
-0.016
-0.009
0.001
0.011
0.022
0.027
0.03
0.033
0.034
0.035
0.034
0.031
0.027
0.023
0.019
0.014
0.009
0.005
0.0
-0.004
-0.008
-0.011
-0.014
-0.017
-0.019
-0.02
-0.021
-0.022
-0.022
-0.021
-0.02
-0.019
-0.018
-0.016
-0.015
-0.013
-0.011
-0.008
-0.004
-0.002
-0.002
-0.003
-0.004
-0.005
-0.006
-0.007
-0.009
-0.01
-0.011
-0.012
-0.011
-0.01
-0.009
-0.008
-0.007
-0.004
-0.001
-0.001
-0.005
-0.012
-0.02
-0.032
-0.04
-0.045
-0.049
-0.052
-0.054
-0.055
-0.052
-0.048
-0.043
-0.037
-0.027
-0.018
-0.006
0.011
0.033
0.053
0.067
0.076
0.079
0.076
0.065
0.036
-0.003
-0.045
-0.088
-0.131
-0.176
-0.224
-0.276
-0.325
-0.365
-0.378
-0.373
-0.356
-0.318
-0.306
-0.302
-0.299
-0.3
-0.305
-0.312
-0.317
-0.306
-0.272
-0.235
-0.196
-0.161
-0.131
-0.102
-0.074
-0.045
-0.027
-0.008
0.01
0.028
0.047
0.063
0.075
0.082
0.086
0.089
0.092
0.095
0.099
0.104
0.11
0.12
0.128
0.139
0.153
0.168
0.184
0.194
0.2
0.203
0.206
0.207
0.209
0.209
0.21
0.211
0.212
0.213
0.215
0.215
0.215
0.213
0.21
0.205
0.196
0.181
0.166
0.149
0.129
0.112
0.097
0.082
0.065
0.046
0.033
0.026
0.02
0.013
0.007
0.001
-0.003
-0.009
-0.013
-0.017
-0.02
-0.022
-0.025
-0.027
-0.029
-0.031
-0.032
-0.033
-0.034
-0.035
-0.035
-0.036
-0.037
-0.038
-0.038
-0.037
-0.034
-0.029
-0.025
-0.021
-0.017
-0.013
-0.009
-0.006
-0.003
0.0
0.002
0.004
0.008
0.013
0.018
0.023
0.028
0.034
0.04
0.046
0.052
0.055
0.058
0.061
0.063
0.064
0.064
0.062
0.059
0.055
0.052
0.048
0.045
0.041
0.038
0.035
0.033
0.031
0.028
0.026
0.024
0.021
0.019
0.017
0.015
0.015
0.014
0.014
0.014
0.013
0.012
0.012
0.011
0.012
0.015
0.019
0.024
0.032
0.043
0.044
0.045
0.046
0.047
0.047
0.047
0.047
0.048
0.048
0.049
0.05
0.051
0.052
0.053
0.055
0.059
0.058
0.047
0.036
0.026
0.02
0.017
0.012
0.006
0.0
-0.006
-0.01
-0.014
-0.019
-0.025
-0.037
-0.051
-0.056
-0.059
-0.062
-0.063
-0.064
-0.065
-0.065
-0.065
-0.065
-0.063
-0.061
-0.058
-0.053
-0.047
-0.021
0.034
0.117
0.226
0.352
0.48
0.578
0.617
0.582
0.476
0.32
0.143
-0.011
-0.119
-0.182
-0.194
-0.199
-0.199
-0.192
-0.182
-0.17
-0.163
-0.158
-0.155
-0.158
-0.165
-0.171
-0.176
-0.18
-0.18
-0.177
-0.173
-0.171
-0.17
-0.168
-0.167
-0.166
-0.165
-0.164
-0.163
-0.163
-0.163
-0.164
-0.165
-0.167
-0.17
-0.173
-0.176
-0.18
-0.189
-0.195
-0.199
-0.202
-0.204
-0.203
-0.199
-0.194
-0.185
-0.171
-0.158
-0.144
-0.132
-0.124
-0.119
-0.115
-0.113
-0.111
-0.108
-0.105
-0.102
-0.099
-0.094
-0.088
-0.082
-0.074
-0.065
-0.056
-0.049
-0.044
-0.04
-0.036
-0.032
-0.029
-0.026
-0.023
-0.021
-0.018
-0.016
-0.016
-0.017
-0.021
-0.024
-0.027
-0.028
-0.03
-0.031
-0.033
-0.035
-0.036
-0.036
-0.037
-0.037
-0.038
-0.039
-0.039
-0.039
-0.039
-0.039
-0.038
-0.037
-0.037
-0.036
-0.035
-0.034
-0.033
-0.032
-0.031
-0.029
-0.028
-0.027
-0.026
-0.026
-0.025
-0.024
-0.022
-0.021
-0.02
-0.02
-0.021
-0.023
-0.025
-0.028
-0.031
-0.037
-0.047
-0.059
-0.068
-0.076
-0.081
-0.085
-0.088
-0.091
-0.093
-0.095
-0.096
-0.096
-0.095
-0.092
-0.088
-0.083
-0.075
-0.062
-0.053
-0.045
-0.038
-0.035
-0.038
-0.047
-0.071
-0.103
-0.143
-0.193
-0.249
-0.302
-0.349
-0.386
-0.418
-0.433
-0.443
-0.449
-0.437
-0.419
-0.397
-0.383
-0.377
-0.372
-0.367
-0.363
-0.36
-0.353
-0.328
-0.282
-0.227
-0.17
-0.117
-0.069
-0.029
0.006
0.038
0.059
0.08
0.102
0.12
0.133
0.144
0.153
0.161
0.168
0.176
0.188
0.202
0.213
0.221
0.232
0.238
0.242
0.245
0.248
0.249
0.251
0.253
0.254
0.255
0.256
0.257
0.259
0.26
0.263
0.266
0.265
0.261
0.255
0.247
0.238
0.229
0.218
0.203
0.19
0.179
0.167
0.152
0.133
0.116
0.1
0.088
0.079
0.068
0.054
0.037
0.025
0.019
0.013
0.007
0.001
-0.002
-0.006
-0.009
-0.012
-0.015
-0.018
-0.02
-0.023
-0.026
-0.029
-0.032
-0.035
-0.038
-0.039
-0.039
-0.04
-0.04
-0.041
-0.042
-0.043
-0.043
-0.039
-0.033
-0.025
-0.016
-0.012
-0.01
-0.008
-0.006
-0.005
-0.005
-0.007
-0.011
-0.018
-0.029
-0.043
-0.049
-0.052
-0.055
-0.057
-0.057
-0.056
-0.053
-0.049
-0.043
-0.032
-0.028
-0.025
-0.023
-0.021
-0.022
-0.025
-0.028
-0.03
-0.032
-0.034
-0.036
-0.036
-0.037
-0.036
-0.034
-0.032
-0.028
-0.024
-0.018
-0.014
-0.011
-0.009
-0.006
-0.007
-0.015
-0.021
-0.027
-0.032
-0.037
-0.042
-0.046
-0.05
-0.054
-0.056
-0.056
-0.054
-0.05
-0.045
-0.039
-0.029
-0.019
-0.011
-0.003
0.0
0.001
0.003
0.005
0.005
0.002
-0.003
-0.01
-0.017
-0.022
-0.026
-0.029
-0.03
-0.032
-0.033
-0.035
-0.036
-0.038
-0.04
-0.042
-0.044
-0.047
-0.049
-0.052
-0.056
-0.062
-0.067
-0.069
-0.07
-0.072
-0.074
-0.076
-0.072
-0.062
-0.034
0.012
0.077
0.159
0.259
0.375
0.499
0.603
0.653
0.622
0.503
0.321
0.116
-0.063
-0.185
-0.217
-0.215
-0.174
-0.147
-0.139
-0.134
-0.13
-0.127
-0.123
-0.119
-0.115
-0.115
-0.116
-0.118
-0.121
-0.124
-0.126
-0.126
-0.122
-0.117
-0.114
-0.111
-0.108
-0.106
-0.104
-0.104
-0.104
-0.105
-0.106
-0.106
-0.107
-0.107
-0.108
-0.11
-0.111
-0.111
-0.112
-0.111
-0.111
-0.11
-0.107
-0.105
-0.101
-0.097
-0.089
-0.081
-0.071
-0.058
-0.048
-0.04
-0.033
-0.029
-0.027
-0.025
-0.023
-0.022
-0.02
-0.018
-0.015
-0.013
-0.009
-0.004
0.005
0.024
0.033
0.037
0.04
0.043
0.045
0.047
0.047
0.046
0.045
0.043
0.041
0.039
0.036
0.033
0.029
0.025
0.022
0.019
0.016
0.015
0.014
0.013
0.012
0.012
0.012
0.011
0.01
0.008
0.007
0.006
0.006
0.006
0.007
0.007
0.007
0.008
0.008
0.008
0.007
0.006
0.004
0.003
0.004
0.006
0.007
0.008
0.009
0.01
0.012
0.013
0.015
0.016
0.016
0.016
0.014
0.012
0.01
0.007
0.003
0.0
-0.004
-0.01
-0.017
-0.023
-0.029
-0.035
-0.042
-0.045
-0.043
-0.037
-0.028
-0.014
0.0
0.018
0.038
0.053
0.063
0.069
0.061
0.035
0.0
-0.039
-0.081
-0.129
-0.178
-0.222
-0.267
-0.314
-0.36
-0.403
-0.442
-0.454
-0.447
-0.425
-0.385
-0.372
-0.367
-0.363
-0.371
-0.381
-0.389
-0.381
-0.356
-0.321
-0.281
-0.243
-0.203
-0.159
-0.117
-0.083
-0.055
-0.038
-0.02
-0.004
0.01
0.025
0.035
0.041
0.048
0.056
0.065
0.073
0.08
0.085
0.092
0.101
0.112
0.119
0.123
0.127
0.13
0.133
0.136
0.138
0.14
0.143
0.148
0.157
0.165
0.17
0.174
0.177
0.179
0.178
0.175
0.17
0.164
0.157
0.147
0.138
0.131
0.118
0.102
0.09
0.083
0.075
0.067
0.057
0.045
0.037
0.03
0.026
0.021
0.014
0.007
-0.001
-0.013
-0.023
-0.032
-0.04
-0.047
-0.052
-0.055
-0.058
-0.06
-0.062
-0.063
-0.064
-0.065
-0.065
-0.064
-0.063
-0.061
-0.059
-0.056
-0.051
-0.043
-0.026
-0.013
-0.003
0.006
0.018
0.034
0.06
0.087
0.097
0.101
0.103
0.096
0.072
0.038
-0.007
-0.054
-0.094
-0.128
-0.16
-0.195
-0.238
-0.286
-0.331
-0.359
-0.37
-0.373
-0.371
-0.368
-0.365
-0.364
-0.362
-0.36
-0.358
-0.357
-0.354
-0.343
-0.319
-0.285
-0.245
-0.202
-0.161
-0.123
-0.087
-0.055
-0.028
-0.005
0.001
0.005
0.007
0.009
0.011
0.013
0.015
0.018
0.021
0.026
0.035
0.047
0.058
0.071
0.084
0.094
0.102
0.111
0.12
0.127
0.133
0.136
0.139
0.142
0.147
0.152
0.157
0.161
0.166
0.171
0.174
0.176
0.175
0.171
0.167
0.16
0.148
0.13
0.114
0.099
0.084
0.068
0.051
0.035
0.019
0.004
-0.006
-0.019
-0.03
-0.037
-0.042
-0.044
-0.044
-0.045
-0.045
-0.046
-0.047
-0.047
-0.048
-0.048
-0.048
-0.049
-0.049
-0.049
-0.049
-0.048
-0.047
-0.046
-0.046
-0.045
-0.045
-0.044
-0.043
-0.042
-0.041
-0.04
-0.039
-0.038
-0.035
-0.032
-0.027
-0.023
-0.019
-0.016
-0.013
-0.01
-0.007
-0.005
-0.005
-0.008
-0.011
-0.015
-0.019
-0.022
-0.026
-0.032
-0.035
-0.037
-0.038
-0.039
-0.041
-0.045
-0.038
-0.034
-0.033
-0.031
-0.03
-0.028
-0.027
-0.027
-0.026
-0.025
-0.024
-0.023
-0.022
-0.022
-0.022
-0.021
-0.02
-0.02
-0.019
-0.019
-0.019
-0.019
-0.019
-0.019
-0.018
-0.018
-0.017
-0.017
-0.017
-0.016
-0.015
-0.014
-0.013
-0.012
-0.012
-0.011
-0.009
-0.008
-0.006
-0.002
0.005
0.009
0.012
0.015
0.017
0.017
0.016
0.013
0.008
0.0
-0.014
-0.022
-0.025
-0.028
-0.03
-0.032
-0.033
-0.035
-0.037
-0.039
-0.041
-0.043
-0.044
-0.046
-0.048
-0.052
-0.056
-0.058
-0.059
-0.061
-0.062
-0.064
-0.065
-0.066
-0.067
-0.067
-0.067
-0.067
-0.066
-0.065
-0.063
-0.06
-0.057
-0.046
-0.011
0.048
0.133
0.245
0.375
0.51
0.625
0.678
0.673
0.588
0.406
0.189
0.0
-0.118
-0.16
-0.163
-0.136
-0.102
-0.09
-0.097
-0.115
-0.13
-0.136
-0.138
-0.134
-0.127
-0.122
-0.117
-0.113
-0.11
-0.111
-0.112
-0.115
-0.116
-0.117
-0.119
-0.12
-0.121
-0.123
-0.123
-0.123
-0.122
-0.121
-0.119
-0.117
-0.115
-0.112
-0.11
-0.108
-0.106
-0.104
-0.102
-0.099
-0.097
-0.094
-0.089
-0.082
-0.077
-0.073
-0.068
-0.062
-0.053
-0.045
-0.038
-0.032
-0.027
-0.023
-0.017
-0.011
-0.004
0.0
0.005
0.009
0.013
0.016
0.021
0.027
0.034
0.037
0.04
0.042
0.044
0.045
0.045
0.045
0.044
0.043
0.043
0.042
0.042
0.042
0.042
0.042
0.042
0.043
0.043
0.043
0.043
0.042
0.042
0.041
0.04
0.039
0.037
0.035
0.033
0.031
0.027
0.02
0.014
0.011
0.008
0.004
0.002
0.002
0.006
0.01
0.013
0.017
0.02
0.023
0.026
0.028
0.029
0.031
0.034
0.036
0.037
0.037
0.035
0.031
0.026
0.02
0.01
0.005
0.001
-0.001
-0.003
-0.001
0.005
0.014
0.028
0.043
0.058
0.07
0.077
0.08
0.078
0.071
0.051
0.025
-0.002
-0.036
-0.075
-0.116
-0.155
-0.196
-0.244
-0.294
-0.338
-0.361
-0.369
-0.361
-0.339
-0.312
-0.303
-0.298
-0.303
-0.326
-0.339
-0.348
-0.347
-0.327
-0.281
-0.223
-0.16
-0.101
-0.05
-0.012
0.014
0.032
0.045
0.052
0.057
0.061
0.064
0.068
0.073
0.081
0.09
0.098
0.107
0.117
0.13
0.147
0.162
0.173
0.185
0.192
0.196
0.2
0.202
0.204
0.206
0.207
0.207
0.207
0.206
0.204
0.203
0.2
0.196
0.192
0.182
0.163
0.15
0.142
0.136
0.132
0.125
0.111
0.098
0.09
0.083
0.077
0.067
0.049
0.029
0.011
0.0
-0.01
-0.02
-0.033
-0.051
-0.074
-0.086
-0.089
-0.091
-0.093
-0.093
-0.094
-0.094
-0.093
-0.093
-0.092
-0.091
-0.089
-0.099
-0.108
-0.113
-0.117
-0.119
-0.12
-0.121
-0.121
-0.123
-0.125
-0.125
-0.12
-0.117
-0.116
-0.114
-0.112
-0.111
-0.109
-0.108
-0.107
-0.106
-0.106
-0.107
-0.107
-0.108
-0.109
-0.111
-0.112
-0.114
-0.115
-0.117
-0.122
-0.131
-0.134
-0.135
-0.136
-0.138
-0.138
-0.139
-0.139
-0.138
-0.137
-0.136
-0.134
-0.132
-0.13
-0.126
-0.122
-0.117
-0.109
-0.093
-0.081
-0.073
-0.067
-0.061
-0.057
-0.052
-0.049
-0.048
-0.049
-0.051
-0.052
-0.053
-0.054
-0.055
-0.055
-0.056
-0.056
-0.056
-0.055
-0.054
-0.052
-0.05
-0.047
-0.043
-0.037
-0.03
-0.023
-0.015
-0.006
0.0
0.003
0.005
0.007
0.008
0.008
0.008
0.006
0.004
0.002
0.0
-0.003
-0.006
-0.009
-0.011
-0.011
-0.008
-0.005
-0.001
0.001
0.006
0.01
0.011
0.012
0.012
0.014
0.014
0.014
0.012
0.009
0.005
0.0
0.0
0.009
0.033
0.079
0.15
0.246
0.364
0.496
0.622
0.711
0.737
0.684
0.554
0.373
0.176
0.009
-0.092
-0.11
-0.106
-0.065
-0.036
-0.028
-0.023
-0.019
-0.015
-0.012
-0.006
0.0
-0.006
-0.013
-0.018
-0.021
-0.017
-0.008
-0.002
0.002
0.008
0.011
0.011
0.007
0.002
-0.002
-0.005
-0.009
-0.013
-0.016
-0.017
-0.019
-0.021
-0.022
-0.023
-0.025
-0.027
-0.028
-0.029
-0.028
-0.026
-0.023
-0.019
-0.015
-0.009
-0.004
0.0
0.004
0.007
0.01
0.014
0.018
0.021
0.024
0.026
0.028
0.03
0.032
0.034
0.036
0.037
0.039
0.042
0.046
0.052
0.062
0.067
0.069
0.071
0.073
0.075
0.076
0.077
0.078
0.078
0.078
0.078
0.077
0.076
0.074
0.071
0.068
0.066
0.063
0.06
0.057
0.05
0.044
0.041
0.039
0.038
0.036
0.035
0.034
0.032
0.031
0.03
0.029
0.028
0.025
0.022
0.019
0.015
0.012
0.008
0.003
-0.002
-0.005
-0.007
-0.008
-0.009
-0.011
-0.012
-0.014
-0.014
-0.013
-0.01
-0.007
-0.004
-0.002
0.0
0.003
0.004
0.002
0.0
-0.005
-0.009
-0.012
-0.016
-0.019
-0.022
-0.025
-0.026
-0.026
-0.025
-0.024
-0.022
-0.019
-0.015
-0.006
0.012
0.034
0.058
0.076
0.089
0.09
0.084
0.066
0.029
-0.012
-0.058
-0.105
-0.149
-0.194
-0.239
-0.283
-0.32
-0.344
-0.353
-0.352
-0.341
-0.335
-0.331
-0.328
-0.325
-0.321
-0.318
-0.316
-0.313
-0.307
-0.285
-0.247
-0.198
-0.145
-0.098
-0.054
-0.012
0.027
0.062
0.092
0.104
0.111
0.114
0.116
0.118
0.119
0.121
0.125
0.129
0.134
0.139
0.145
0.151
0.158
0.163
0.166
0.168
0.171
0.177
0.19
0.207
0.225
0.241
0.251
0.254
0.255
0.258
0.259
0.256
0.249
0.238
0.222
0.206
0.187
0.174
0.167
0.162
0.158
0.155
0.152
0.15
0.147
0.144
0.141
0.136
0.13
0.121
0.105
0.083
0.07
0.063
0.058
0.053
0.049
0.044
0.038
0.031
0.024
0.016
0.006
-0.002
-0.011
-0.02
-0.028
-0.031
-0.034
-0.036
-0.038
-0.039
-0.039
-0.038
-0.036
-0.033
-0.03
-0.028
-0.026
-0.024
-0.021
-0.019
-0.017
-0.015
-0.014
-0.013
-0.012
-0.011
-0.01
-0.008
-0.006
-0.004
-0.004
-0.008
-0.014
-0.024
-0.037
-0.047
-0.06
-0.067
-0.069
-0.071
-0.073
-0.074
-0.075
-0.075
-0.075
-0.075
-0.076
-0.077
-0.078
-0.079
-0.079
-0.079
-0.08
-0.081
-0.082
-0.083
-0.084
-0.085
-0.087
-0.091
-0.095
-0.098
-0.099
-0.101
-0.103
-0.106
-0.108
-0.106
-0.1
-0.096
-0.092
-0.088
-0.085
-0.083
-0.08
-0.077
-0.075
-0.073
-0.071
-0.071
-0.07
-0.07
-0.069
-0.068
-0.068
-0.067
-0.067
-0.066
-0.065
-0.065
-0.067
-0.071
-0.073
-0.075
-0.077
-0.079
-0.081
-0.083
-0.086
-0.089
-0.093
-0.098
-0.104
-0.11
-0.113
-0.115
-0.117
-0.119
-0.121
-0.122
-0.123
-0.123
-0.122
-0.12
-0.117
-0.113
-0.1
-0.063
-0.003
0.08
0.187
0.312
0.443
0.556
0.609
0.605
0.527
0.364
0.165
-0.022
-0.169
-0.25
-0.262
-0.258
-0.229
-0.201
-0.174
-0.16
-0.152
-0.147
-0.144
-0.145
-0.15
-0.156
-0.159
-0.161
-0.163
-0.165
-0.167
-0.168
-0.169
-0.17
-0.171
-0.172
-0.172
-0.173
-0.172
-0.172
-0.171
-0.17
-0.169
-0.167
-0.166
-0.164
-0.163
-0.16
-0.157
-0.149
-0.139
-0.132
-0.127
-0.124
-0.12
-0.117
-0.115
-0.112
-0.108
-0.102
-0.096
-0.091
-0.082
-0.069
-0.059
-0.054
-0.05
-0.045
-0.041
-0.034
-0.026
-0.017
-0.011
-0.006
-0.002
0.002
0.007
0.012
0.016
0.02
0.024
0.029
0.034
0.04
0.052
0.066
0.072
0.075
0.078
0.08
0.08
0.078
0.076
0.073
0.071
0.07
0.068
0.066
0.063
0.06
0.057
0.055
0.053
0.051
0.048
0.044
0.04
0.038
0.038
0.042
0.046
0.049
0.05
0.051
0.053
0.054
0.056
0.058
0.06
0.061
0.063
0.065
0.066
0.068
0.068
0.069
0.068
0.068
0.068
0.067
0.067
0.066
0.065
0.064
0.063
0.061
0.06
0.059
0.057
0.055
0.052
0.047
0.044
0.044
0.046
0.049
0.053
0.059
0.068
0.076
0.088
0.102
0.116
0.126
0.131
0.135
0.136
0.13
0.114
0.091
0.058
0.017
-0.03
-0.085
-0.145
-0.203
-0.258
-0.308
-0.327
-0.334
-0.327
-0.305
-0.27
-0.242
-0.232
-0.24
-0.252
-0.261
-0.266
-0.263
-0.24
-0.211
-0.172
-0.124
-0.074
-0.03
0.005
0.032
0.047
0.063
0.08
0.094
0.105
0.112
0.122
0.138
0.149
0.155
0.159
0.163
0.166
0.169
0.172
0.177
0.19
0.203
0.212
0.218
0.221
0.223
0.224
0.225
0.226
0.227
0.228
0.228
0.229
0.228
0.228
0.227
0.225
0.223
0.221
0.218
0.215
0.211
0.201
0.192
0.18
0.165
0.15
0.134
0.119
0.103
0.086
0.071
0.058
0.044
0.032
0.023
0.014
0.007
0.002
-0.003
-0.009
-0.016
-0.024
-0.033
-0.04
-0.047
-0.051
-0.054
-0.057
-0.059
-0.061
-0.064
-0.066
-0.069
-0.072
-0.073
-0.075
-0.078
-0.08
-0.082
-0.084
-0.083
-0.082
-0.081
-0.079
-0.078
-0.076
-0.074
-0.072
-0.068
-0.065
-0.063
-0.061
-0.059
-0.057
-0.055
-0.053
-0.052
-0.051
-0.051
-0.05
-0.05
-0.049
-0.049
-0.05
-0.052
-0.054
-0.056
-0.057
-0.059
-0.061
-0.063
-0.066
-0.069
-0.07
-0.071
-0.072
-0.073
-0.075
-0.076
-0.078
-0.079
-0.079
-0.079
-0.078
-0.077
-0.075
-0.073
-0.07
-0.07
-0.075
-0.078
-0.08
-0.083
-0.085
-0.085
-0.083
-0.08
-0.076
-0.071
-0.063
-0.055
-0.049
-0.045
-0.041
-0.038
-0.036
-0.034
-0.032
-0.028
-0.026
-0.026
-0.029
-0.035
-0.044
-0.057
-0.063
-0.067
-0.07
-0.072
-0.072
-0.072
-0.071
-0.07
-0.069
-0.067
-0.066
-0.066
-0.07
-0.074
-0.077
-0.081
-0.084
-0.087
-0.088
-0.087
-0.086
-0.084
-0.082
-0.08
-0.078
-0.075
-0.072
-0.068
-0.063
-0.046
-0.015
0.035
0.109
0.209
0.328
0.452
0.559
0.613
0.61
0.537
0.38
0.186
0.002
-0.132
-0.196
-0.206
-0.192
-0.161
-0.141
-0.136
-0.133
-0.129
-0.125
-0.122
-0.117
-0.114
-0.113
-0.116
-0.12
-0.129
-0.138
-0.142
-0.143
-0.145
-0.147
-0.148
-0.149
-0.149
-0.148
-0.148
-0.147
-0.146
-0.145
-0.143
-0.14
-0.137
-0.135
-0.132
-0.13
-0.126
-0.123
-0.12
-0.117
-0.115
-0.113
-0.11
-0.106
-0.1
-0.094
-0.09
-0.083
-0.07
-0.063
-0.061
-0.058
-0.056
-0.054
-0.053
-0.052
-0.05
-0.049
-0.048
-0.047
-0.046
-0.044
-0.042
-0.039
-0.031
-0.023
-0.013
-0.001
0.01
0.021
0.026
0.029
0.031
0.032
0.033
0.034
0.034
0.034
0.032
0.029
0.026
0.023
0.019
0.016
0.01
0.004
0.0
-0.005
-0.009
-0.012
-0.014
-0.016
-0.018
-0.02
-0.021
-0.022
-0.022
-0.021
-0.02
-0.019
-0.019
-0.017
-0.016
-0.015
-0.014
-0.013
-0.012
-0.012
-0.011
-0.01
-0.01
-0.009
-0.009
-0.009
-0.009
-0.009
-0.009
-0.009
-0.009
-0.01
-0.011
-0.012
-0.012
-0.012
-0.012
-0.011
-0.011
-0.01
-0.01
-0.009
-0.007
-0.006
-0.005
-0.003
-0.002
0.0
0.005
0.017
0.031
0.05
0.064
0.07
0.075
0.075
0.066
0.039
0.008
-0.032
-0.078
-0.127
-0.173
-0.214
-0.254
-0.292
-0.323
-0.334
-0.327
-0.308
-0.273
-0.258
-0.249
-0.244
-0.253
-0.263
-0.271
-0.271
-0.263
-0.25
-0.234
-0.208
-0.174
-0.137
-0.097
-0.054
-0.013
0.023
0.055
0.073
0.087
0.095
0.102
0.109
0.117
0.127
0.137
0.146
0.156
0.168
0.177
0.183
0.19
0.196
0.202
0.214
0.233
0.248
0.257
0.265
0.272
0.277
0.282
0.286
0.286
0.283
0.279
0.275
0.272
0.269
0.265
0.259
0.251
0.243
0.232
0.224
0.218
0.208
0.193
0.179
0.164
0.15
0.137
0.123
0.109
0.094
0.079
0.069
0.065
0.061
0.058
0.054
0.05
0.046
0.04
0.032
0.025
0.018
0.012
0.007
0.003
0.0
-0.004
-0.007
-0.009
-0.011
-0.014
-0.015
-0.017
-0.017
-0.015
-0.013
-0.01
-0.007
-0.004
-0.001
0.002
0.006
0.009
0.013
0.017
0.022
0.027
0.031
0.034
0.035
0.035
0.036
0.038
0.037
0.028
0.019
0.009
0.004
0.002
0.001
0.0
0.0
-0.002
-0.003
-0.004
-0.005
-0.005
-0.006
-0.006
-0.006
-0.006
-0.006
-0.007
-0.007
-0.007
-0.008
-0.009
-0.01
-0.012
-0.014
-0.016
-0.018
-0.02
-0.023
-0.027
-0.034
-0.041
-0.046
-0.051
-0.053
-0.05
-0.044
-0.039
-0.034
-0.03
-0.027
-0.024
-0.023
-0.021
-0.02
-0.018
-0.018
-0.017
-0.016
-0.016
-0.016
-0.015
-0.016
-0.016
-0.017
-0.019
-0.02
-0.022
-0.024
-0.027
-0.03
-0.034
-0.041
-0.048
-0.053
-0.058
-0.064
-0.07
-0.076
-0.079
-0.081
-0.083
-0.084
-0.085
-0.086
-0.087
-0.088
-0.089
-0.09
-0.09
-0.091
-0.091
-0.09
-0.09
-0.09
-0.09
-0.09
-0.091
-0.093
-0.094
-0.092
-0.087
-0.074
-0.045
0.0
0.066
0.16
0.279
0.413
0.541
0.636
0.666
0.602
0.456
0.264
0.076
-0.077
-0.169
-0.187
-0.186
-0.174
-0.166
-0.158
-0.149
-0.141
-0.14
-0.138
-0.137
-0.146
-0.155
-0.162
-0.166
-0.166
-0.162
-0.156
-0.151
-0.146
-0.143
-0.142
-0.144
-0.148
-0.152
-0.155
-0.157
-0.16
-0.162
-0.163
-0.165
-0.165
-0.165
-0.165
-0.163
-0.161
-0.158
-0.154
-0.149
-0.139
-0.13
-0.121
-0.114
-0.108
-0.102
-0.099
-0.097
-0.095
-0.093
-0.091
-0.089
-0.087
-0.085
-0.082
-0.079
-0.076
-0.071
-0.062
-0.055
-0.049
-0.039
-0.025
-0.016
-0.011
-0.007
-0.003
-0.001
0.0
0.003
0.008
0.008
0.0
-0.005
-0.01
-0.014
-0.018
-0.02
-0.022
-0.024
-0.025
-0.027
-0.029
-0.033
-0.037
-0.041
-0.044
-0.047
-0.051
-0.055
-0.058
-0.06
-0.059
-0.058
-0.055
-0.052
-0.05
-0.048
-0.046
-0.044
-0.041
-0.039
-0.036
-0.034
-0.031
-0.028
-0.024
-0.021
-0.019
-0.016
-0.014
-0.01
-0.006
-0.002
-0.001
-0.003
-0.007
-0.013
-0.019
-0.023
-0.029
-0.035
-0.04
-0.041
-0.039
-0.035
-0.029
-0.018
0.0
0.017
0.03
0.036
0.041
0.042
0.034
0.012
-0.014
-0.046
-0.081
-0.116
-0.152
-0.188
-0.222
-0.257
-0.29
-0.309
-0.316
-0.315
-0.306
-0.297
-0.287
-0.287
-0.291
-0.297
-0.302
-0.293
-0.278
-0.261
-0.244
-0.226
-0.196
-0.156
-0.105
-0.051
-0.004
0.034
0.065
0.092
0.109
0.122
0.129
0.134
0.138
0.142
0.145
0.147
0.15
0.154
0.159
0.164
0.172
0.183
0.195
0.205
0.214
0.223
0.231
0.237
0.243
0.248
0.251
0.253
0.254
0.255
0.257
0.258
0.26
0.261
0.259
0.255
0.248
0.237
0.22
0.205
0.188
0.17
0.153
0.138
0.122
0.11
0.1
0.09
0.082
0.076
0.07
0.064
0.058
0.048
0.031
0.013
-0.004
-0.017
-0.025
-0.032
-0.039
-0.041
-0.042
-0.043
-0.044
-0.045
-0.045
-0.046
-0.047
-0.048
-0.049
-0.05
-0.05
-0.051
-0.051
-0.05
-0.05
-0.049
-0.049
-0.048
-0.048
-0.048
-0.047
-0.047
-0.048
-0.048
-0.048
-0.048
-0.048
-0.047
-0.046
-0.045
-0.044
-0.044
-0.043
-0.042
-0.042
-0.041
-0.041
-0.04
-0.04
-0.04
-0.039
-0.037
-0.036
-0.035
-0.035
-0.034
-0.035
-0.035
-0.036
-0.038
-0.04
-0.042
-0.044
-0.045
-0.047
-0.048
-0.05
-0.052
-0.054
-0.055
-0.055
-0.054
-0.053
-0.051
-0.05
-0.048
-0.045
-0.042
-0.037
-0.033
-0.029
-0.025
-0.021
-0.018
-0.014
-0.01
-0.005
-0.002
0.0
0.001
0.003
0.005
0.006
0.007
0.008
0.009
0.01
0.011
0.011
0.012
0.011
0.01
0.01
0.009
0.008
0.006
0.005
0.003
0.001
0.0
-0.002
-0.004
-0.008
-0.016
-0.022
-0.027
-0.031
-0.034
-0.036
-0.038
-0.037
-0.035
-0.03
-0.025
-0.017
-0.006
0.001
0.005
0.009
0.012
0.013
0.012
0.009
0.005
-0.002
-0.014
-0.02
-0.024
-0.027
-0.028
-0.028
-0.026
-0.022
-0.017
-0.01
0.0
0.007
0.014
0.021
0.029
0.035
0.038
0.041
0.043
0.046
0.047
0.047
0.048
0.05
0.054
0.053
0.047
0.042
0.039
0.035
0.034
0.034
0.037
0.04
0.043
0.045
0.047
0.05
0.052
0.052
0.052
0.049
0.046
0.042
0.036
0.027
0.025
0.023
0.021
0.019
0.018
0.018
0.019
0.02
0.022
0.024
0.027
0.028
0.028
0.027
0.026
0.025
0.024
0.026
0.031
0.036
0.041
0.045
0.047
0.048
0.049
0.05
0.05
0.051
0.052
0.052
0.052
0.052
0.053
0.053
0.054
0.054
0.054
0.054
0.054
0.053
0.052
0.051
0.05
0.048
0.047
0.045
0.044
0.043
0.042
0.041
0.041
0.04
0.038
0.036
0.034
0.032
0.029
0.027
0.025
0.023
0.021
0.019
0.017
0.015
0.008
-0.004
-0.009
-0.012
-0.015
-0.016
-0.016
-0.014
-0.011
-0.007
-0.004
0.001
0.005
0.002
-0.003
-0.008
-0.014
-0.019
-0.023
-0.026
-0.028
-0.029
-0.031
-0.032
-0.032
-0.031
-0.03
-0.028
-0.028
-0.027
-0.027
-0.026
-0.026
-0.025
-0.024
-0.024
-0.024
-0.024
-0.023
-0.023
-0.023
-0.023
-0.024
-0.024
-0.024
-0.024
-0.024
-0.024
-0.024
-0.024
-0.025
-0.025
-0.025
-0.026
-0.027
-0.028
-0.03
-0.031
-0.032
-0.033
-0.036
-0.042
-0.047
-0.05
-0.051
-0.053
-0.055
-0.056
-0.058
-0.058
-0.058
-0.056
-0.053
-0.051
-0.047
-0.041
-0.036
-0.03
-0.021
-0.008
0.0
0.003
0.006
0.008
0.009
0.008
0.007
0.004
0.0
-0.003
-0.007
-0.013
-0.018
-0.023
-0.026
-0.029
-0.032
-0.034
-0.036
-0.039
-0.041
-0.044
-0.046
-0.049
-0.052
-0.056
-0.06
-0.061
-0.058
-0.054
-0.043
-0.018
0.021
0.079
0.16
0.262
0.379
0.497
0.596
0.637
0.629
0.547
0.391
0.209
0.039
-0.08
-0.114
-0.125
-0.122
-0.117
-0.12
-0.148
-0.168
-0.176
-0.175
-0.164
-0.155
-0.148
-0.142
-0.138
-0.135
-0.133
-0.131
-0.129
-0.127
-0.125
-0.123
-0.122
-0.121
-0.12
-0.119
-0.117
-0.116
-0.114
-0.113
-0.113
-0.114
-0.115
-0.115
-0.116
-0.117
-0.118
-0.119
-0.12
-0.12
-0.12
-0.12
-0.119
-0.118
-0.116
-0.114
-0.111
-0.108
-0.103
-0.094
-0.088
-0.083
-0.078
-0.079
-0.088
-0.095
-0.101
-0.105
-0.104
-0.101
-0.096
-0.088
-0.075
-0.06
-0.044
-0.036
-0.032
-0.029
-0.027
-0.025
-0.024
-0.022
-0.02
-0.018
-0.016
-0.014
-0.012
-0.011
-0.009
-0.006
-0.004
-0.002
0.0
0.001
0.003
0.004
0.006
0.008
0.009
0.01
0.01
0.01
0.01
0.01
0.009
0.009
0.008
0.006
0.005
0.005
0.004
0.004
0.003
0.002
0.001
0.0
-0.001
-0.002
-0.004
-0.007
-0.009
-0.012
-0.015
-0.017
-0.019
-0.022
-0.024
-0.027
-0.03
-0.032
-0.034
-0.036
-0.036
-0.035
-0.034
-0.031
-0.028
-0.024
-0.02
-0.016
-0.01
-0.004
0.0
0.0
0.001
0.002
0.003
0.005
-0.002
-0.008
-0.012
-0.015
-0.018
-0.018
-0.017
-0.013
-0.009
-0.004
0.001
0.01
0.019
0.027
0.037
0.049
0.055
0.061
0.066
0.057
0.03
-0.01
-0.066
-0.129
-0.192
-0.254
-0.307
-0.356
-0.401
-0.442
-0.462
-0.469
-0.459
-0.427
-0.39
-0.355
-0.332
-0.325
-0.335
-0.353
-0.368
-0.377
-0.381
-0.37
-0.337
-0.284
-0.22
-0.159
-0.106
-0.061
-0.025
0.003
0.021
0.034
0.043
0.05
0.058
0.065
0.072
0.078
0.083
0.091
0.105
0.121
0.132
0.142
0.148
0.152
0.155
0.158
0.161
0.164
0.167
0.17
0.173
0.177
0.182
0.191
0.196
0.196
0.197
0.197
0.197
0.198
0.194
0.185
0.179
0.172
0.166
0.159
0.152
0.143
0.13
0.119
0.108
0.098
0.088
0.079
0.069
0.057
0.048
0.041
0.035
0.029
0.023
0.015
0.007
0.0
-0.005
-0.011
-0.015
-0.019
-0.023
-0.027
-0.031
-0.036
-0.043
-0.047
-0.05
-0.052
-0.054
-0.056
-0.055
-0.051
-0.044
-0.036
-0.027
-0.02
-0.015
-0.011
-0.007
-0.004
-0.001
0.002
0.005
0.007
0.008
0.009
0.011
0.012
0.013
0.014
0.015
0.015
0.015
0.016
0.017
0.018
0.019
0.021
0.025
0.017
0.01
0.005
0.002
0.005
0.011
0.02
0.035
0.053
0.069
0.093
0.12
0.128
0.132
0.13
0.109
0.086
0.059
0.027
-0.007
-0.041
-0.079
-0.12
-0.167
-0.229
-0.303
-0.374
-0.425
-0.439
-0.436
-0.409
-0.37
-0.345
-0.339
-0.334
-0.329
-0.325
-0.32
-0.309
-0.293
-0.269
-0.238
-0.198
-0.147
-0.091
-0.036
0.009
0.046
0.077
0.091
0.097
0.101
0.104
0.104
0.103
0.098
0.093
0.086
0.078
0.072
0.069
0.065
0.061
0.062
0.07
0.075
0.079
0.083
0.086
0.09
0.093
0.096
0.102
0.109
0.115
0.12
0.127
0.136
0.141
0.144
0.147
0.149
0.151
0.152
0.153
0.153
0.153
0.152
0.152
0.151
0.149
0.146
0.144
0.14
0.132
0.125
0.116
0.103
0.091
0.082
0.071
0.062
0.055
0.048
0.042
0.036
0.028
0.02
0.008
-0.006
-0.017
-0.025
-0.031
-0.036
-0.039
-0.042
-0.044
-0.046
-0.048
-0.051
-0.054
-0.057
-0.06
-0.062
-0.064
-0.067
-0.069
-0.07
-0.071
-0.071
-0.072
-0.072
-0.072
-0.072
-0.072
-0.07
-0.068
-0.066
-0.065
-0.063
-0.061
-0.059
-0.056
-0.054
-0.052
-0.05
-0.05
-0.049
-0.047
-0.046
-0.045
-0.044
-0.044
-0.043
-0.041
-0.039
-0.036
-0.032
-0.029
-0.026
-0.023
-0.018
-0.012
-0.009
-0.007
-0.006
-0.005
-0.004
-0.003
-0.002
-0.001
0.0
0.0
0.0
0.0
0.0
-0.001
-0.002
-0.004
-0.005
-0.008
-0.01
-0.014
-0.022
-0.028
-0.032
-0.034
-0.036
-0.039
-0.041
-0.044
-0.048
-0.051
-0.055
-0.057
-0.06
-0.063
-0.066
-0.068
-0.069
-0.069
-0.068
-0.068
-0.066
-0.063
-0.059
-0.042
-0.01
0.046
0.127
0.233
0.361
0.502
0.638
0.741
0.778
0.724
0.577
0.364
0.143
-0.023
-0.102
-0.112
-0.087
-0.048
-0.036
-0.045
-0.061
-0.071
-0.073
-0.074
-0.075
-0.077
-0.08
-0.084
-0.091
-0.106
-0.117
-0.125
-0.131
-0.137
-0.143
-0.148
-0.155
-0.161
-0.17
-0.179
-0.185
-0.189
-0.192
-0.195
-0.195
-0.194
-0.19
-0.184
-0.173
-0.16
-0.15
-0.138
-0.127
-0.119
-0.112
-0.108
-0.105
-0.103
-0.1
-0.097
-0.094
-0.09
-0.081
-0.068
-0.058
-0.05
-0.038
-0.031
-0.026
-0.022
-0.019
-0.017
-0.016
-0.016
-0.015
-0.015
-0.015
-0.014
-0.014
-0.014
-0.013
-0.013
-0.014
-0.014
-0.015
-0.017
-0.019
-0.022
-0.026
-0.032
-0.04
-0.048
-0.055
-0.063
-0.071
-0.077
-0.082
-0.086
-0.089
-0.091
-0.092
-0.093
-0.096
-0.097
-0.097
-0.097
-0.096
-0.096
-0.095
-0.095
-0.095
-0.094
-0.093
-0.091
-0.089
-0.087
-0.084
-0.078
-0.069
-0.064
-0.061
-0.059
-0.059
-0.062
-0.067
-0.071
-0.074
-0.077
-0.08
-0.083
-0.085
-0.086
-0.086
-0.084
-0.081
-0.078
-0.073
-0.063
-0.045
-0.028
-0.012
0.01
0.034
0.043
0.047
0.05
0.043
0.02
-0.004
-0.036
-0.074
-0.122
-0.173
-0.223
-0.269
-0.309
-0.33
-0.338
-0.337
-0.328
-0.318
-0.308
-0.313
-0.328
-0.352
-0.369
-0.375
-0.368
-0.346
-0.318
-0.289
-0.26
-0.229
-0.191
-0.147
-0.1
-0.056
-0.021
0.003
0.015
0.019
0.022
0.023
0.025
0.027
0.029
0.032
0.036
0.041
0.051
0.059
0.069
0.082
0.092
0.1
0.109
0.115
0.119
0.123
0.126
0.129
0.132
0.135
0.14
0.146
0.149
0.151
0.152
0.154
0.155
0.155
0.156
0.156
0.155
0.154
0.152
0.149
0.145
0.138
0.124
0.114
0.108
0.102
0.097
0.089
0.075
0.058
0.043
0.032
0.024
0.015
0.002
-0.006
-0.009
-0.011
-0.012
-0.013
-0.013
-0.012
-0.012
-0.011
-0.011
-0.011
-0.011
-0.01
-0.009
-0.008
-0.007
-0.006
-0.004
-0.001
0.002
0.006
0.016
0.03
0.037
0.041
0.044
0.049
0.054
0.057
0.059
0.061
0.063
0.065
0.066
0.068
0.069
0.07
0.07
0.07
0.069
0.068
0.067
0.065
0.063
0.06
0.057
0.055
0.052
0.047
0.039
0.032
0.027
0.022
0.017
0.013
0.01
0.007
0.004
0.002
0.001
0.002
0.005
0.009
0.013
0.015
0.018
0.02
0.023
0.024
0.025
0.025
0.025
0.023
0.022
0.02
0.018
0.015
0.012
0.009
0.008
0.008
0.01
0.013
0.016
0.02
0.024
0.029
0.035
0.041
0.046
0.049
0.053
0.055
0.057
0.057
0.055
0.053
0.05
0.046
0.039
0.029
0.026
0.024
0.023
0.021
0.021
0.02
0.019
0.019
0.018
0.018
0.017
0.016
0.015
0.015
0.015
0.014
0.013
0.012
0.011
0.01
0.009
0.01
0.012
0.014
0.016
0.027
0.067
0.134
0.23
0.347
0.474
0.589
0.654
0.658
0.611
0.482
0.311
0.136
-0.008
-0.099
-0.124
-0.123
-0.112
-0.106
-0.102
-0.103
-0.107
-0.112
-0.117
-0.123
-0.127
-0.122
-0.112
-0.096
-0.08
-0.073
-0.068
-0.066
-0.066
-0.07
-0.077
-0.088
-0.101
-0.105
-0.107
-0.108
-0.11
-0.112
-0.113
-0.113
-0.114
-0.114
-0.114
-0.114
-0.114
-0.113
-0.111
-0.109
-0.108
-0.106
-0.104
-0.101
-0.097
-0.092
-0.088
-0.082
-0.077
-0.072
-0.066
-0.06
-0.054
-0.049
-0.046
-0.044
-0.042
-0.04
-0.038
-0.036
-0.034
-0.033
-0.031
-0.029
-0.027
-0.026
-0.024
-0.022
-0.019
-0.016
-0.013
-0.01
-0.006
-0.003
0.001
0.006
0.011
0.015
0.017
0.02
0.023
0.025
0.021
0.013
0.007
0.001
-0.004
-0.01
-0.015
-0.018
-0.021
-0.023
-0.025
-0.027
-0.028
-0.029
-0.029
-0.031
-0.032
-0.033
-0.033
-0.034
-0.035
-0.035
-0.036
-0.037
-0.038
-0.038
-0.039
-0.042
-0.046
-0.049
-0.052
-0.055
-0.059
-0.064
-0.064
-0.056
-0.05
-0.045
-0.041
-0.037
-0.035
-0.034
-0.032
-0.029
-0.027
-0.026
-0.029
-0.033
-0.038
-0.045
-0.055
-0.063
-0.07
-0.074
-0.071
-0.063
-0.05
-0.03
-0.01
0.01
0.031
0.044
0.049
0.053
0.053
0.042
0.013
-0.018
-0.055
-0.098
-0.148
-0.202
-0.255
-0.299
-0.335
-0.364
-0.375
-0.381
-0.385
-0.389
-0.391
-0.392
-0.392
-0.39
-0.386
-0.375
-0.35
-0.322
-0.307
-0.283
-0.255
-0.215
-0.169
-0.117
-0.066
-0.02
0.017
0.049
0.076
0.091
0.099
0.102
0.104
0.106
0.107
0.109
0.111
0.114
0.116
0.118
0.121
0.124
0.128
0.132
0.137
0.142
0.147
0.152
0.158
0.167
0.179
0.187
0.191
0.193
0.195
0.197
0.198
0.199
0.199
0.199
0.198
0.196
0.194
0.191
0.187
0.178
0.161
0.145
0.126
0.11
0.097
0.087
0.076
0.066
0.058
0.047
0.033
0.022
0.013
0.004
-0.008
-0.025
-0.036
-0.041
-0.045
-0.048
-0.051
-0.054
-0.055
-0.057
-0.06
-0.063
-0.069
-0.074
-0.08
-0.084
-0.087
-0.09
-0.092
-0.092
-0.09
-0.085
-0.08
-0.072
-0.061
-0.052
-0.046
-0.042
-0.039
-0.037
-0.035
-0.033
-0.031
-0.028
-0.026
-0.023
-0.022
-0.02
-0.018
-0.017
-0.015
-0.014
-0.013
-0.012
-0.011
-0.011
-0.011
-0.011
-0.012
-0.013
-0.014
-0.015
-0.016
-0.018
-0.019
-0.02
-0.022
-0.023
-0.025
-0.026
-0.028
-0.029
-0.03
-0.032
-0.032
-0.033
-0.033
-0.033
-0.032
-0.03
-0.029
-0.027
-0.025
-0.023
-0.021
-0.019
-0.017
-0.015
-0.013
-0.011
-0.01
-0.008
-0.006
-0.004
-0.003
-0.001
0.0
0.001
0.002
0.003
0.004
0.004
0.004
0.005
0.005
0.005
0.005
0.005
0.005
0.004
0.003
0.002
0.0
0.0
-0.002
-0.005
-0.007
-0.009
-0.012
-0.019
-0.039
-0.052
-0.06
-0.065
-0.067
-0.067
-0.064
-0.059
-0.041
-0.002
0.053
0.122
0.208
0.316
0.444
0.574
0.675
0.721
0.687
0.565
0.383
0.186
0.018
-0.086
-0.115
-0.114
-0.096
-0.079
-0.06
-0.045
-0.035
-0.028
-0.017
