ECG
-0.017
-0.024
-0.049
-0.066
-0.087
-0.114
-0.136
-0.153
-0.171
-0.184
-0.194
-0.203
-0.21
-0.218
-0.225
-0.228
-0.231
-0.234
-0.236
-0.238
-0.24
-0.241
-0.242
-0.243
-0.244
-0.245
-0.245
-0.245
-0.245
-0.245
-0.244
-0.243
-0.241
-0.239
-0.237
-0.235
-0.233
-0.231
-0.228
-0.225
-0.222
-0.219
-0.215
-0.208
-0.189
-0.175
-0.161
-0.146
-0.128
-0.114
-0.103
-0.094
-0.086
-0.079
-0.072
-0.066
-0.06
-0.053
-0.045
-0.035
-0.024
-0.011
0.001
0.013
0.028
0.045
0.063
0.077
0.089
0.101
0.113
0.132
0.164
0.203
0.241
0.28
0.318
0.356
0.395
0.435
0.474
0.496
0.508
0.517
0.526
0.532
0.54
0.549
0.561
0.574
0.587
0.609
0.637
0.682
0.725
0.773
0.805
0.842
0.874
0.892
0.905
0.911
0.905
0.891
0.876
0.858
0.841
0.824
0.808
0.792
0.777
0.761
0.744
0.727
0.71
0.694
0.678
0.662
0.646
0.633
0.622
0.611
0.6
0.592
0.585
0.579
0.573
0.568
0.563
0.559
0.554
0.549
0.545
0.542
0.542
0.547
0.557
0.57
0.595
0.636
0.667
0.687
0.689
0.681
0.659
0.613
0.555
0.49
0.421
0.354
0.296
0.256
0.243
0.236
0.234
0.237
0.243
0.249
0.253
0.257
0.26
0.263
0.266
0.268
0.269
0.267
0.263
0.257
0.25
0.243
0.235
0.225
0.215
0.207
0.2
0.194
0.19
0.187
0.184
0.182
0.181
0.18
0.18
0.179
0.178
0.178
0.177
0.176
0.175
0.174
0.174
0.174
0.174
0.174
0.173
0.173
0.174
0.175
0.176
0.176
0.177
0.176
0.176
0.175
0.174
0.173
0.172
0.171
0.17
0.169
0.167
0.166
0.163
0.158
0.142
0.127
0.108
0.084
0.06
0.035
0.01
-0.017
-0.041
-0.059
-0.079
-0.098
-0.117
-0.133
-0.153
-0.18
-0.202
-0.219
-0.239
-0.259
-0.279
-0.298
-0.313
-0.326
-0.338
-0.351
-0.36
-0.366
-0.372
-0.377
-0.383
-0.388
-0.394
-0.398
-0.401
-0.404
-0.406
-0.409
-0.412
-0.414
-0.416
-0.418
-0.42
-0.422
-0.423
-0.425
-0.426
-0.427
-0.428
-0.428
-0.428
-0.428
-0.428
-0.428
-0.428
-0.428
-0.429
-0.429
-0.429
-0.43
-0.43
-0.43
-0.43
-0.43
-0.429
-0.428
-0.426
-0.424
-0.422
-0.419
-0.416
-0.414
-0.411
-0.409
-0.406
-0.404
-0.401
-0.398
-0.395
-0.392
-0.388
-0.384
-0.381
-0.377
-0.375
-0.372
-0.369
-0.366
-0.363
-0.359
-0.354
-0.347
-0.339
-0.331
-0.323
-0.315
-0.308
-0.301
-0.295
-0.288
-0.282
-0.276
-0.269
-0.261
-0.252
-0.242
-0.234
-0.225
-0.215
-0.203
-0.191
-0.179
-0.169
-0.16
-0.154
-0.15
-0.147
-0.145
-0.144
-0.143
-0.143
-0.143
-0.143
-0.143
-0.143
-0.143
-0.143
-0.143
-0.144
-0.146
-0.147
-0.148
-0.148
-0.149
-0.149
-0.148
-0.147
-0.146
-0.144
-0.142
-0.141
-0.14
-0.138
-0.136
-0.133
-0.131
-0.128
-0.125
-0.12
-0.111
-0.099
-0.087
-0.075
-0.054
-0.025
0.02
0.071
0.131
0.192
0.241
0.257
0.258
0.243
0.203
0.145
0.08
0.015
-0.046
-0.106
-0.127
-0.138
-0.145
-0.125
-0.099
-0.077
-0.061
-0.048
-0.037
-0.026
-0.015
-0.005
0.003
0.011
0.022
0.033
0.041
0.046
0.051
0.055
0.059
0.063
0.067
0.07
0.073
0.076
0.08
0.084
0.088
0.093
0.099
0.104
0.11
0.116
0.123
0.129
0.135
0.141
0.148
0.154
0.162
0.171
0.184
0.195
0.206
0.219
0.235
0.257
0.286
0.32
0.353
0.385
0.415
0.445
0.459
0.466
0.471
0.475
0.478
0.479
0.479
0.478
0.475
0.47
0.466
0.459
0.451
0.438
0.424
0.41
0.395
0.377
0.36
0.343
0.326
0.31
0.289
0.264
0.239
0.215
0.191
0.165
0.143
0.127
0.11
0.095
0.083
0.07
0.056
0.046
0.04
0.034
0.029
0.024
0.019
0.015
0.011
0.007
0.005
0.004
0.002
0.0
-0.001
-0.002
-0.004
-0.004
-0.005
-0.005
-0.006
-0.007
-0.008
-0.009
-0.009
-0.009
-0.009
-0.009
-0.009
-0.01
-0.01
-0.009
-0.009
-0.009
-0.01
-0.01
-0.011
-0.012
-0.014
-0.015
-0.017
-0.019
-0.02
-0.021
-0.022
-0.024
-0.025
-0.027
-0.028
-0.029
-0.03
-0.031
-0.032
-0.034
-0.035
-0.035
-0.035
-0.034
-0.034
-0.033
-0.032
-0.031
-0.03
-0.029
-0.028
-0.027
-0.027
-0.027
-0.027
-0.027
-0.027
-0.027
-0.027
-0.026
-0.024
-0.023
-0.021
-0.02
-0.018
-0.017
-0.016
-0.015
-0.015
-0.014
-0.014
-0.014
-0.013
-0.012
-0.011
-0.01
-0.008
-0.006
-0.004
-0.003
-0.002
-0.003
-0.004
-0.005
-0.008
-0.011
-0.014
-0.017
-0.019
-0.022
-0.024
-0.025
-0.026
-0.027
-0.028
-0.03
-0.033
-0.036
-0.04
-0.043
-0.047
-0.049
-0.052
-0.057
-0.063
-0.071
-0.09
-0.124
-0.154
-0.184
-0.214
-0.249
-0.269
-0.279
-0.288
-0.294
-0.297
-0.298
-0.297
-0.295
-0.291
-0.286
-0.278
-0.249
-0.204
-0.144
-0.071
0.012
0.093
0.145
0.148
0.108
-0.005
-0.156
-0.307
-0.418
-0.447
-0.456
-0.439
-0.385
-0.341
-0.324
-0.309
-0.301
-0.297
-0.294
-0.291
-0.288
-0.285
-0.283
-0.28
-0.278
-0.275
-0.272
-0.269
-0.264
-0.258
-0.248
-0.236
-0.222
-0.21
-0.2
-0.192
-0.187
-0.183
-0.18
-0.177
-0.175
-0.173
-0.17
-0.166
-0.161
-0.154
-0.146
-0.134
-0.114
-0.097
-0.08
-0.063
-0.045
-0.032
-0.024
-0.016
-0.007
0.001
0.01
0.022
0.036
0.05
0.063
0.079
0.097
0.114
0.128
0.14
0.152
0.164
0.17
0.175
0.179
0.182
0.185
0.187
0.188
0.189
0.189
0.189
0.187
0.184
0.18
0.176
0.17
0.162
0.147
0.115
0.084
0.048
0.007
-0.028
-0.061
-0.094
-0.116
-0.131
-0.141
-0.149
-0.153
-0.155
-0.157
-0.159
-0.161
-0.163
-0.165
-0.167
-0.169
-0.17
-0.171
-0.171
-0.171
-0.171
-0.171
-0.171
-0.17
-0.169
-0.167
-0.166
-0.165
-0.163
-0.162
-0.16
-0.159
-0.157
-0.156
-0.156
-0.155
-0.155
-0.154
-0.155
-0.154
-0.154
-0.153
-0.152
-0.151
-0.15
-0.148
-0.147
-0.146
-0.145
-0.144
-0.143
-0.142
-0.14
-0.139
-0.137
-0.135
-0.132
-0.128
-0.125
-0.122
-0.12
-0.118
-0.116
-0.115
-0.114
-0.113
-0.113
-0.112
-0.111
-0.11
-0.109
-0.108
-0.106
-0.105
-0.103
-0.102
-0.102
-0.101
-0.1
-0.1
-0.099
-0.099
-0.098
-0.097
-0.096
-0.094
-0.092
-0.089
-0.085
-0.082
-0.079
-0.075
-0.071
-0.067
-0.063
-0.058
-0.054
-0.05
-0.045
-0.04
-0.035
-0.028
-0.022
-0.016
-0.011
-0.008
-0.006
-0.004
-0.004
-0.003
-0.003
-0.003
-0.004
-0.005
-0.005
-0.005
-0.005
-0.005
-0.005
-0.005
-0.005
-0.006
-0.007
-0.009
-0.011
-0.014
-0.018
-0.021
-0.024
-0.026
-0.028
-0.031
-0.033
-0.036
-0.038
-0.039
-0.038
-0.036
-0.033
-0.029
-0.025
-0.02
-0.015
-0.009
0.0
0.007
0.016
0.027
0.049
0.081
0.134
0.201
0.28
0.363
0.439
0.477
0.475
0.419
0.3
0.151
0.005
-0.082
-0.111
-0.094
-0.065
-0.038
-0.028
-0.025
-0.022
-0.02
-0.018
-0.017
-0.016
-0.014
-0.011
-0.008
-0.005
-0.003
-0.002
0.0
0.001
0.004
0.008
0.012
0.017
0.024
0.032
0.04
0.048
0.055
0.062
0.068
0.074
0.079
0.084
0.089
0.094
0.099
0.105
0.11
0.117
0.125
0.134
0.142
0.149
0.156
0.163
0.169
0.174
0.18
0.185
0.19
0.195
0.2
0.208
0.218
0.229
0.243
0.257
0.271
0.279
0.285
0.288
0.292
0.295
0.297
0.298
0.296
0.291
0.285
0.277
0.268
0.254
0.24
0.225
0.207
0.186
0.169
0.146
0.121
0.101
0.079
0.06
0.047
0.032
0.017
0.003
-0.008
-0.02
-0.032
-0.048
-0.061
-0.072
-0.084
-0.095
-0.103
-0.108
-0.114
-0.118
-0.122
-0.124
-0.126
-0.127
-0.128
-0.128
-0.128
-0.128
-0.128
-0.128
-0.128
-0.129
-0.129
-0.13
-0.13
-0.13
-0.13
-0.13
-0.129
-0.128
-0.127
-0.125
-0.124
-0.123
-0.122
-0.121
-0.12
-0.12
-0.119
-0.12
-0.12
-0.12
-0.12
-0.12
-0.121
-0.121
-0.122
-0.123
-0.123
-0.123
-0.123
-0.124
-0.125
-0.126
-0.126
-0.127
-0.127
-0.128
-0.131
-0.133
-0.133
-0.129
-0.122
-0.116
-0.113
-0.111
-0.109
-0.106
-0.104
-0.101
-0.098
-0.096
-0.095
-0.093
-0.091
-0.089
-0.087
-0.086
-0.084
-0.083
-0.081
-0.078
-0.073
-0.064
-0.055
-0.048
-0.041
-0.035
-0.03
-0.025
-0.021
-0.017
-0.012
-0.008
-0.002
0.002
0.006
0.009
0.011
0.012
0.014
0.015
0.016
0.018
0.019
0.02
0.021
0.022
0.023
0.025
0.026
0.027
0.028
0.029
0.03
0.032
0.034
0.037
0.04
0.043
0.047
0.051
0.057
0.064
0.071
0.077
0.082
0.085
0.088
0.092
0.095
0.1
0.105
0.112
0.119
0.128
0.145
0.171
0.217
0.278
0.358
0.447
0.528
0.572
0.571
0.52
0.407
0.266
0.129
0.04
0.01
0.02
0.048
0.1
0.13
0.154
0.172
0.191
0.204
0.212
0.219
0.223
0.226
0.229
0.23
0.232
0.234
0.236
0.237
0.239
0.241
0.245
0.25
0.256
0.261
0.265
0.27
0.274
0.278
0.282
0.286
0.291
0.295
0.299
0.302
0.305
0.308
0.312
0.315
0.318
0.321
0.324
0.328
0.331
0.335
0.339
0.343
0.348
0.352
0.358
0.364
0.37
0.377
0.383
0.389
0.393
0.397
0.402
0.406
0.409
0.411
0.412
0.413
0.413
0.412
0.411
0.409
0.405
0.401
0.396
0.39
0.381
0.361
0.346
0.326
0.3
0.28
0.265
0.251
0.234
0.211
0.188
0.165
0.141
0.119
0.098
0.077
0.054
0.028
-0.001
-0.031
-0.062
-0.09
-0.115
-0.141
-0.164
-0.179
-0.182
-0.184
-0.184
-0.185
-0.185
-0.185
-0.185
-0.185
-0.185
-0.185
-0.184
-0.184
-0.183
-0.181
-0.18
-0.178
-0.176
-0.175
-0.179
-0.188
-0.198
-0.205
-0.211
-0.216
-0.221
-0.227
-0.231
-0.236
-0.24
-0.243
-0.247
-0.25
-0.254
-0.261
-0.274
-0.286
-0.292
-0.297
-0.302
-0.306
-0.308
-0.308
-0.306
-0.302
-0.296
-0.289
-0.278
-0.26
-0.243
-0.23
-0.221
-0.212
-0.202
-0.193
-0.184
-0.176
-0.168
-0.161
-0.156
-0.15
-0.141
-0.128
-0.114
-0.103
-0.096
-0.09
-0.084
-0.078
-0.073
-0.066
-0.057
-0.048
-0.037
-0.028
-0.021
-0.014
-0.007
0.0
0.007
0.019
0.034
0.044
0.048
0.051
0.053
0.055
0.055
0.053
0.049
0.045
0.04
0.037
0.033
0.029
0.025
0.022
0.02
0.019
0.02
0.021
0.024
0.028
0.032
0.035
0.037
0.039
0.04
0.041
0.042
0.044
0.046
0.049
0.051
0.053
0.055
0.058
0.062
0.068
0.078
0.097
0.113
0.156
0.209
0.272
0.342
0.408
0.453
0.454
0.417
0.321
0.192
0.053
-0.051
-0.087
-0.098
-0.08
-0.027
0.022
0.063
0.083
0.093
0.1
0.104
0.105
0.102
0.095
0.086
0.08
0.073
0.067
0.062
0.059
0.06
0.065
0.071
0.078
0.084
0.093
0.101
0.11
0.119
0.127
0.132
0.136
0.139
0.142
0.145
0.147
0.15
0.153
0.155
0.158
0.16
0.163
0.167
0.171
0.176
0.185
0.194
0.204
0.215
0.224
0.233
0.241
0.248
0.256
0.263
0.269
0.274
0.279
0.283
0.287
0.29
0.292
0.293
0.293
0.293
0.291
0.289
0.286
0.281
0.276
0.268
0.253
0.237
0.222
0.206
0.189
0.171
0.153
0.133
0.113
0.094
0.073
0.056
0.041
0.025
0.007
-0.01
-0.029
-0.044
-0.057
-0.069
-0.082
-0.093
-0.104
-0.109
-0.112
-0.114
-0.117
-0.119
-0.121
-0.123
-0.124
-0.125
-0.125
-0.125
-0.124
-0.123
-0.121
-0.119
-0.117
-0.114
-0.112
-0.109
-0.106
-0.102
-0.097
-0.091
-0.081
-0.058
-0.035
-0.016
0.0
0.014
0.029
0.038
0.044
0.05
0.055
0.059
0.062
0.063
0.063
0.062
0.059
0.054
0.048
0.042
0.036
0.03
0.022
0.014
0.005
-0.003
-0.013
-0.022
-0.028
-0.034
-0.039
-0.043
-0.047
-0.049
-0.051
-0.051
-0.05
-0.049
-0.047
-0.045
-0.043
-0.041
-0.039
-0.037
-0.035
-0.033
-0.031
-0.029
-0.027
-0.025
-0.024
-0.023
-0.023
-0.024
-0.025
-0.027
-0.028
-0.03
-0.032
-0.034
-0.035
-0.037
-0.038
-0.039
-0.04
-0.042
-0.043
-0.045
-0.048
-0.049
-0.051
-0.052
-0.053
-0.055
-0.055
-0.056
-0.057
-0.058
-0.059
-0.061
-0.063
-0.065
-0.069
-0.073
-0.076
-0.079
-0.081
-0.082
-0.081
-0.079
-0.076
-0.069
-0.061
-0.051
-0.032
0.001
0.052
0.111
0.173
0.242
0.265
0.277
0.268
0.192
0.079
-0.044
-0.158
-0.21
-0.229
-0.227
-0.202
-0.163
-0.118
-0.095
-0.081
-0.072
-0.064
-0.056
-0.05
-0.046
-0.043
-0.04
-0.037
-0.033
-0.03
-0.025
-0.02
-0.015
-0.01
-0.006
-0.002
0.0
0.0
0.001
0.003
0.005
0.008
0.011
0.014
0.016
0.019
0.021
0.023
0.024
0.025
0.026
0.026
0.027
0.029
0.031
0.034
0.038
0.042
0.049
0.06
0.073
0.085
0.097
0.108
0.12
0.13
0.141
0.151
0.157
0.162
0.167
0.172
0.176
0.18
0.182
0.183
0.183
0.181
0.178
0.173
0.168
0.162
0.155
0.147
0.135
0.114
0.096
0.083
0.067
0.048
0.023
0.002
-0.015
-0.028
-0.038
-0.055
-0.082
-0.103
-0.115
-0.125
-0.134
-0.143
-0.153
-0.164
-0.173
-0.18
-0.184
-0.188
-0.191
-0.193
-0.194
-0.193
-0.188
-0.18
-0.171
-0.163
-0.157
-0.152
-0.148
-0.144
-0.14
-0.137
-0.134
-0.131
-0.129
-0.126
-0.125
-0.123
-0.121
-0.119
-0.118
-0.116
-0.114
-0.112
-0.108
-0.107
-0.106
-0.106
-0.105
-0.105
-0.104
-0.104
-0.103
-0.102
-0.101
-0.1
-0.099
-0.099
-0.099
-0.099
-0.099
-0.099
-0.1
-0.1
-0.101
-0.101
-0.101
-0.101
-0.1
-0.099
-0.097
-0.096
-0.094
-0.092
-0.09
-0.089
-0.087
-0.085
-0.083
-0.081
-0.078
-0.073
-0.068
-0.062
-0.056
-0.051
-0.047
-0.043
-0.039
-0.036
-0.033
-0.03
-0.028
-0.025
-0.023
-0.021
-0.02
-0.019
-0.019
-0.02
-0.022
-0.024
-0.027
-0.03
-0.033
-0.035
-0.037
-0.04
-0.042
-0.045
-0.048
-0.05
-0.052
-0.054
-0.055
-0.056
-0.057
-0.057
-0.057
-0.056
-0.055
-0.055
-0.054
-0.052
-0.05
-0.048
-0.045
-0.042
-0.039
-0.035
-0.028
-0.01
0.012
0.046
0.071
0.082
0.088
0.087
0.069
0.044
0.012
-0.038
-0.086
-0.133
-0.158
-0.177
-0.19
-0.163
-0.142
-0.131
-0.122
-0.115
-0.107
-0.101
-0.095
-0.089
-0.082
-0.074
-0.065
-0.054
-0.045
-0.037
-0.032
-0.028
-0.025
-0.022
-0.019
-0.016
-0.014
-0.012
-0.009
-0.007
-0.005
-0.003
-0.001
0.001
0.003
0.006
0.008
0.012
0.018
0.025
0.032
0.041
0.049
0.057
0.064
0.071
0.079
0.085
0.092
0.098
0.106
0.115
0.125
0.135
0.146
0.16
0.178
0.196
0.211
0.222
0.231
0.24
0.247
0.252
0.257
0.262
0.265
0.268
0.269
0.267
0.264
0.258
0.251
0.244
0.234
0.217
0.203
0.19
0.175
0.157
0.14
0.123
0.106
0.089
0.066
0.041
0.018
-0.003
-0.019
-0.031
-0.046
-0.061
-0.076
-0.088
-0.095
-0.1
-0.103
-0.107
-0.109
-0.111
-0.112
-0.113
-0.114
-0.114
-0.114
-0.115
-0.116
-0.116
-0.117
-0.118
-0.118
-0.119
-0.119
-0.119
-0.118
-0.116
-0.114
-0.111
-0.108
-0.103
-0.099
-0.098
-0.1
-0.102
-0.104
-0.106
-0.107
-0.108
-0.109
-0.108
-0.107
-0.104
-0.101
-0.099
-0.098
-0.097
-0.096
-0.094
-0.093
-0.093
-0.092
-0.092
-0.091
-0.09
-0.089
-0.089
-0.089
-0.089
-0.09
-0.09
-0.09
-0.089
-0.089
-0.089
-0.089
-0.088
-0.087
-0.086
-0.084
-0.083
-0.082
-0.08
-0.079
-0.077
-0.075
-0.072
-0.068
-0.057
-0.045
-0.039
-0.035
-0.031
-0.028
-0.027
-0.025
-0.025
-0.024
-0.024
-0.025
-0.027
-0.031
-0.035
-0.04
-0.045
-0.05
-0.06
-0.07
-0.079
-0.087
-0.093
-0.098
-0.102
-0.106
-0.109
-0.113
-0.116
-0.119
-0.121
-0.123
-0.125
-0.128
-0.132
-0.136
-0.139
-0.141
-0.142
-0.143
-0.144
-0.145
-0.147
-0.148
-0.147
-0.144
-0.138
-0.13
-0.116
-0.094
-0.076
-0.05
-0.01
0.024
0.056
0.078
0.093
0.091
0.05
-0.018
-0.098
-0.197
-0.26
-0.266
-0.25
-0.222
-0.188
-0.168
-0.157
-0.15
-0.138
-0.12
-0.111
-0.107
-0.103
-0.101
-0.098
-0.093
-0.088
-0.082
-0.077
-0.07
-0.063
-0.056
-0.051
-0.048
-0.045
-0.042
-0.039
-0.034
-0.029
-0.023
-0.017
-0.011
-0.005
0.0
0.005
0.012
0.019
0.027
0.034
0.041
0.048
0.055
0.064
0.076
0.09
0.103
0.115
0.123
0.13
0.138
0.148
0.161
0.171
0.177
0.183
0.191
0.199
0.208
0.215
0.223
0.231
0.236
0.238
0.239
0.24
0.242
0.245
0.247
0.243
0.235
0.226
0.217
0.207
0.195
0.177
0.153
0.128
0.107
0.093
0.082
0.066
0.046
0.022
0.008
0.0
-0.006
-0.012
-0.019
-0.024
-0.028
-0.031
-0.034
-0.038
-0.04
-0.043
-0.045
-0.047
-0.048
-0.049
-0.049
-0.048
-0.046
-0.043
-0.04
-0.038
-0.035
-0.032
-0.028
-0.024
-0.021
-0.019
-0.016
-0.013
-0.009
-0.005
-0.001
0.002
0.005
0.007
0.009
0.01
0.012
0.013
0.015
0.018
0.026
0.044
0.065
0.086
0.108
0.133
0.15
0.16
0.167
0.169
0.167
0.16
0.153
0.147
0.141
0.135
0.129
0.122
0.114
0.108
0.103
0.1
0.097
0.093
0.09
0.087
0.084
0.081
0.077
0.074
0.07
0.066
0.063
0.06
0.058
0.056
0.054
0.052
0.05
0.048
0.047
0.045
0.043
0.041
0.039
0.038
0.038
0.039
0.041
0.042
0.044
0.045
0.047
0.049
0.051
0.052
0.053
0.053
0.054
0.056
0.058
0.06
0.061
0.06
0.058
0.056
0.053
0.05
0.047
0.044
0.04
0.036
0.032
0.029
0.024
0.019
0.014
0.009
0.005
0.002
0.0
-0.001
-0.004
-0.006
-0.009
-0.012
-0.015
-0.017
-0.019
-0.02
-0.019
-0.019
-0.018
-0.016
-0.014
-0.011
-0.008
-0.004
0.0
0.003
0.024
0.079
0.156
0.257
0.379
0.471
0.521
0.518
0.451
0.313
0.144
0.002
-0.091
-0.115
-0.122
-0.108
-0.082
-0.059
-0.05
-0.046
-0.044
-0.041
-0.039
-0.036
-0.032
-0.028
-0.023
-0.02
-0.016
-0.012
-0.008
-0.005
-0.001
0.002
0.005
0.009
0.014
0.018
0.022
0.026
0.03
0.035
0.039
0.043
0.048
0.052
0.056
0.059
0.063
0.067
0.071
0.075
0.079
0.082
0.085
0.088
0.092
0.096
0.102
0.111
0.12
0.13
0.139
0.147
0.155
0.164
0.174
0.182
0.19
0.198
0.205
0.211
0.217
0.221
0.225
0.229
0.232
0.234
0.236
0.236
0.234
0.232
0.228
0.223
0.217
0.207
0.19
0.177
0.16
0.14
0.121
0.097
0.073
0.055
0.04
0.028
0.018
0.006
-0.007
-0.024
-0.043
-0.057
-0.069
-0.079
-0.092
-0.107
-0.117
-0.126
-0.133
-0.138
-0.14
-0.141
-0.141
-0.142
-0.142
-0.142
-0.142
-0.143
-0.143
-0.142
-0.141
-0.14
-0.138
-0.137
-0.135
-0.135
-0.134
-0.133
-0.132
-0.132
-0.132
-0.131
-0.131
-0.13
-0.13
-0.129
-0.129
-0.128
-0.127
-0.126
-0.125
-0.123
-0.122
-0.121
-0.119
-0.117
-0.115
-0.113
-0.112
-0.111
-0.11
-0.108
-0.106
-0.104
-0.102
-0.101
-0.099
-0.098
-0.096
-0.095
-0.094
-0.094
-0.093
-0.093
-0.093
-0.092
-0.091
-0.09
-0.089
-0.088
-0.086
-0.085
-0.083
-0.082
-0.081
-0.08
-0.078
-0.077
-0.076
-0.076
-0.074
-0.073
-0.071
-0.069
-0.066
-0.064
-0.061
-0.059
-0.057
-0.055
-0.053
-0.051
-0.05
-0.048
-0.046
-0.044
-0.041
-0.036
-0.028
-0.02
-0.012
-0.003
0.004
0.012
0.02
0.026
0.032
0.037
0.04
0.043
0.046
0.049
0.051
0.052
0.052
0.051
0.049
0.045
0.042
0.037
0.033
0.028
0.025
0.021
0.018
0.015
0.011
0.007
0.003
0.0
-0.003
-0.005
-0.007
-0.009
-0.011
-0.013
-0.015
-0.017
-0.019
-0.021
-0.024
-0.026
-0.028
-0.029
-0.029
-0.027
-0.023
-0.017
-0.01
-0.001
0.016
0.051
0.104
0.184
0.278
0.38
0.475
0.527
0.524
0.455
0.31
0.137
-0.025
-0.118
-0.15
-0.142
-0.118
-0.067
-0.048
-0.048
-0.063
-0.105
-0.152
-0.175
-0.185
-0.189
-0.192
-0.195
-0.196
-0.197
-0.199
-0.2
-0.198
-0.194
-0.189
-0.184
-0.177
-0.171
-0.165
-0.158
-0.15
-0.143
-0.137
-0.133
-0.13
-0.127
-0.123
-0.118
-0.112
-0.107
-0.101
-0.095
-0.088
-0.081
-0.072
-0.064
-0.056
-0.048
-0.039
-0.029
-0.018
-0.005
0.006
0.018
0.029
0.041
0.053
0.065
0.076
0.087
0.096
0.104
0.113
0.124
0.134
0.14
0.146
0.151
0.155
0.158
0.16
0.16
0.159
0.156
0.151
0.145
0.139
0.128
0.109
0.096
0.079
0.055
0.035
0.019
0.001
-0.016
-0.033
-0.048
-0.062
-0.076
-0.091
-0.105
-0.117
-0.12
-0.121
-0.121
-0.121
-0.121
-0.122
-0.122
-0.122
-0.122
-0.123
-0.123
-0.123
-0.123
-0.122
-0.121
-0.121
-0.12
-0.119
-0.118
-0.117
-0.117
-0.117
-0.117
-0.116
-0.115
-0.114
-0.114
-0.113
-0.112
-0.111
-0.11
-0.109
-0.107
-0.106
-0.105
-0.104
-0.103
-0.102
-0.101
-0.101
-0.1
-0.1
-0.1
-0.1
-0.1
-0.1
-0.1
-0.101
-0.101
-0.101
-0.101
-0.101
-0.1
-0.1
-0.1
-0.1
-0.1
-0.1
-0.1
-0.099
-0.099
-0.098
-0.097
-0.096
-0.094
-0.093
-0.091
-0.09
-0.089
-0.089
-0.088
-0.087
-0.085
-0.084
-0.081
-0.079
-0.076
-0.074
-0.072
-0.071
-0.069
-0.067
-0.065
-0.064
-0.063
-0.062
-0.06
-0.058
-0.056
-0.053
-0.05
-0.047
-0.044
-0.041
-0.037
-0.034
-0.03
-0.027
-0.023
-0.02
-0.014
-0.009
-0.004
-0.001
0.0
0.001
0.002
0.003
0.004
0.005
0.006
0.006
0.006
0.007
0.007
0.007
0.006
0.004
0.001
-0.001
-0.004
-0.008
-0.011
-0.014
-0.018
-0.022
-0.025
-0.029
-0.032
-0.034
-0.037
-0.04
-0.043
-0.046
-0.049
-0.052
-0.055
-0.058
-0.06
-0.061
-0.061
-0.059
-0.057
-0.053
-0.049
-0.043
-0.021
0.014
0.066
0.132
0.208
0.286
0.348
0.369
0.35
0.291
0.162
0.006
-0.135
-0.204
-0.228
-0.208
-0.151
-0.091
-0.068
-0.06
-0.056
-0.05
-0.041
-0.031
-0.021
-0.01
-0.001
0.006
0.012
0.018
0.024
0.029
0.035
0.041
0.048
0.056
0.064
0.071
0.077
0.081
0.084
0.087
0.089
0.091
0.093
0.094
0.096
0.099
0.101
0.104
0.107
0.11
0.114
0.119
0.126
0.133
0.141
0.147
0.153
0.16
0.169
0.178
0.188
0.199
0.21
0.223
0.234
0.245
0.252
0.258
0.263
0.267
0.27
0.272
0.275
0.277
0.279
0.282
0.286
0.289
0.291
0.289
0.283
0.274
0.265
0.254
0.243
0.233
0.216
0.191
0.165
0.139
0.119
0.103
0.088
0.068
0.046
0.026
0.006
-0.008
-0.02
-0.032
-0.047
-0.069
-0.082
-0.088
-0.093
-0.096
-0.098
-0.098
-0.097
-0.094
-0.09
-0.085
-0.081
-0.078
-0.075
-0.072
-0.068
-0.065
-0.063
-0.061
-0.061
-0.061
-0.062
-0.064
-0.067
-0.07
-0.072
-0.075
-0.076
-0.077
-0.079
-0.08
-0.082
-0.083
-0.085
-0.087
-0.088
-0.09
-0.091
-0.093
-0.094
-0.095
-0.095
-0.096
-0.097
-0.098
-0.099
-0.1
-0.1
-0.101
-0.102
-0.102
-0.103
-0.103
-0.102
-0.102
-0.102
-0.101
-0.101
-0.101
-0.1
-0.1
-0.099
-0.099
-0.098
-0.097
-0.096
-0.095
-0.094
-0.092
-0.091
-0.089
-0.088
-0.086
-0.085
-0.084
-0.082
-0.081
-0.08
-0.079
-0.077
-0.075
-0.072
-0.07
-0.067
-0.064
-0.061
-0.058
-0.056
-0.054
-0.052
-0.05
-0.049
-0.048
-0.047
-0.046
-0.045
-0.043
-0.042
-0.041
-0.039
-0.039
-0.039
-0.041
-0.045
-0.05
-0.054
-0.059
-0.062
-0.065
-0.068
-0.072
-0.075
-0.078
-0.08
-0.083
-0.085
-0.087
-0.089
-0.09
-0.091
-0.091
-0.091
-0.091
-0.09
-0.09
-0.089
-0.088
-0.086
-0.084
-0.081
-0.078
-0.074
-0.071
-0.061
-0.038
-0.003
0.039
0.092
0.157
0.228
0.281
0.288
0.268
0.191
0.083
-0.034
-0.136
-0.198
-0.219
-0.209
-0.181
-0.139
-0.114
-0.095
-0.083
-0.072
-0.062
-0.055
-0.049
-0.044
-0.04
-0.038
-0.037
-0.036
-0.035
-0.034
-0.033
-0.032
-0.031
-0.029
-0.028
-0.027
-0.025
-0.023
-0.019
-0.015
-0.009
0.003
0.013
0.019
0.022
0.026
0.029
0.032
0.036
0.041
0.045
0.049
0.052
0.057
0.061
0.065
0.069
0.073
0.077
0.082
0.09
0.103
0.116
0.129
0.143
0.158
0.172
0.183
0.194
0.204
0.212
0.218
0.224
0.228
0.231
0.233
0.235
0.238
0.242
0.244
0.244
0.237
0.227
0.217
0.205
0.195
0.185
0.17
0.148
0.127
0.108
0.093
0.081
0.07
0.056
0.035
0.013
-0.001
-0.011
-0.019
-0.028
-0.04
-0.045
-0.048
-0.05
-0.052
-0.053
-0.054
-0.055
-0.055
-0.055
-0.055
-0.054
-0.054
-0.054
-0.054
-0.055
-0.055
-0.056
-0.056
-0.057
-0.058
-0.058
-0.059
-0.06
-0.061
-0.062
-0.063
-0.065
-0.067
-0.07
-0.074
-0.079
-0.083
-0.087
-0.092
-0.096
-0.101
-0.105
-0.109
-0.113
-0.116
-0.119
-0.12
-0.121
-0.122
-0.123
-0.123
-0.124
-0.125
-0.126
-0.126
-0.126
-0.126
-0.125
-0.124
-0.123
-0.121
-0.119
-0.116
-0.114
-0.111
-0.109
-0.106
-0.103
-0.099
-0.096
-0.093
-0.091
-0.091
-0.092
-0.093
-0.095
-0.097
-0.098
-0.101
-0.103
-0.099
-0.091
-0.081
-0.07
-0.057
-0.047
-0.039
-0.035
-0.034
-0.033
-0.033
-0.033
-0.032
-0.032
-0.032
-0.031
-0.03
-0.03
-0.029
-0.029
-0.029
-0.03
-0.031
-0.032
-0.032
-0.033
-0.033
-0.033
-0.033
-0.033
-0.032
-0.032
-0.032
-0.033
-0.033
-0.034
-0.035
-0.035
-0.036
-0.036
-0.036
-0.036
-0.036
-0.035
-0.034
-0.033
-0.031
-0.029
-0.027
-0.025
-0.013
0.018
0.055
0.102
0.158
0.222
0.285
0.326
0.341
0.321
0.26
0.153
0.036
-0.068
-0.157
-0.181
-0.179
-0.145
-0.108
-0.073
-0.054
-0.04
-0.029
-0.016
-0.004
0.004
0.011
0.018
0.022
0.026
0.03
0.035
0.041
0.046
0.051
0.054
0.058
0.061
0.064
0.066
0.069
0.071
0.074
0.078
0.083
0.091
0.099
0.106
0.114
0.121
0.129
0.138
0.145
0.15
0.154
0.158
0.162
0.164
0.167
0.17
0.173
0.177
0.181
0.187
0.194
0.202
0.212
0.221
0.23
0.241
0.253
0.264
0.276
0.288
0.297
0.304
0.309
0.313
0.313
0.306
0.296
0.279
0.258
0.246
0.239
0.231
0.222
0.211
0.199
0.189
0.179
0.169
0.157
0.142
0.122
0.102
0.083
0.064
0.047
0.032
0.016
-0.001
-0.019
-0.037
-0.053
-0.057
-0.058
-0.059
-0.06
-0.061
-0.061
-0.062
-0.063
-0.063
-0.063
-0.063
-0.064
-0.063
-0.063
-0.062
-0.061
-0.061
-0.06
-0.06
-0.06
-0.06
-0.06
-0.06
-0.06
-0.061
-0.06
-0.06
-0.06
-0.06
-0.06
-0.061
-0.061
-0.062
-0.063
-0.064
-0.064
-0.065
-0.065
-0.065
-0.065
-0.064
-0.063
-0.062
-0.061
-0.06
-0.059
-0.058
-0.057
-0.056
-0.054
-0.053
-0.048
-0.036
-0.033
-0.031
-0.028
-0.026
-0.024
-0.024
-0.025
-0.028
-0.031
-0.034
-0.038
-0.041
-0.043
-0.042
-0.039
-0.034
-0.028
-0.019
-0.009
-0.004
-0.001
0.001
0.004
0.007
0.01
0.012
0.015
0.017
0.02
0.023
0.025
0.028
0.031
0.034
0.039
0.043
0.045
0.044
0.041
0.036
0.032
0.029
0.026
0.023
0.02
0.017
0.015
0.014
0.014
0.016
0.019
0.022
0.026
0.029
0.034
0.041
0.048
0.053
0.058
0.061
0.064
0.066
0.068
0.071
0.074
0.077
0.08
0.083
0.088
0.098
0.124
0.179
0.251
0.343
0.429
0.497
0.507
0.491
0.401
0.277
0.14
0.019
-0.024
-0.039
-0.027
-0.008
0.013
0.038
0.056
0.079
0.108
0.116
0.121
0.124
0.127
0.13
0.133
0.135
0.138
0.141
0.147
0.158
0.168
0.174
0.177
0.179
0.181
0.185
0.189
0.193
0.198
0.204
0.213
0.228
0.24
0.248
0.255
0.262
0.268
0.274
0.283
0.294
0.304
0.314
0.324
0.333
0.346
0.36
0.369
0.375
0.377
0.372
0.361
0.343
0.322
0.305
0.286
0.263
0.243
0.232
0.224
0.219
0.219
0.223
0.229
0.234
0.239
0.243
0.243
0.238
0.23
0.218
0.198
0.177
0.154
0.13
0.107
0.084
0.063
0.044
0.025
0.007
-0.01
-0.024
-0.035
-0.047
-0.063
-0.083
-0.097
-0.104
-0.112
-0.122
-0.136
-0.158
-0.189
-0.216
-0.241
-0.264
-0.286
-0.309
-0.33
-0.339
-0.343
-0.347
-0.35
-0.352
-0.354
-0.354
-0.355
-0.355
-0.355
-0.353
-0.351
-0.347
-0.343
-0.338
-0.334
-0.33
-0.324
-0.312
-0.302
-0.294
-0.288
-0.282
-0.277
-0.274
-0.274
-0.275
-0.276
-0.276
-0.278
-0.278
-0.279
-0.279
-0.28
-0.28
-0.277
-0.273
-0.269
-0.264
-0.26
-0.256
-0.253
-0.249
-0.246
-0.242
-0.238
-0.235
-0.233
-0.231
-0.228
-0.226
-0.224
-0.222
-0.22
-0.218
-0.216
-0.213
-0.21
-0.208
-0.205
-0.202
-0.199
-0.196
-0.194
-0.19
-0.186
-0.182
-0.176
-0.169
-0.16
-0.153
-0.148
-0.142
-0.133
-0.121
-0.115
-0.112
-0.111
-0.109
-0.108
-0.107
-0.106
-0.105
-0.104
-0.104
-0.104
-0.104
-0.105
-0.105
-0.107
-0.108
-0.109
-0.11
-0.111
-0.112
-0.112
-0.113
-0.114
-0.114
-0.115
-0.115
-0.116
-0.117
-0.119
-0.12
-0.121
-0.122
-0.122
-0.122
-0.123
-0.123
-0.123
-0.123
-0.124
-0.124
-0.126
-0.127
-0.127
-0.12
-0.107
-0.068
-0.013
0.053
0.133
0.219
0.301
0.356
0.36
0.325
0.221
0.079
-0.066
-0.177
-0.226
-0.242
-0.227
-0.182
-0.143
-0.118
-0.101
-0.092
-0.086
-0.079
-0.074
-0.069
-0.064
-0.058
-0.053
-0.047
-0.041
-0.033
-0.025
-0.014
-0.004
0.006
0.016
0.025
0.033
0.041
0.049
0.057
0.065
0.072
0.078
0.085
0.091
0.097
0.101
0.106
0.11
0.113
0.117
0.119
0.122
0.126
0.132
0.144
0.159
0.175
0.19
0.201
0.213
0.225
0.244
0.258
0.267
0.275
0.283
0.291
0.298
0.304
0.31
0.315
0.319
0.321
0.322
0.322
0.323
0.323
0.324
0.325
0.325
0.323
0.318
0.31
0.3
0.286
0.27
0.252
0.235
0.221
0.202
0.178
0.156
0.132
0.112
0.096
0.077
0.061
0.047
0.033
0.019
0.014
0.012
0.01
0.008
0.005
0.003
0.001
0.0
-0.001
-0.002
-0.003
-0.004
-0.005
-0.005
-0.006
-0.006
-0.006
-0.006
-0.005
-0.005
-0.005
-0.005
-0.004
-0.004
-0.003
-0.002
-0.002
-0.001
0.0
0.0
0.001
0.002
0.002
0.003
0.003
0.003
0.003
0.002
0.0
0.0
-0.001
-0.002
-0.003
-0.004
-0.005
-0.006
-0.007
-0.007
-0.007
-0.007
-0.008
-0.009
-0.011
-0.012
-0.013
-0.014
-0.015
-0.015
-0.015
-0.014
-0.014
-0.014
-0.014
-0.014
-0.015
-0.015
-0.016
-0.017
-0.02
-0.022
-0.024
-0.026
-0.028
-0.035
-0.044
-0.051
-0.058
-0.065
-0.07
-0.074
-0.078
-0.081
-0.082
-0.081
-0.076
-0.069
-0.062
-0.057
-0.055
-0.052
-0.05
-0.047
-0.045
-0.043
-0.041
-0.039
-0.037
-0.035
-0.033
-0.032
-0.033
-0.034
-0.035
-0.036
-0.038
-0.039
-0.04
-0.041
-0.041
-0.041
-0.041
-0.041
-0.04
-0.04
-0.04
-0.041
-0.042
-0.044
-0.046
-0.048
-0.049
-0.05
-0.051
-0.051
-0.05
-0.048
-0.046
-0.044
-0.042
-0.039
-0.037
-0.033
-0.029
-0.025
-0.021
-0.008
0.025
0.078
0.153
0.247
0.352
0.436
0.464
0.44
0.365
0.215
0.052
-0.084
-0.149
-0.171
-0.159
-0.118
-0.059
-0.042
-0.04
-0.038
-0.036
-0.034
-0.031
-0.024
-0.016
-0.01
-0.007
-0.003
-0.001
0.0
0.002
0.004
0.008
0.012
0.017
0.022
0.026
0.03
0.034
0.037
0.04
0.044
0.049
0.054
0.059
0.065
0.07
0.074
0.078
0.082
0.085
0.089
0.093
0.097
0.101
0.106
0.111
0.115
0.12
0.126
0.133
0.141
0.151
0.162
0.175
0.188
0.204
0.217
0.228
0.239
0.249
0.256
0.26
0.263
0.265
0.266
0.268
0.27
0.27
0.27
0.267
0.261
0.254
0.246
0.237
0.224
0.212
0.203
0.195
0.179
0.155
0.131
0.105
0.082
0.065
0.05
0.036
0.021
0.006
-0.005
-0.013
-0.021
-0.03
-0.039
-0.05
-0.062
-0.073
-0.083
-0.087
-0.09
-0.093
-0.096
-0.099
-0.1
-0.102
-0.102
-0.102
-0.103
-0.102
-0.102
-0.101
-0.1
-0.098
-0.097
-0.095
-0.094
-0.093
-0.092
-0.091
-0.09
-0.089
-0.088
-0.087
-0.086
-0.086
-0.086
-0.086
-0.086
-0.086
-0.087
-0.088
-0.09
-0.091
-0.093
-0.095
-0.096
-0.098
-0.099
-0.1
-0.1
-0.101
-0.102
-0.103
-0.104
-0.105
-0.105
-0.106
-0.106
-0.107
-0.108
-0.108
-0.108
-0.108
-0.109
-0.11
-0.111
-0.111
-0.11
-0.109
-0.107
-0.105
-0.104
-0.102
-0.1
-0.098
-0.096
-0.095
-0.094
-0.093
-0.092
-0.091
-0.089
-0.086
-0.083
-0.08
-0.077
-0.073
-0.07
-0.067
-0.065
-0.061
-0.058
-0.054
-0.049
-0.043
-0.036
-0.028
-0.021
-0.017
-0.015
-0.012
-0.011
-0.009
-0.008
-0.007
-0.007
-0.006
-0.006
-0.009
-0.016
-0.024
-0.032
-0.036
-0.04
-0.044
-0.048
-0.052
-0.055
-0.058
-0.061
-0.063
-0.066
-0.068
-0.07
-0.07
-0.07
-0.07
-0.07
-0.07
-0.069
-0.069
-0.067
-0.066
-0.064
-0.062
-0.06
-0.058
-0.054
-0.049
-0.044
-0.033
-0.005
0.04
0.1
0.179
0.269
0.355
0.407
0.424
0.396
0.311
0.169
0.024
-0.088
-0.134
-0.149
-0.129
-0.103
-0.083
-0.075
-0.073
-0.071
-0.07
-0.068
-0.067
-0.066
-0.065
-0.064
-0.064
-0.063
-0.062
-0.061
-0.06
-0.059
-0.057
-0.056
-0.055
-0.053
-0.052
-0.05
-0.047
-0.045
-0.042
-0.039
-0.034
-0.023
-0.011
0.0
0.006
0.01
0.014
0.016
0.02
0.023
0.027
0.029
0.033
0.038
0.045
0.06
0.089
0.107
0.117
0.125
0.133
0.141
0.146
0.15
0.154
0.157
0.162
0.167
0.172
0.176
0.181
0.187
0.195
0.202
0.207
0.211
0.214
0.219
0.227
0.231
0.226
0.214
0.201
0.185
0.168
0.151
0.135
0.119
0.102
0.085
0.071
0.058
0.045
0.031
0.019
0.01
0.0
-0.011
-0.023
-0.036
-0.046
-0.056
-0.063
-0.068
-0.073
-0.078
-0.081
-0.084
-0.086
-0.088
-0.089
-0.09
-0.092
-0.093
-0.095
-0.097
-0.099
-0.1
-0.102
-0.103
-0.104
-0.104
-0.105
-0.105
-0.104
-0.104
-0.104
-0.105
-0.106
-0.107
-0.106
-0.107
-0.108
-0.109
-0.11
-0.11
-0.11
-0.11
-0.11
-0.11
-0.11
-0.11
-0.111
-0.111
-0.111
-0.112
-0.113
-0.114
-0.114
-0.115
-0.115
-0.115
-0.116
-0.117
-0.117
-0.117
-0.116
-0.116
-0.115
-0.114
-0.113
-0.112
-0.11
-0.109
-0.107
-0.106
-0.104
-0.103
-0.102
-0.101
-0.099
-0.097
-0.094
-0.092
-0.089
-0.086
-0.082
-0.079
-0.076
-0.073
-0.069
-0.065
-0.06
-0.054
-0.046
-0.039
-0.033
-0.027
-0.02
-0.012
-0.005
-0.001
0.001
0.003
0.005
0.006
0.008
0.008
0.008
0.005
0.001
-0.003
-0.007
-0.01
-0.012
-0.016
-0.018
-0.021
-0.023
-0.024
-0.025
-0.026
-0.027
-0.026
-0.026
-0.024
-0.023
-0.022
-0.02
-0.019
-0.018
-0.016
-0.014
-0.012
-0.01
-0.007
-0.004
0.0
0.003
0.007
0.01
0.014
0.02
0.044
0.081
0.135
0.21
0.289
0.358
0.395
0.394
0.349
0.244
0.11
-0.012
-0.106
-0.144
-0.141
-0.112
-0.085
-0.06
-0.043
-0.031
-0.019
-0.007
0.008
0.015
0.019
0.022
0.024
0.027
0.029
0.031
0.034
0.037
0.04
0.043
0.046
0.049
0.052
0.054
0.057
0.06
0.063
0.067
0.071
0.075
0.079
0.083
0.087
0.091
0.095
0.1
0.105
0.112
0.119
0.126
0.132
0.138
0.146
0.155
0.164
0.173
0.181
0.188
0.195
0.203
0.213
0.22
0.226
0.232
0.237
0.24
0.243
0.245
0.248
0.25
0.252
0.255
0.257
0.259
0.261
0.262
0.262
0.261
0.258
0.254
0.248
0.242
0.233
0.216
0.205
0.193
0.181
0.168
0.152
0.131
0.107
0.085
0.067
0.054
0.039
0.025
0.011
-0.002
-0.011
-0.018
-0.023
-0.029
-0.036
-0.042
-0.045
-0.047
-0.049
-0.051
-0.053
-0.055
-0.057
-0.058
-0.06
-0.061
-0.062
-0.063
-0.065
-0.066
-0.067
-0.068
-0.069
-0.071
-0.072
-0.074
-0.076
-0.078
-0.08
-0.082
-0.084
-0.087
-0.089
-0.092
-0.095
-0.097
-0.099
-0.1
-0.1
-0.1
-0.1
-0.098
-0.096
-0.094
-0.091
-0.087
-0.083
-0.078
-0.07
-0.054
-0.042
-0.036
-0.031
-0.027
-0.024
-0.023
-0.025
-0.029
-0.035
-0.039
-0.042
-0.043
-0.045
-0.046
-0.048
-0.049
-0.051
-0.052
-0.053
-0.055
-0.056
-0.056
-0.056
-0.056
-0.056
-0.057
-0.057
-0.057
-0.057
-0.057
-0.056
-0.057
-0.057
-0.058
-0.058
-0.058
-0.059
-0.06
-0.06
-0.061
-0.062
-0.063
-0.065
-0.067
-0.07
-0.073
-0.075
-0.081
-0.098
-0.113
-0.119
-0.122
-0.126
-0.129
-0.131
-0.133
-0.135
-0.137
-0.139
-0.14
-0.141
-0.142
-0.143
-0.143
-0.144
-0.144
-0.143
-0.142
-0.14
-0.139
-0.137
-0.135
-0.132
-0.129
-0.126
-0.122
-0.117
-0.09
-0.041
0.025
0.099
0.171
0.218
0.233
0.214
0.157
0.048
-0.078
-0.188
-0.263
-0.291
-0.291
-0.261
-0.221
-0.195
-0.179
-0.172
-0.167
-0.162
-0.158
-0.155
-0.152
-0.148
-0.145
-0.14
-0.133
-0.126
-0.119
-0.112
-0.106
-0.1
-0.093
-0.085
-0.076
-0.07
-0.065
-0.061
-0.057
-0.053
-0.049
-0.044
-0.039
-0.034
-0.028
-0.021
-0.013
-0.006
-0.001
0.005
0.014
0.027
0.039
0.049
0.058
0.067
0.076
0.091
0.111
0.123
0.13
0.135
0.141
0.147
0.153
0.161
0.171
0.181
0.191
0.203
0.217
0.229
0.235
0.24
0.245
0.248
0.249
0.247
0.243
0.237
0.231
0.224
0.212
0.202
0.192
0.176
0.154
0.132
0.112
0.095
0.082
0.069
0.052
0.031
0.014
0.0
-0.01
-0.021
-0.032
-0.047
-0.059
-0.07
-0.077
-0.082
-0.084
-0.086
-0.087
-0.089
-0.09
-0.089
-0.087
-0.084
-0.081
-0.078
-0.076
-0.075
-0.074
-0.073
-0.071
-0.07
-0.068
-0.067
-0.066
-0.066
-0.066
-0.066
-0.066
-0.067
-0.067
-0.067
-0.068
-0.068
-0.069
-0.069
-0.07
-0.07
-0.071
-0.071
-0.072
-0.073
-0.073
-0.074
-0.074
-0.074
-0.074
-0.074
-0.074
-0.074
-0.074
-0.073
-0.074
-0.075
-0.076
-0.076
-0.074
-0.07
-0.065
-0.059
-0.05
-0.047
-0.045
-0.043
-0.04
-0.039
-0.038
-0.038
-0.039
-0.04
-0.041
-0.042
-0.044
-0.046
-0.046
-0.036
-0.027
-0.02
-0.013
-0.006
0.001
0.008
0.015
0.022
0.028
0.034
0.04
0.048
0.06
0.069
0.074
0.078
0.08
0.082
0.083
0.084
0.084
0.082
0.078
0.075
0.072
0.069
0.067
0.065
0.062
0.06
0.057
0.055
0.053
0.051
0.049
0.047
0.045
0.044
0.043
0.043
0.044
0.044
0.045
0.046
0.047
0.049
0.051
0.053
0.055
0.058
0.062
0.084
0.128
0.185
0.257
0.338
0.426
0.505
0.533
0.527
0.468
0.351
0.206
0.06
-0.058
-0.1
-0.1
-0.062
-0.008
0.034
0.053
0.061
0.067
0.071
0.075
0.078
0.08
0.081
0.081
0.082
0.081
0.081
0.081
0.08
0.08
0.081
0.082
0.083
0.083
0.083
0.083
0.084
0.084
0.086
0.087
0.09
0.093
0.099
0.113
0.125
0.133
0.137
0.141
0.144
0.147
0.15
0.154
0.156
0.159
0.161
0.165
0.175
0.193
0.211
0.229
0.24
0.247
0.253
0.261
0.27
0.279
0.29
0.298
0.304
0.311
0.319
0.325
0.329
0.333
0.335
0.336
0.335
0.33
0.324
0.317
0.306
0.293
0.279
0.266
0.253
0.237
0.215
0.19
0.168
0.147
0.126
0.109
0.096
0.083
0.065
0.045
0.026
0.006
-0.013
-0.034
-0.05
-0.06
-0.07
-0.079
-0.083
-0.086
-0.089
-0.09
-0.092
-0.093
-0.094
-0.095
-0.097
-0.098
-0.1
-0.102
-0.103
-0.105
-0.106
-0.107
-0.108
-0.109
-0.11
-0.111
-0.112
-0.112
-0.113
-0.114
-0.115
-0.116
-0.119
-0.121
-0.123
-0.124
-0.126
-0.128
-0.129
-0.131
-0.132
-0.133
-0.133
-0.134
-0.135
-0.136
-0.138
-0.139
-0.14
-0.142
-0.143
-0.144
-0.145
-0.146
-0.146
-0.146
-0.145
-0.145
-0.146
-0.146
-0.145
-0.145
-0.144
-0.144
-0.144
-0.145
-0.146
-0.146
-0.146
-0.146
-0.145
-0.145
-0.145
-0.144
-0.142
-0.141
-0.14
-0.139
-0.138
-0.137
-0.136
-0.135
-0.135
-0.134
-0.133
-0.132
-0.129
-0.126
-0.122
-0.118
-0.115
-0.112
-0.11
-0.109
-0.108
-0.108
-0.107
-0.107
-0.107
-0.107
-0.107
-0.106
-0.104
-0.102
-0.103
-0.11
-0.12
-0.128
-0.136
-0.143
-0.149
-0.154
-0.158
-0.162
-0.165
-0.168
-0.17
-0.172
-0.173
-0.174
-0.174
-0.172
-0.169
-0.165
-0.16
-0.155
-0.151
-0.146
-0.14
-0.135
-0.131
-0.127
-0.124
-0.121
-0.117
-0.098
-0.061
-0.003
0.084
0.187
0.293
0.379
0.4
0.387
0.296
0.154
0.0
-0.131
-0.192
-0.213
-0.201
-0.166
-0.12
-0.096
-0.081
-0.068
-0.05
-0.041
-0.036
-0.032
-0.029
-0.026
-0.024
-0.022
-0.02
-0.018
-0.016
-0.014
-0.012
-0.01
-0.009
-0.007
-0.004
0.0
0.01
0.02
0.03
0.036
0.04
0.043
0.046
0.048
0.051
0.054
0.056
0.059
0.062
0.065
0.068
0.073
0.081
0.088
0.094
0.099
0.11
0.127
0.145
0.164
0.183
0.202
0.22
0.24
0.258
0.271
0.284
0.29
0.294
0.297
0.301
0.304
0.306
0.308
0.309
0.309
0.309
0.309
0.308
0.306
0.304
0.301
0.298
0.294
0.29
0.282
0.266
0.253
0.236
0.214
0.192
0.17
0.151
0.137
0.121
0.11
0.102
0.096
0.091
0.086
0.082
0.078
0.075
0.072
0.068
0.065
0.06
0.055
0.05
0.043
0.035
0.027
0.019
0.012
0.003
-0.006
-0.014
-0.02
-0.025
-0.03
-0.033
-0.034
-0.031
-0.025
-0.016
-0.007
0.004
0.012
0.017
0.021
0.025
0.028
0.028
0.022
0.017
0.014
0.013
0.011
0.009
0.008
0.006
0.005
0.003
0.002
0.001
0.001
0.001
0.001
0.002
0.002
0.003
0.003
0.004
0.005
0.006
0.006
0.007
0.007
0.007
0.008
0.008
0.009
0.009
0.01
0.01
0.009
0.009
0.009
0.008
0.007
0.007
0.007
0.007
0.007
0.008
0.008
0.009
0.01
0.011
0.012
0.013
0.014
0.015
0.017
0.018
0.02
0.022
0.025
0.03
0.037
0.045
0.051
0.057
0.062
0.066
0.07
0.074
0.078
0.081
0.083
0.083
0.081
0.078
0.073
0.068
0.062
0.053
0.036
0.014
0.005
0.001
-0.002
-0.006
-0.009
-0.012
-0.015
-0.017
-0.018
-0.019
-0.02
-0.02
-0.021
-0.021
-0.021
-0.022
-0.023
-0.024
-0.025
-0.027
-0.028
-0.029
-0.03
-0.032
-0.033
-0.035
-0.038
-0.045
-0.051
-0.051
-0.043
-0.028
0.017
0.092
0.182
0.269
0.317
0.318
0.275
0.156
0.001
-0.149
-0.263
-0.297
-0.296
-0.254
-0.21
-0.197
-0.19
-0.184
-0.18
-0.176
-0.17
-0.16
-0.143
-0.129
-0.118
-0.11
-0.105
-0.101
-0.098
-0.095
-0.091
-0.086
-0.079
-0.071
-0.06
-0.048
-0.039
-0.032
-0.026
-0.022
-0.018
-0.014
-0.009
-0.002
0.003
0.008
0.012
0.016
0.019
0.023
0.027
0.03
0.034
0.038
0.044
0.053
0.068
0.083
0.094
0.103
0.111
0.119
0.127
0.139
0.154
0.164
0.171
0.176
0.18
0.179
0.174
0.164
0.149
0.124
0.099
0.075
0.056
0.041
0.024
0.011
0.001
-0.006
-0.013
-0.02
-0.032
-0.053
-0.071
-0.083
-0.094
-0.104
-0.121
-0.146
-0.174
-0.2
-0.217
-0.228
-0.238
-0.246
-0.251
-0.253
-0.255
-0.258
-0.259
-0.26
-0.261
-0.262
-0.263
-0.263
-0.263
-0.263
-0.262
-0.26
-0.258
-0.255
-0.253
-0.25
-0.247
-0.243
-0.239
-0.236
-0.232
-0.227
-0.222
-0.218
-0.214
-0.212
-0.211
-0.21
-0.21
-0.209
-0.208
-0.207
-0.204
-0.203
-0.208
-0.221
-0.235
-0.252
-0.266
-0.281
-0.295
-0.304
-0.311
-0.317
-0.321
-0.321
-0.313
-0.303
-0.294
-0.285
-0.277
-0.271
-0.266
-0.261
-0.255
-0.248
-0.24
-0.231
-0.219
-0.198
-0.169
-0.142
-0.115
-0.086
-0.064
-0.054
-0.049
-0.045
-0.043
-0.044
-0.049
-0.057
-0.064
-0.068
-0.072
-0.076
-0.08
-0.084
-0.087
-0.089
-0.09
-0.089
-0.087
-0.084
-0.081
-0.077
-0.073
-0.069
-0.066
-0.062
-0.058
-0.054
-0.05
-0.047
-0.044
-0.042
-0.04
-0.04
-0.04
-0.041
-0.043
-0.046
-0.048
-0.051
-0.053
-0.056
-0.058
-0.06
-0.063
-0.065
-0.069
-0.073
-0.077
-0.081
-0.083
-0.083
-0.082
-0.081
-0.08
-0.079
-0.079
-0.078
-0.077
-0.075
-0.073
-0.071
-0.07
-0.069
-0.068
-0.067
-0.065
-0.063
-0.061
-0.057
-0.052
-0.027
0.015
0.071
0.14
0.214
0.284
0.327
0.328
0.29
0.188
0.058
-0.066
-0.14
-0.165
-0.152
-0.114
-0.062
-0.018
-0.004
0.004
0.012
0.022
0.034
0.048
0.063
0.078
0.094
0.109
0.125
0.145
0.166
0.184
0.19
0.193
0.195
0.197
0.199
0.203
0.208
0.214
0.223
0.24
0.268
0.294
0.32
0.336
0.346
0.353
0.353
0.344
0.331
0.318
0.301
0.288
0.278
0.269
0.262
0.253
0.241
0.229
0.223
0.219
0.216
0.213
0.212
0.211
0.21
0.209
0.208
0.207
0.206
0.204
0.203
0.202
0.201
0.201
0.2
0.2
0.2
0.199
0.198
0.196
0.192
0.183
0.172
0.159
0.147
0.134
0.121
0.107
0.091
0.073
0.054
0.035
0.016
-0.002
-0.018
-0.032
-0.046
-0.059
-0.071
-0.083
-0.092
-0.098
-0.103
-0.107
-0.11
-0.112
-0.114
-0.116
-0.116
-0.115
-0.111
-0.105
-0.097
-0.089
-0.082
-0.076
-0.07
-0.064
-0.059
-0.053
-0.049
-0.044
-0.04
-0.036
-0.033
-0.03
-0.028
-0.026
-0.025
-0.024
-0.024
-0.024
-0.024
-0.025
-0.025
-0.024
-0.024
-0.024
-0.023
-0.023
-0.023
-0.023
-0.023
-0.023
-0.023
-0.023
-0.023
-0.022
-0.021
-0.02
-0.019
-0.017
-0.016
-0.014
-0.012
-0.01
-0.008
-0.007
-0.005
-0.004
-0.003
-0.001
0.0
0.0
0.001
0.002
0.003
0.005
0.006
0.007
0.008
0.009
0.01
0.011
0.012
0.014
0.016
0.017
0.02
0.025
0.031
0.038
0.044
0.049
0.052
0.056
0.059
0.062
0.064
0.065
0.066
0.067
0.067
0.067
0.068
0.068
0.068
0.068
0.068
0.068
0.068
0.067
0.066
0.065
0.064
0.063
0.061
0.06
0.059
0.059
0.058
0.058
0.058
0.058
0.059
0.06
0.061
0.062
0.063
0.065
0.066
0.068
0.07
0.073
0.076
0.08
0.085
0.089
0.104
0.135
0.178
0.229
0.297
0.378
0.46
0.514
0.533
0.506
0.425
0.285
0.135
0.007
-0.061
-0.083
-0.069
-0.027
0.031
0.074
0.097
0.107
0.115
0.12
0.125
0.129
0.134
0.138
0.142
0.145
0.148
0.152
0.156
0.159
0.163
0.166
0.169
0.172
0.174
0.175
0.176
0.175
0.172
0.168
0.162
0.154
0.146
0.128
0.092
0.06
0.024
-0.007
-0.029
-0.038
-0.044
-0.048
-0.052
-0.055
-0.056
-0.054
-0.048
-0.04
-0.031
-0.022
-0.01
0.002
0.014
0.027
0.041
0.056
0.071
0.088
0.098
0.106
0.113
0.118
0.122
0.124
0.125
0.125
0.126
0.126
0.127
0.128
0.13
0.128
0.114
0.093
0.065
0.038
0.01
-0.018
-0.047
-0.077
-0.106
-0.129
-0.146
-0.161
-0.174
-0.185
-0.196
-0.208
-0.218
-0.225
-0.231
-0.237
-0.243
-0.249
-0.255
-0.259
-0.263
-0.267
-0.271
-0.273
-0.274
-0.271
-0.266
-0.259
-0.251
-0.245
-0.241
-0.238
-0.234
-0.231
-0.228
-0.225
-0.223
-0.22
-0.218
-0.216
-0.215
-0.214
-0.214
-0.212
-0.212
-0.211
-0.211
-0.211
-0.21
-0.21
-0.209
-0.208
-0.207
-0.205
-0.204
-0.203
-0.201
-0.199
-0.197
-0.195
-0.193
-0.19
-0.187
-0.183
-0.18
-0.177
-0.174
-0.172
-0.171
-0.17
-0.168
-0.167
-0.166
-0.165
-0.163
-0.162
-0.161
-0.16
-0.159
-0.158
-0.157
-0.157
-0.156
-0.155
-0.153
-0.15
-0.147
-0.144
-0.14
-0.137
-0.135
-0.133
-0.13
-0.128
-0.126
-0.124
-0.122
-0.12
-0.118
-0.116
-0.114
-0.111
-0.109
-0.107
-0.104
-0.1
-0.094
-0.085
-0.076
-0.065
-0.054
-0.047
-0.042
-0.037
-0.032
-0.028
-0.024
-0.02
-0.017
-0.016
-0.015
-0.016
-0.017
-0.019
-0.021
-0.024
-0.027
-0.03
-0.033
-0.037
-0.04
-0.044
-0.048
-0.052
-0.058
-0.063
-0.068
-0.071
-0.073
-0.075
-0.076
-0.076
-0.077
-0.078
-0.079
-0.081
-0.082
-0.084
-0.085
-0.086
-0.086
-0.085
-0.082
-0.077
-0.071
-0.064
-0.05
-0.028
0.001
0.047
0.107
0.182
0.268
0.352
0.414
0.42
0.389
0.281
0.129
-0.027
-0.15
-0.201
-0.204
-0.165
-0.097
-0.075
-0.068
-0.066
-0.063
-0.06
-0.053
-0.045
-0.04
-0.036
-0.033
-0.03
-0.028
-0.025
-0.022
-0.017
-0.012
-0.007
-0.003
0.0
0.003
0.007
0.011
0.017
0.022
0.027
0.032
0.036
0.04
0.044
0.047
0.052
0.057
0.063
0.069
0.076
0.082
0.087
0.092
0.097
0.105
0.113
0.123
0.132
0.141
0.152
0.165
0.177
0.189
0.202
0.214
0.226
0.236
0.242
0.247
0.25
0.253
0.256
0.258
0.259
0.26
0.26
0.259
0.258
0.255
0.252
0.248
0.243
0.238
0.231
0.222
0.205
0.192
0.182
0.172
0.158
0.139
0.119
0.1
0.087
0.07
0.046
0.022
-0.003
-0.028
-0.045
-0.062
-0.078
-0.095
-0.114
-0.121
-0.124
-0.126
-0.128
-0.13
-0.132
-0.133
-0.135
-0.136
-0.137
-0.139
-0.14
-0.141
-0.141
-0.141
-0.14
-0.139
-0.137
-0.136
-0.136
-0.136
-0.136
-0.136
-0.137
-0.137
-0.137
-0.137
-0.136
-0.134
-0.131
-0.129
-0.126
-0.123
-0.121
-0.119
-0.118
-0.117
-0.115
-0.113
-0.11
-0.107
-0.103
-0.1
-0.097
-0.094
-0.092
-0.09
-0.09
-0.091
-0.093
-0.095
-0.097
-0.1
-0.102
-0.105
-0.108
-0.111
-0.115
-0.118
-0.122
-0.127
-0.132
-0.136
-0.14
-0.143
-0.145
-0.147
-0.149
-0.15
-0.152
-0.154
-0.157
-0.16
-0.162
-0.165
-0.167
-0.168
-0.168
-0.168
-0.166
-0.163
-0.158
-0.153
-0.148
-0.143
-0.138
-0.134
-0.129
-0.121
-0.113
-0.105
-0.099
-0.094
-0.09
-0.086
-0.082
-0.078
-0.073
-0.069
-0.064
-0.059
-0.053
-0.045
-0.035
-0.022
-0.011
-0.002
0.005
0.012
0.022
0.033
0.039
0.042
0.045
0.047
0.05
0.052
0.055
0.058
0.061
0.064
0.066
0.069
0.072
0.076
0.083
0.098
0.11
0.119
0.129
0.139
0.151
0.164
0.177
0.189
0.2
0.211
0.224
0.239
0.255
0.265
0.272
0.278
0.284
0.289
0.294
0.302
0.317
0.342
0.384
0.444
0.52
0.608
0.706
0.765
0.77
0.74
0.625
0.462
0.294
0.158
0.109
0.111
0.173
0.246
0.285
0.296
0.303
0.308
0.313
0.317
0.321
0.323
0.324
0.324
0.325
0.325
0.325
0.326
0.328
0.329
0.331
0.332
0.332
0.332
0.332
0.333
0.335
0.338
0.342
0.349
0.364
0.383
0.395
0.403
0.409
0.415
0.421
0.427
0.432
0.436
0.44
0.444
0.448
0.452
0.456
0.459
0.462
0.465
0.468
0.472
0.476
0.481
0.488
0.495
0.503
0.511
0.519
0.525
0.53
0.535
0.539
0.542
0.545
0.546
0.546
0.545
0.543
0.54
0.535
0.53
0.524
0.517
0.504
0.491
0.481
0.469
0.454
0.436
0.419
0.401
0.384
0.369
0.356
0.344
0.332
0.317
0.3
0.283
0.266
0.249
0.233
0.218
0.202
0.181
0.165
0.154
0.146
0.137
0.129
0.121
0.113
0.106
0.098
0.089
0.08
0.071
0.061
0.052
0.043
0.034
0.026
0.019
0.012
0.005
0.0
-0.006
-0.012
-0.018
-0.025
-0.031
-0.037
-0.044
-0.05
-0.057
-0.064
-0.07
-0.075
-0.078
-0.079
-0.081
-0.081
-0.082
-0.083
-0.085
-0.087
-0.089
-0.091
-0.093
-0.094
-0.095
-0.096
-0.097
-0.098
-0.099
-0.101
-0.103
-0.106
-0.11
-0.114
-0.117
-0.121
-0.124
-0.127
-0.13
-0.132
-0.134
-0.136
-0.138
-0.14
-0.142
-0.143
-0.145
-0.146
-0.147
-0.148
-0.149
-0.15
-0.151
-0.152
-0.154
-0.155
-0.155
-0.156
-0.156
-0.155
-0.154
-0.152
-0.149
-0.145
-0.141
-0.136
-0.131
-0.126
-0.121
-0.118
-0.114
-0.112
-0.109
-0.108
-0.106
-0.105
-0.103
-0.102
-0.1
-0.098
-0.096
-0.094
-0.092
-0.09
-0.088
-0.086
-0.084
-0.082
-0.08
-0.079
-0.077
-0.075
-0.073
-0.071
-0.07
-0.068
-0.067
-0.065
-0.065
-0.065
-0.066
-0.067
-0.069
-0.071
-0.073
-0.076
-0.078
-0.081
-0.082
-0.083
-0.084
-0.085
-0.086
-0.086
-0.088
-0.091
-0.093
-0.092
-0.088
-0.081
-0.071
-0.058
-0.037
-0.013
0.018
0.053
0.105
0.166
0.236
0.309
0.355
0.37
0.344
0.267
0.133
-0.017
-0.145
-0.201
-0.22
-0.202
-0.147
-0.096
-0.073
-0.06
-0.052
-0.041
-0.025
-0.005
0.016
0.031
0.038
0.041
0.044
0.046
0.048
0.05
0.051
0.052
0.053
0.054
0.055
0.056
0.058
0.06
0.063
0.064
0.066
0.068
0.069
0.07
0.071
0.073
0.076
0.081
0.087
0.093
0.099
0.106
0.114
0.123
0.133
0.144
0.158
0.172
0.181
0.188
0.194
0.2
0.205
0.209
0.212
0.215
0.218
0.221
0.223
0.225
0.227
0.229
0.232
0.235
0.237
0.239
0.24
0.24
0.239
0.237
0.234
0.23
0.225
0.219
0.213
0.204
0.187
0.171
0.157
0.134
0.102
0.071
0.043
0.023
0.008
-0.007
-0.029
-0.053
-0.062
-0.066
-0.069
-0.071
-0.075
-0.078
-0.081
-0.084
-0.087
-0.09
-0.092
-0.093
-0.094
-0.094
-0.095
-0.096
-0.097
-0.098
-0.1
-0.101
-0.103
-0.104
-0.105
-0.105
-0.106
-0.106
-0.107
-0.108
-0.11
-0.113
-0.116
-0.119
-0.122
-0.125
-0.128
-0.13
-0.133
-0.135
-0.137
-0.139
-0.14
-0.142
-0.143
-0.144
-0.145
-0.145
-0.146
-0.146
-0.147
-0.148
-0.148
-0.149
-0.15
-0.151
-0.152
-0.154
-0.155
-0.158
-0.161
-0.163
-0.165
-0.167
-0.169
-0.171
-0.173
-0.174
-0.176
-0.178
-0.179
-0.181
-0.182
-0.183
-0.182
-0.181
-0.178
-0.175
-0.171
-0.168
-0.164
-0.161
-0.159
-0.157
-0.156
-0.156
-0.155
-0.154
-0.153
-0.152
-0.15
-0.149
-0.148
-0.147
-0.146
-0.145
-0.144
-0.142
-0.141
-0.14
-0.138
-0.137
-0.137
-0.137
-0.138
-0.139
-0.14
-0.141
-0.143
-0.145
-0.148
-0.151
-0.155
-0.167
-0.183
-0.191
-0.195
-0.199
-0.203
-0.206
-0.208
-0.21
-0.212
-0.214
-0.215
-0.216
-0.217
-0.217
-0.217
-0.216
-0.215
-0.213
-0.212
-0.21
-0.207
-0.205
-0.201
-0.197
-0.191
-0.177
-0.146
-0.098
-0.043
0.019
0.08
0.124
0.14
0.124
0.075
-0.025
-0.148
-0.265
-0.351
-0.381
-0.382
-0.353
-0.316
-0.269
-0.242
-0.213
-0.187
-0.174
-0.168
-0.163
-0.16
-0.155
-0.149
-0.143
-0.136
-0.128
-0.114
-0.093
-0.077
-0.071
-0.068
-0.065
-0.062
-0.06
-0.058
-0.056
-0.054
-0.051
-0.049
-0.047
-0.045
-0.044
-0.043
-0.04
-0.038
-0.033
-0.025
-0.016
-0.006
0.002
0.011
0.019
0.028
0.04
0.052
0.063
0.073
0.083
0.09
0.096
0.101
0.106
0.11
0.114
0.118
0.123
0.128
0.134
0.141
0.152
0.169
0.183
0.192
0.198
0.203
0.207
0.208
0.206
0.202
0.195
0.187
0.176
0.158
0.142
0.125
0.108
0.093
0.079
0.064
0.052
0.037
0.019
0.004
-0.007
-0.019
-0.032
-0.044
-0.058
-0.071
-0.081
-0.087
-0.093
-0.094
-0.094
-0.095
-0.095
-0.095
-0.096
-0.096
-0.097
-0.097
-0.098
-0.098
-0.097
-0.097
-0.098
-0.098
-0.098
-0.099
-0.1
-0.1
-0.101
-0.102
-0.102
-0.102
-0.103
-0.103
-0.103
-0.103
-0.103
-0.104
-0.105
-0.106
-0.106
-0.106
-0.107
-0.107
-0.106
-0.105
-0.104
-0.103
-0.102
-0.101
-0.099
-0.098
-0.096
-0.094
-0.091
-0.088
-0.078
-0.054
-0.034
-0.02
-0.008
0.004
0.015
0.015
0.016
0.017
0.017
0.017
0.017
0.017
0.015
0.013
0.01
0.008
0.004
0.002
0.0
0.0
-0.001
-0.001
-0.001
-0.002
-0.002
-0.002
-0.002
-0.003
-0.004
-0.005
-0.006
-0.007
-0.008
-0.009
-0.01
-0.011
-0.012
-0.014
-0.016
-0.019
-0.023
-0.029
-0.036
-0.043
-0.05
-0.056
-0.059
-0.061
-0.063
-0.065
-0.067
-0.068
-0.07
-0.071
-0.073
-0.075
-0.077
-0.077
-0.077
-0.078
-0.078
-0.078
-0.078
-0.078
-0.079
-0.081
-0.084
-0.086
-0.088
-0.088
-0.086
-0.08
-0.073
-0.047
-0.017
0.025
0.084
0.156
0.234
0.305
0.344
0.344
0.303
0.2
0.063
-0.07
-0.167
-0.191
-0.188
-0.147
-0.105
-0.073
-0.064
-0.057
-0.05
-0.044
-0.038
-0.031
-0.024
-0.019
-0.013
-0.009
-0.006
-0.003
0.0
0.002
0.006
0.011
0.016
0.021
0.026
0.032
0.037
0.042
0.046
0.049
0.052
0.055
0.058
0.062
0.066
0.071
0.075
0.081
0.086
0.093
0.099
0.104
0.11
0.116
0.122
0.13
0.141
0.153
0.167
0.181
0.191
0.199
0.205
0.212
0.218
0.226
0.234
0.242
0.248
0.255
0.262
0.269
0.276
0.282
0.288
0.292
0.291
0.286
0.278
0.271
0.262
0.252
0.243
0.227
0.208
0.194
0.183
0.172
0.159
0.141
0.122
0.103
0.084
0.065
0.046
0.025
0.0
-0.022
-0.038
-0.051
-0.061
-0.065
-0.067
-0.07
-0.072
-0.074
-0.076
-0.077
-0.079
-0.079
-0.08
-0.08
-0.078
-0.077
-0.074
-0.072
-0.07
-0.068
-0.066
-0.065
-0.063
-0.062
-0.06
-0.058
-0.055
-0.052
-0.05
-0.05
-0.05
-0.052
-0.054
-0.057
-0.06
-0.064
-0.07
-0.077
-0.084
-0.091
-0.099
-0.106
-0.114
-0.121
-0.127
-0.136
-0.147
-0.154
-0.158
-0.16
-0.162
-0.163
-0.164
-0.165
-0.165
-0.165
-0.165
-0.164
-0.162
-0.16
-0.158
-0.155
-0.153
-0.151
-0.148
-0.145
-0.142
-0.139
-0.136
-0.134
-0.132
-0.128
-0.124
-0.117
-0.105
-0.099
-0.097
-0.095
-0.093
-0.092
-0.09
-0.088
-0.086
-0.083
-0.081
-0.079
-0.077
-0.075
-0.073
-0.072
-0.07
-0.068
-0.066
-0.065
-0.063
-0.062
-0.06
-0.059
-0.059
-0.06
-0.062
-0.064
-0.066
-0.068
-0.07
-0.072
-0.074
-0.076
-0.078
-0.08
-0.083
-0.085
-0.088
-0.09
-0.092
-0.093
-0.093
-0.093
-0.093
-0.092
-0.091
-0.089
-0.087
-0.084
-0.081
-0.076
-0.068
-0.048
-0.018
0.028
0.09
0.168
0.259
0.348
0.408
0.411
0.366
0.241
0.077
-0.078
-0.183
-0.221
-0.22
-0.176
-0.125
-0.089
-0.077
-0.072
-0.07
-0.068
-0.066
-0.065
-0.062
-0.06
-0.057
-0.053
-0.048
-0.041
-0.029
-0.02
-0.016
-0.013
-0.011
-0.009
-0.007
-0.005
-0.002
0.0
0.002
0.005
0.008
0.013
0.025
0.044
0.054
0.06
0.065
0.071
0.076
0.08
0.084
0.087
0.09
0.094
0.096
0.099
0.104
0.114
0.13
0.145
0.162
0.179
0.191
0.2
0.209
0.219
0.231
0.239
0.244
0.248
0.253
0.257
0.262
0.272
0.282
0.287
0.29
0.29
0.283
0.277
0.271
0.265
0.256
0.241
0.22
0.196
0.176
0.163
0.152
0.139
0.12
0.095
0.073
0.056
0.043
0.025
0.004
-0.012
-0.025
-0.04
-0.053
-0.063
-0.072
-0.078
-0.082
-0.085
-0.088
-0.09
-0.092
-0.091
-0.088
-0.083
-0.076
-0.069
-0.063
-0.055
-0.047
-0.041
-0.038
-0.036
-0.034
-0.032
-0.031
-0.03
-0.029
-0.028
-0.028
-0.028
-0.03
-0.034
-0.038
-0.042
-0.046
-0.05
-0.054
-0.058
-0.061
-0.063
-0.064
-0.064
-0.063
-0.062
-0.06
-0.057
-0.053
-0.048
-0.044
-0.039
-0.029
-0.024
-0.022
-0.019
-0.016
-0.013
-0.012
-0.013
-0.017
-0.02
-0.021
-0.021
-0.021
-0.022
-0.023
-0.024
-0.024
-0.025
-0.025
-0.025
-0.025
-0.025
-0.025
-0.025
-0.026
-0.026
-0.026
-0.027
-0.027
-0.026
-0.026
-0.027
-0.027
-0.028
-0.028
-0.028
-0.027
-0.027
-0.026
-0.026
-0.025
-0.023
-0.022
-0.019
-0.017
-0.015
-0.014
-0.012
-0.011
-0.009
-0.006
-0.003
-0.001
0.0
0.0
0.0
-0.003
-0.006
-0.01
-0.015
-0.02
-0.027
-0.035
-0.042
-0.049
-0.052
-0.055
-0.057
-0.058
-0.06
-0.062
-0.063
-0.064
-0.066
-0.067
-0.067
-0.067
-0.066
-0.065
-0.064
-0.062
-0.06
-0.057
-0.053
-0.049
-0.046
-0.037
-0.012
0.032
0.093
0.173
0.263
0.351
0.41
0.414
0.373
0.252
0.094
-0.063
-0.19
-0.239
-0.239
-0.193
-0.144
-0.105
-0.095
-0.089
-0.082
-0.075
-0.069
-0.063
-0.057
-0.053
-0.048
-0.044
-0.04
-0.038
-0.035
-0.03
-0.022
-0.009
0.007
0.026
0.041
0.049
0.055
0.059
0.065
0.074
0.084
0.093
0.101
0.11
0.118
0.126
0.132
0.137
0.141
0.146
0.151
0.156
0.161
0.165
0.17
0.174
0.178
0.182
0.186
0.189
0.192
0.195
0.198
0.202
0.205
0.208
0.21
0.211
0.213
0.215
0.217
0.22
0.223
0.226
0.228
0.229
0.231
0.232
0.233
0.233
0.235
0.237
0.24
0.244
0.245
0.243
0.238
0.23
0.217
0.196
0.162
0.116
0.086
0.053
0.023
-0.001
-0.031
-0.053
-0.066
-0.074
-0.077
-0.078
-0.079
-0.079
-0.079
-0.079
-0.079
-0.079
-0.08
-0.08
-0.079
-0.078
-0.077
-0.077
-0.076
-0.074
-0.073
-0.071
-0.07
-0.071
-0.071
-0.072
-0.073
-0.074
-0.075
-0.077
-0.079
-0.08
-0.082
-0.083
-0.084
-0.085
-0.086
-0.088
-0.09
-0.092
-0.093
-0.095
-0.095
-0.095
-0.093
-0.089
-0.084
-0.079
-0.074
-0.069
-0.065
-0.06
-0.055
-0.05
-0.047
-0.045
-0.045
-0.048
-0.052
-0.057
-0.063
-0.068
-0.072
-0.075
-0.078
-0.08
-0.082
-0.084
-0.086
-0.088
-0.09
-0.091
-0.093
-0.095
-0.096
-0.097
-0.097
-0.097
-0.097
-0.096
-0.096
-0.095
-0.095
-0.094
-0.094
-0.093
-0.093
-0.092
-0.091
-0.09
-0.089
-0.088
-0.086
-0.085
-0.083
-0.081
-0.079
-0.077
-0.075
-0.073
-0.071
-0.069
-0.068
-0.066
-0.064
-0.062
-0.06
-0.058
-0.057
-0.056
-0.055
-0.055
-0.055
-0.055
-0.056
-0.057
-0.058
-0.059
-0.059
-0.06
-0.061
-0.062
-0.063
-0.065
-0.066
-0.067
-0.068
-0.07
-0.071
-0.073
-0.073
-0.073
-0.073
-0.073
-0.073
-0.072
-0.071
-0.07
-0.069
-0.068
-0.066
-0.065
-0.062
-0.043
-0.012
0.018
0.075
0.144
0.225
0.309
0.382
0.415
0.413
0.366
0.262
0.124
-0.018
-0.131
-0.175
-0.176
-0.141
-0.085
-0.047
-0.036
-0.029
-0.02
-0.011
0.006
0.023
0.027
0.028
0.029
0.029
0.029
0.029
0.029
0.029
0.031
0.032
0.033
0.034
0.035
0.036
0.038
0.04
0.042
0.045
0.05
0.055
0.064
0.074
0.083
0.093
0.102
0.108
0.113
0.117
0.12
0.123
0.125
0.128
0.131
0.133
0.136
0.138
0.14
0.141
0.143
0.146
0.148
0.151
0.153
0.156
0.159
0.162
0.165
0.168
0.171
0.174
0.177
0.18
0.183
0.186
0.19
0.197
0.204
0.207
0.204
0.196
0.185
0.171
0.151
0.138
0.124
0.11
0.094
0.078
0.061
0.044
0.026
0.008
-0.003
-0.019
-0.04
-0.058
-0.07
-0.083
-0.09
-0.096
-0.1
-0.103
-0.104
-0.102
-0.099
-0.094
-0.089
-0.084
-0.077
-0.069
-0.063
-0.058
-0.054
-0.05
-0.047
-0.043
-0.039
-0.034
-0.03
-0.026
-0.022
-0.015
-0.005
0.0
0.003
0.006
0.008
0.01
0.009
0.002
-0.005
-0.013
-0.022
-0.029
-0.033
-0.035
-0.036
-0.036
-0.037
-0.038
-0.038
-0.039
-0.039
-0.04
-0.039
-0.039
-0.039
-0.039
-0.038
-0.038
-0.038
-0.037
-0.037
-0.037
-0.038
-0.039
-0.04
-0.041
-0.041
-0.042
-0.043
-0.043
-0.044
-0.043
-0.043
-0.041
-0.04
-0.039
-0.038
-0.038
-0.037
-0.036
-0.034
-0.033
-0.032
-0.032
-0.03
-0.028
-0.026
-0.022
-0.019
-0.016
-0.012
-0.009
-0.007
-0.005
-0.004
-0.004
-0.005
-0.007
-0.009
-0.011
-0.013
-0.015
-0.016
-0.017
-0.018
-0.018
-0.019
-0.02
-0.023
-0.025
-0.027
-0.03
-0.032
-0.034
-0.036
-0.038
-0.038
-0.037
-0.035
-0.033
-0.03
-0.028
-0.025
-0.021
-0.018
-0.015
-0.014
-0.012
-0.01
-0.007
-0.003
0.0
0.004
0.008
0.011
0.013
0.016
0.02
0.024
0.029
0.041
0.063
0.096
0.134
0.181
0.235
0.287
0.317
0.319
0.294
0.217
0.104
-0.028
-0.155
-0.247
-0.277
-0.275
-0.238
-0.192
-0.169
-0.151
-0.132
-0.112
-0.089
-0.076
-0.069
-0.064
-0.061
-0.059
-0.06
-0.061
-0.064
-0.067
-0.07
-0.072
-0.074
-0.076
-0.078
-0.079
-0.081
-0.082
-0.084
-0.084
-0.084
-0.083
-0.082
-0.08
-0.077
-0.074
-0.07
-0.066
-0.06
-0.05
-0.042
-0.035
-0.028
-0.021
-0.012
0.0
0.014
0.03
0.041
0.05
0.058
0.066
0.074
0.078
0.082
0.085
0.088
0.09
0.092
0.094
0.096
0.098
0.1
0.102
0.104
0.105
0.107
0.109
0.112
0.115
0.117
0.117
0.115
0.111
0.105
0.098
0.087
0.069
0.053
0.037
0.022
0.008
-0.009
-0.032
-0.055
-0.076
-0.087
-0.094
-0.098
-0.101
-0.102
-0.102
-0.1
-0.099
-0.097
-0.094
-0.091
-0.089
-0.094
-0.102
-0.106
-0.108
-0.11
-0.112
-0.114
-0.116
-0.118
-0.12
-0.122
-0.124
-0.125
-0.125
-0.125
-0.124
-0.123
-0.123
-0.122
-0.12
-0.118
-0.115
-0.113
-0.11
-0.109
-0.107
-0.104
-0.099
-0.093
-0.088
-0.086
-0.085
-0.084
-0.082
-0.078
-0.078
-0.082
-0.084
-0.085
-0.087
-0.088
-0.088
-0.089
-0.089
-0.091
-0.092
-0.093
-0.094
-0.095
-0.096
-0.096
-0.097
-0.098
-0.099
-0.1
-0.101
-0.102
-0.103
-0.106
-0.109
-0.111
-0.112
-0.11
-0.106
-0.101
-0.096
-0.091
-0.083
-0.076
-0.071
-0.066
-0.063
-0.06
-0.058
-0.056
-0.053
-0.05
-0.046
-0.043
-0.039
-0.035
-0.032
-0.028
-0.024
-0.02
-0.016
-0.012
-0.008
-0.005
-0.001
0.001
0.004
0.007
0.011
0.015
0.02
0.027
0.04
0.05
0.064
0.08
0.109
0.143
0.154
0.157
0.159
0.16
0.161
0.161
0.161
0.161
0.161
0.16
0.158
0.156
0.153
0.149
0.145
0.138
0.134
0.137
0.144
0.167
0.197
0.239
0.294
0.356
0.418
0.475
0.527
0.58
0.635
0.678
0.679
0.644
0.543
0.406
0.262
0.144
0.094
0.077
0.087
0.104
0.125
0.15
0.174
0.186
0.191
0.196
0.199
0.201
0.203
0.205
0.206
0.205
0.205
0.203
0.201
0.199
0.196
0.193
0.189
0.185
0.181
0.177
0.172
0.168
0.163
0.158
0.152
0.146
0.142
0.139
0.137
0.134
0.131
0.127
0.125
0.125
0.129
0.136
0.144
0.153
0.167
0.174
0.178
0.181
0.183
0.186
0.188
0.192
0.195
0.2
0.206
0.217
0.237
0.254
0.266
0.274
0.279
0.282
0.285
0.287
0.288
0.288
0.287
0.285
0.282
0.277
0.269
0.251
0.235
0.224
0.214
0.201
0.186
0.161
0.129
0.111
0.091
0.073
0.057
0.039
0.022
0.009
-0.001
-0.011
-0.019
-0.03
-0.043
-0.05
-0.055
-0.06
-0.064
-0.068
-0.07
-0.071
-0.071
-0.071
-0.07
-0.07
-0.069
-0.069
-0.068
-0.068
-0.068
-0.068
-0.068
-0.068
-0.067
-0.066
-0.065
-0.065
-0.064
-0.063
-0.062
-0.061
-0.061
-0.06
-0.061
-0.061
-0.062
-0.062
-0.063
-0.063
-0.064
-0.065
-0.067
-0.068
-0.07
-0.071
-0.073
-0.075
-0.077
-0.08
-0.082
-0.084
-0.085
-0.087
-0.09
-0.092
-0.095
-0.097
-0.098
-0.099
-0.099
-0.099
-0.097
-0.095
-0.092
-0.089
-0.085
-0.081
-0.077
-0.072
-0.067
-0.062
-0.059
-0.057
-0.055
-0.054
-0.053
-0.051
-0.05
-0.048
-0.047
-0.045
-0.043
-0.041
-0.037
-0.033
-0.029
-0.025
-0.019
-0.01
-0.002
0.004
0.01
0.013
0.016
0.019
0.021
0.024
0.026
0.028
0.03
0.03
0.03
0.03
0.029
0.028
0.027
0.026
0.024
0.021
0.019
0.016
0.014
0.011
0.007
0.001
-0.004
-0.009
-0.015
-0.02
-0.023
-0.026
-0.029
-0.032
-0.035
-0.037
-0.039
-0.041
-0.043
-0.044
-0.045
-0.046
-0.046
-0.045
-0.044
-0.044
-0.043
-0.043
-0.042
-0.041
-0.04
-0.038
-0.036
-0.034
-0.02
0.016
0.071
0.142
0.235
0.337
0.428
0.473
0.47
0.403
0.259
0.08
-0.079
-0.177
-0.2
-0.19
-0.119
-0.06
-0.036
-0.031
-0.029
-0.026
-0.022
-0.017
-0.013
-0.009
-0.003
0.003
0.012
0.024
0.037
0.041
0.044
0.047
0.05
0.053
0.056
0.058
0.059
0.061
0.062
0.063
0.064
0.066
0.066
0.066
0.067
0.067
0.067
0.067
0.067
0.068
0.069
0.071
0.074
0.078
0.083
0.088
0.094
0.099
0.104
0.109
0.112
0.116
0.121
0.125
0.13
0.135
0.142
0.154
0.167
0.178
0.187
0.196
0.207
0.214
0.22
0.225
0.229
0.232
0.232
0.23
0.227
0.222
0.216
0.204
0.185
0.171
0.16
0.147
0.132
0.111
0.088
0.066
0.044
0.023
0.003
-0.017
-0.035
-0.049
-0.062
-0.07
-0.075
-0.078
-0.081
-0.083
-0.087
-0.09
-0.094
-0.097
-0.101
-0.104
-0.108
-0.112
-0.115
-0.116
-0.117
-0.117
-0.117
-0.118
-0.12
-0.122
-0.123
-0.123
-0.122
-0.12
-0.117
-0.114
-0.109
-0.11
-0.119
-0.123
-0.126
-0.129
-0.132
-0.135
-0.135
-0.135
-0.134
-0.133
-0.132
-0.131
-0.13
-0.128
-0.126
-0.125
-0.123
-0.123
-0.123
-0.123
-0.124
-0.124
-0.125
-0.127
-0.129
-0.131
-0.132
-0.133
-0.133
-0.134
-0.135
-0.136
-0.137
-0.138
-0.139
-0.14
-0.14
-0.139
-0.137
-0.134
-0.13
-0.126
-0.122
-0.118
-0.113
-0.109
-0.105
-0.101
-0.099
-0.098
-0.097
-0.097
-0.097
-0.096
-0.096
-0.095
-0.094
-0.093
-0.092
-0.09
-0.09
-0.088
-0.087
-0.086
-0.084
-0.082
-0.08
-0.078
-0.075
-0.071
-0.067
-0.062
-0.058
-0.053
-0.049
-0.043
-0.033
-0.02
-0.015
-0.013
-0.011
-0.009
-0.008
-0.008
-0.009
-0.013
-0.017
-0.022
-0.026
-0.03
-0.035
-0.04
-0.044
-0.049
-0.052
-0.055
-0.058
-0.061
-0.064
-0.067
-0.069
-0.071
-0.072
-0.074
-0.076
-0.078
-0.08
-0.082
-0.084
-0.086
-0.088
-0.088
-0.086
-0.082
-0.077
-0.069
-0.055
-0.029
0.011
0.073
0.154
0.246
0.339
0.416
0.438
0.424
0.333
0.179
0.013
-0.121
-0.175
-0.193
-0.182
-0.147
-0.109
-0.097
-0.089
-0.083
-0.072
-0.057
-0.045
-0.037
-0.036
-0.042
-0.05
-0.057
-0.057
-0.047
-0.03
-0.01
-0.001
0.001
0.003
0.005
0.008
0.011
0.015
0.018
0.02
0.022
0.025
0.031
0.043
0.054
0.059
0.062
0.065
0.067
0.07
0.073
0.076
0.078
0.079
0.08
0.083
0.088
0.096
0.107
0.122
0.141
0.153
0.159
0.165
0.171
0.178
0.185
0.195
0.209
0.223
0.234
0.242
0.249
0.255
0.259
0.262
0.265
0.268
0.271
0.272
0.272
0.27
0.267
0.261
0.254
0.24
0.217
0.195
0.174
0.154
0.132
0.107
0.081
0.054
0.03
0.013
0.0
-0.012
-0.024
-0.036
-0.048
-0.058
-0.067
-0.076
-0.086
-0.092
-0.096
-0.1
-0.103
-0.105
-0.105
-0.104
-0.102
-0.1
-0.098
-0.097
-0.096
-0.095
-0.094
-0.093
-0.092
-0.091
-0.09
-0.089
-0.089
-0.089
-0.089
-0.089
-0.089
-0.089
-0.089
-0.09
-0.089
-0.089
-0.088
-0.087
-0.085
-0.084
-0.082
-0.081
-0.079
-0.077
-0.075
-0.074
-0.073
-0.072
-0.07
-0.067
-0.064
-0.061
-0.059
-0.058
-0.058
-0.059
-0.059
-0.06
-0.061
-0.063
-0.067
-0.07
-0.071
-0.069
-0.065
-0.061
-0.059
-0.057
-0.054
-0.051
-0.049
-0.049
-0.052
-0.057
-0.063
-0.069
-0.074
-0.079
-0.085
-0.091
-0.094
-0.094
-0.091
-0.085
-0.078
-0.072
-0.063
-0.051
-0.041
-0.037
-0.034
-0.031
-0.026
-0.024
-0.025
-0.027
-0.029
-0.032
-0.034
-0.036
-0.036
-0.031
-0.024
-0.017
-0.012
-0.007
-0.001
0.004
0.007
0.008
0.005
0.0
-0.004
-0.009
-0.014
-0.02
-0.026
-0.031
-0.033
-0.035
-0.035
-0.035
-0.035
-0.036
-0.037
-0.038
-0.039
-0.04
-0.041
-0.042
-0.043
-0.043
-0.042
-0.041
-0.039
-0.038
-0.036
-0.034
-0.032
-0.029
-0.025
-0.021
-0.012
0.01
0.049
0.097
0.156
0.224
0.292
0.349
0.368
0.351
0.296
0.166
0.014
-0.128
-0.204
-0.229
-0.215
-0.173
-0.124
-0.094
-0.087
-0.083
-0.08
-0.077
-0.073
-0.07
-0.066
-0.062
-0.058
-0.054
-0.049
-0.044
-0.04
-0.037
-0.032
-0.028
-0.025
-0.021
-0.018
-0.015
-0.012
-0.01
-0.007
-0.005
-0.002
0.0
0.001
0.003
0.005
0.007
0.009
0.011
0.013
0.016
0.019
0.022
0.025
0.027
0.029
0.032
0.036
0.041
0.052
0.075
0.091
0.101
0.11
0.119
0.133
0.156
0.175
0.185
0.194
0.202
0.208
0.212
0.215
0.218
0.221
0.223
0.225
0.226
0.226
0.226
0.224
0.222
0.218
0.212
0.205
0.195
0.177
0.144
0.116
0.088
0.067
0.05
